step,fitness,genome
0,1.1178875452898841e-05,"[0 1 0 1 0 0 0 1 1 1 0 1 1 1 0 0 1 0 0 0 1 1 0 0 0 0 1 1 1 1 0 0 1 1 1 0 0 1 0 0]"
0,8.518135918893414e-05,"[0 1 1 0 0 1 0 0 0 1 0 0 1 0 1 1 0 0 1 1 1 0 1 1 1 0 0 0 1 1 0 1 1 0 0 0 1 1 0 0]"
0,0.0001256137358657672,"[0 1 1 0 1 0 0 0 0 1 0 0 0 1 0 0 0 0 1 0 0 1 1 1 1 1 0 0 0 1 0 1 0 0 1 0 0 0 0 1]"
0,1.998982907719521e-09,"[0 0 1 0 0 0 1 0 1 0 0 0 1 0 1 0 0 0 1 1 0 1 0 1 1 1 0 1 0 1 0 0 1 0 1 1 1 1 1 1]"
0,1.1178875452898841e-05,"[0 1 0 1 0 0 0 1 1 1 0 1 1 1 0 0 1 0 0 0 1 1 0 0 0 0 1 1 1 1 0 0 1 1 1 0 0 1 0 0]"
0,0.001518356966097495,"[1 0 0 0 0 1 0 1 1 1 0 0 0 1 1 0 1 0 0 1 0 1 1 0 1 0 1 1 1 0 1 1 1 1 0 1 0 0 0 0]"
0,8.93041242229864e-06,"[0 1 0 1 0 0 0 0 0 0 0 0 1 0 1 1 0 0 1 0 1 1 1 1 0 1 1 1 0 1 0 0 1 0 1 1 0 1 1 1]"
0,0.00034616002649018893,"[0 1 1 1 0 0 1 1 0 1 1 0 0 0 1 1 1 1 0 0 1 1 1 0 0 0 0 0 1 0 1 1 1 1 1 0 0 0 1 1]"
0,9.268660187552127e-08,"[0 0 1 1 0 0 1 0 1 0 1 1 0 0 0 1 0 0 1 1 1 0 0 0 0 0 0 0 0 0 1 0 0 1 1 1 1 1 0 1]"
0,0.6305715483955716,"[1 1 1 1 0 1 0 0 0 1 1 1 0 1 1 0 1 0 0 1 0 0 0 0 1 1 1 1 0 1 0 1 1 0 0 0 1 0 1 0]"
0,0.1269027492892481,"[1 1 0 1 0 0 0 0 0 1 0 0 0 0 0 0 0 1 0 0 0 0 0 0 1 0 1 0 1 1 1 1 0 0 0 1 1 0 1 1]"
0,0.35379536057587757,"[1 1 1 0 0 1 1 0 1 0 1 1 1 1 0 0 0 1 1 0 0 1 0 0 0 0 1 1 0 0 1 1 0 0 0 1 1 0 0 0]"
0,0.015119857692390465,"[1 0 1 0 1 0 0 0 0 1 0 1 0 1 1 1 1 1 0 0 0 1 1 0 1 0 0 0 1 1 0 0 1 0 0 0 0 1 1 0]"
0,0.014423091315346036,"[1 0 1 0 0 1 1 1 1 0 0 0 1 1 0 0 1 1 1 0 1 1 1 1 0 1 1 0 0 1 1 0 0 1 0 0 1 0 0 1]"
0,8.956570023715423e-06,"[0 1 0 1 0 0 0 0 0 0 0 1 0 0 0 1 0 0 1 0 1 1 0 1 1 1 1 1 0 0 0 0 0 0 0 0 0 1 0 1]"
0,0.7105490227316914,"[1 1 1 1 0 1 1 1 0 1 1 0 0 1 1 0 0 1 0 1 1 0 1 0 0 1 0 0 0 0 0 1 0 0 0 1 0 1 0 0]"
0,0.5576079057505784,"[1 1 1 1 0 0 0 1 0 1 1 1 1 0 0 1 1 0 1 1 0 0 1 0 0 1 1 1 1 0 1 1 0 1 0 0 1 1 0 0]"
0,0.0026645719761138388,"[1 0 0 0 1 1 0 1 1 0 0 0 0 0 1 1 1 1 0 1 1 1 0 0 0 0 0 1 0 0 0 0 0 0 0 1 0 1 1 1]"
0,0.5973313790751236,"[1 1 1 1 0 0 1 1 0 0 1 0 0 1 0 0 1 0 0 1 0 0 0 1 1 0 1 0 0 1 0 1 0 1 0 0 0 0 1 0]"
0,0.45727347366363563,"[1 1 1 0 1 1 0 0 1 0 1 1 1 0 1 1 0 1 1 1 1 0 0 1 1 1 0 0 0 0 0 0 0 0 0 0 0 0 0 0]"
0,0.6305715483955716,"[1 1 1 1 0 1 0 0 0 1 1 1 0 1 1 0 1 0 0 1 0 0 0 0 1 1 1 1 0 1 0 1 1 0 0 0 1 0 1 0]"
0,0.1269027492892481,"[1 1 0 1 0 0 0 0 0 1 0 0 0 0 0 0 0 1 0 0 0 0 0 0 1 0 1 0 1 1 1 1 0 0 0 1 1 0 1 1]"
0,0.0022562250627830836,"[1 0 0 0 1 0 1 1 0 0 1 0 1 1 1 0 0 0 1 1 0 0 0 1 0 1 0 1 1 1 0 0 0 0 1 0 1 1 0 1]"
0,0.3297282768116864,"[1 1 1 0 0 1 0 1 0 0 0 1 1 1 0 1 1 0 1 1 0 1 1 1 1 1 1 0 1 0 1 0 0 1 0 1 0 0 0 1]"
0,8.93041242229864e-06,"[0 1 0 1 0 0 0 0 0 0 0 0 1 0 1 1 0 0 1 0 1 1 1 1 0 1 1 1 0 1 0 0 1 0 1 1 0 1 1 1]"
0,0.45727347366363563,"[1 1 1 0 1 1 0 0 1 0 1 1 1 0 1 1 0 1 1 1 1 0 0 1 1 1 0 0 0 0 0 0 0 0 0 0 0 0 0 0]"
0,1.1178875452898841e-05,"[0 1 0 1 0 0 0 1 1 1 0 1 1 1 0 0 1 0 0 0 1 1 0 0 0 0 1 1 1 1 0 0 1 1 1 0 0 1 0 0]"
0,0.06362185913023932,"[1 1 0 0 0 0 1 0 0 1 0 1 1 0 1 1 0 1 1 1 0 0 0 0 0 1 1 1 1 1 1 0 1 0 0 0 0 0 0 0]"
0,3.411447087184849e-05,"[0 1 0 1 1 0 1 1 1 0 0 0 0 1 1 0 0 0 0 1 0 1 0 0 1 1 0 0 1 1 0 0 1 0 1 0 0 0 1 0]"
0,2.510114626947516e-06,"[0 1 0 0 0 1 1 0 1 0 0 0 0 0 0 0 1 1 0 1 0 1 1 0 1 1 1 1 0 0 0 1 1 1 1 0 0 1 0 0]"
0,0.6305715483955716,"[1 1 1 1 0 1 0 0 0 1 1 1 0 1 1 0 1 0 0 1 0 0 0 0 1 1 1 1 0 1 0 1 1 0 0 0 1 0 1 0]"
0,2.776238927656243e-06,"[0 1 0 0 0 1 1 1 0 0 1 1 0 1 1 1 1 0 1 0 0 0 1 0 1 0 0 0 0 1 1 0 1 1 1 1 1 0 0 1]"
0,8.518135918893414e-05,"[0 1 1 0 0 1 0 0 0 1 0 0 1 0 1 1 0 0 1 1 1 0 1 1 1 0 0 0 1 1 0 1 1 0 0 0 1 1 0 0]"
0,0.18230612167985552,"[1 1 0 1 0 1 1 1 1 1 1 0 1 1 1 0 1 1 1 1 1 1 0 0 0 0 0 0 0 1 0 0 1 0 1 1 0 1 1 1]"
0,8.518135918893414e-05,"[0 1 1 0 0 1 0 0 0 1 0 0 1 0 1 1 0 0 1 1 1 0 1 1 1 0 0 0 1 1 0 1 1 0 0 0 1 1 0 0]"
0,0.02751111828811498,"[1 0 1 1 0 0 1 0 1 0 1 1 1 0 1 0 0 0 1 0 1 1 0 1 1 0 0 0 0 0 0 1 0 0 0 1 0 1 1 0]"
0,1.7215000527105137e-07,"[0 0 1 1 0 1 0 1 1 1 1 0 1 1 1 0 0 0 0 1 0 1 1 0 1 0 0 0 0 0 0 1 1 1 0 0 0 0 1 0]"
0,0.0005238691668776513,"[0 1 1 1 1 0 0 0 0 1 0 0 0 1 0 1 0 1 1 1 1 0 0 0 0 1 0 1 0 1 1 1 1 1 0 1 0 1 1 1]"
0,0.02751111828811498,"[1 0 1 1 0 0 1 0 1 0 1 1 1 0 1 0 0 0 1 0 1 1 0 1 1 0 0 0 0 0 0 1 0 0 0 1 0 1 1 0]"
0,0.7105490227316914,"[1 1 1 1 0 1 1 1 0 1 1 0 0 1 1 0 0 1 0 1 1 0 1 0 0 1 0 0 0 0 0 1 0 0 0 1 0 1 0 0]"
0,2.776238927656243e-06,"[0 1 0 0 0 1 1 1 0 0 1 1 0 1 1 1 1 0 1 0 0 0 1 0 1 0 0 0 0 1 1 0 1 1 1 1 1 0 0 1]"
0,0.017731239092319356,"[1 0 1 0 1 0 1 1 0 0 0 0 1 0 1 1 1 1 0 1 1 1 1 1 0 0 1 1 0 1 1 0 1 1 1 1 0 1 1 0]"
0,0.40312507917916374,"[1 1 1 0 1 0 0 1 1 1 0 0 0 1 0 0 0 1 1 1 0 1 0 0 0 1 0 1 0 1 1 1 1 1 0 0 0 1 1 1]"
0,0.0021737346042155483,"[1 0 0 0 1 0 1 0 1 0 1 0 1 0 0 1 1 0 1 1 1 0 1 0 1 1 1 0 0 1 0 1 0 1 0 0 0 0 1 0]"
0,0.0003970692420138559,"[0 1 1 1 0 1 0 0 1 1 1 1 1 0 1 1 1 1 1 0 1 0 0 1 1 0 0 1 1 0 0 0 0 1 1 1 0 0 0 0]"
0,1.1178875452898841e-05,"[0 1 0 1 0 0 0 1 1 1 0 1 1 1 0 0 1 0 0 0 1 1 0 0 0 0 1 1 1 1 0 0 1 1 1 0 0 1 0 0]"
0,0.0021737346042155483,"[1 0 0 0 1 0 1 0 1 0 1 0 1 0 0 1 1 0 1 1 1 0 1 0 1 1 1 0 0 1 0 1 0 1 0 0 0 0 1 0]"
0,0.00014534656592635016,"[0 1 1 0 1 0 0 1 1 1 0 0 1 1 0 0 0 1 1 1 1 0 0 1 0 1 1 0 0 0 1 0 0 0 0 1 1 0 0 0]"
0,0.6542814405388728,"[1 1 1 1 0 1 0 1 0 1 0 1 1 1 0 1 1 1 1 1 1 1 0 1 1 1 0 0 1 1 0 0 1 0 0 0 1 0 0 1]"
0,0.581871755770198,"[1 1 1 1 0 0 1 0 1 0 0 0 0 0 0 1 1 0 0 1 0 0 0 0 1 0 1 1 0 1 0 1 1 0 0 1 1 1 0 0]"
0,0.0022562250627830836,"[1 0 0 0 1 0 1 1 0 0 1 0 1 1 1 0 0 0 1 1 0 0 0 1 0 1 0 1 1 1 0 0 0 0 1 0 1 1 0 1]"
0,0.00032353068550901553,"[0 1 1 1 0 0 1 0 1 0 0 1 1 1 0 0 1 1 0 0 0 1 0 0 1 0 1 0 0 0 0 0 0 0 1 0 1 1 1 0]"
0,0.0026645719761138388,"[1 0 0 0 1 1 0 1 1 0 0 0 0 0 1 1 1 1 0 1 1 1 0 0 0 0 0 1 0 0 0 0 0 0 0 1 0 1 1 1]"
0,0.35379536057587757,"[1 1 1 0 0 1 1 0 1 0 1 1 1 1 0 0 0 1 1 0 0 1 0 0 0 0 1 1 0 0 1 1 0 0 0 1 1 0 0 0]"
0,0.001677629768627307,"[1 0 0 0 0 1 1 1 0 0 0 1 1 1 0 1 1 1 1 0 1 0 1 1 0 0 1 1 1 0 0 1 0 0 0 1 0 1 1 1]"
0,0.00014534656592635016,"[0 1 1 0 1 0 0 1 1 1 0 0 1 1 0 0 0 1 1 1 1 0 0 1 0 1 1 0 0 0 1 0 0 0 0 1 1 0 0 0]"
0,0.45727347366363563,"[1 1 1 0 1 1 0 0 1 0 1 1 1 0 1 1 0 1 1 1 1 0 0 1 1 1 0 0 0 0 0 0 0 0 0 0 0 0 0 0]"
0,6.301201468421727e-13,"[0 0 0 0 1 1 1 1 0 1 1 0 1 1 0 0 0 1 1 0 1 0 0 1 0 0 0 0 0 1 0 0 0 0 0 1 0 0 1 0]"
0,0.5576079057505784,"[1 1 1 1 0 0 0 1 0 1 1 1 1 0 0 1 1 0 1 1 0 0 1 0 0 1 1 1 1 0 1 1 0 1 0 0 1 1 0 0]"
0,0.6542814405388728,"[1 1 1 1 0 1 0 1 0 1 0 1 1 1 0 1 1 1 1 1 1 1 0 1 1 1 0 0 1 1 0 0 1 0 0 0 1 0 0 1]"
0,0.2004375432485828,"[1 1 0 1 1 0 0 1 1 1 1 1 1 1 0 1 1 0 0 1 1 0 1 1 0 1 1 1 0 0 0 0 0 0 0 0 0 1 0 1]"
0,0.12021419082699943,"[1 1 0 0 1 1 1 1 0 0 1 0 0 0 0 0 0 1 0 1 1 1 1 0 0 1 0 1 0 0 0 1 1 0 0 0 0 0 0 0]"
0,0.6305715483955716,"[1 1 1 1 0 1 0 0 0 1 1 1 0 1 1 0 1 0 0 1 0 0 0 0 1 1 1 1 0 1 0 1 1 0 0 0 1 0 1 0]"
0,0.0022562250627830836,"[1 0 0 0 1 0 1 1 0 0 1 0 1 1 1 0 0 0 1 1 0 0 0 1 0 1 0 1 1 1 0 0 0 0 1 0 1 1 0 1]"
0,0.02530415184818373,"[1 0 1 1 0 0 0 1 0 0 1 1 1 1 0 1 0 0 1 0 1 0 1 1 0 0 1 0 1 0 1 0 1 0 1 0 1 0 0 1]"
0,0.00014534656592635016,"[0 1 1 0 1 0 0 1 1 1 0 0 1 1 0 0 0 1 1 1 1 0 0 1 0 1 1 0 0 0 1 0 0 0 0 1 1 0 0 0]"
0,0.12790453223558254,"[1 1 0 1 0 0 0 0 0 1 1 0 1 0 1 0 0 0 1 1 0 0 0 0 0 1 1 0 1 0 1 1 0 1 0 0 1 1 0 1]"
0,3.7217787057662783e-05,"[0 1 0 1 1 1 0 0 0 1 0 1 0 0 1 0 1 1 1 1 0 1 1 1 0 1 0 1 0 1 1 1 1 1 1 1 0 0 0 0]"
0,0.1269027492892481,"[1 1 0 1 0 0 0 0 0 1 0 0 0 0 0 0 0 1 0 0 0 0 0 0 1 0 1 0 1 1 1 1 0 0 0 1 1 0 1 1]"
0,0.057269509757771654,"[1 1 0 0 0 0 0 0 0 1 0 1 0 0 1 0 1 1 0 0 1 1 1 1 1 0 1 0 1 1 0 0 1 1 1 1 1 0 1 0]"
0,0.6542814405388728,"[1 1 1 1 0 1 0 1 0 1 0 1 1 1 0 1 1 1 1 1 1 1 0 1 1 1 0 0 1 1 0 0 1 0 0 0 1 0 0 1]"
0,0.005364762654443025,"[1 0 0 1 0 1 1 1 1 1 0 0 0 1 0 1 1 1 1 0 1 1 1 0 1 0 1 1 1 0 1 1 1 0 0 1 0 1 1 1]"
0,2.566296880952884e-07,"[0 0 1 1 1 0 0 0 0 0 1 0 0 0 0 0 0 1 1 1 1 0 0 1 0 0 0 1 1 1 1 1 0 0 1 1 1 0 0 0]"
0,0.014423091315346036,"[1 0 1 0 0 1 1 1 1 0 0 0 1 1 0 0 1 1 1 0 1 1 1 1 0 1 1 0 0 1 1 0 0 1 0 0 1 0 0 1]"
0,2.566296880952884e-07,"[0 0 1 1 1 0 0 0 0 0 1 0 0 0 0 0 0 1 1 1 1 0 0 1 0 0 0 1 1 1 1 1 0 0 1 1 1 0 0 0]"
0,0.0021737346042155483,"[1 0 0 0 1 0 1 0 1 0 1 0 1 0 0 1 1 0 1 1 1 0 1 0 1 1 1 0 0 1 0 1 0 1 0 0 0 0 1 0]"
0,0.40312507917916374,"[1 1 1 0 1 0 0 1 1 1 0 0 0 1 0 0 0 1 1 1 0 1 0 0 0 1 0 1 0 1 1 1 1 1 0 0 0 1 1 1]"
0,0.08678099461399849,"[1 1 0 0 1 0 0 0 0 1 1 1 1 1 0 0 0 0 1 1 1 0 0 1 0 1 1 0 0 0 0 1 0 1 1 1 0 0 0 1]"
0,0.04126704918262942,"[1 0 1 1 1 0 1 0 0 0 0 1 1 1 1 1 1 0 0 0 0 1 0 0 0 1 0 0 1 1 1 1 0 1 0 1 1 0 1 1]"
0,0.581871755770198,"[1 1 1 1 0 0 1 0 1 0 0 0 0 0 0 1 1 0 0 1 0 0 0 0 1 0 1 1 0 1 0 1 1 0 0 1 1 1 0 0]"
0,6.703306663070386e-05,"[0 1 1 0 0 0 0 1 1 1 1 0 1 0 1 1 0 1 0 1 1 1 1 1 1 0 1 1 1 0 0 1 1 1 0 0 1 0 0 0]"
0,0.0001256137358657672,"[0 1 1 0 1 0 0 0 0 1 0 0 0 1 0 0 0 0 1 0 0 1 1 1 1 1 0 0 0 1 0 1 0 0 1 0 0 0 0 1]"
0,0.12952712278961048,"[1 1 0 1 0 0 0 0 1 0 1 0 1 1 0 1 0 1 1 1 1 1 0 1 1 0 0 1 1 1 0 1 0 1 0 1 1 0 0 1]"
0,6.364017254514878e-07,"[0 0 1 1 1 1 0 1 0 1 1 1 0 1 1 0 1 0 0 0 0 0 0 1 0 0 0 1 1 0 0 1 1 1 0 1 1 1 0 0]"
0,0.40312507917916374,"[1 1 1 0 1 0 0 1 1 1 0 0 0 1 0 0 0 1 1 1 0 1 0 0 0 1 0 1 0 1 1 1 1 1 0 0 0 1 1 1]"
0,0.00014534656592635016,"[0 1 1 0 1 0 0 1 1 1 0 0 1 1 0 0 0 1 1 1 1 0 0 1 0 1 1 0 0 0 1 0 0 0 0 1 1 0 0 0]"
0,0.0830517220906985,"[1 1 0 0 0 1 1 1 1 0 0 1 1 0 1 1 0 1 0 0 1 0 0 0 0 0 0 1 1 0 0 1 1 0 1 0 1 1 1 0]"
0,0.02220018063046699,"[1 0 1 0 1 1 1 0 1 1 1 0 1 1 1 1 0 0 1 1 1 1 1 1 0 1 0 0 1 1 0 1 0 0 0 1 0 0 0 1]"
0,0.06362185913023932,"[1 1 0 0 0 0 1 0 0 1 0 1 1 0 1 1 0 1 1 1 0 0 0 0 0 1 1 1 1 1 1 0 1 0 0 0 0 0 0 0]"
0,0.5973313790751236,"[1 1 1 1 0 0 1 1 0 0 1 0 0 1 0 0 1 0 0 1 0 0 0 1 1 0 1 0 0 1 0 1 0 1 0 0 0 0 1 0]"
0,0.001677629768627307,"[1 0 0 0 0 1 1 1 0 0 0 1 1 1 0 1 1 1 1 0 1 0 1 1 0 0 1 1 1 0 0 1 0 0 0 1 0 1 1 1]"
0,3.7217787057662783e-05,"[0 1 0 1 1 1 0 0 0 1 0 1 0 0 1 0 1 1 1 1 0 1 1 1 0 1 0 1 0 1 1 1 1 1 1 1 0 0 0 0]"
0,0.02530415184818373,"[1 0 1 1 0 0 0 1 0 0 1 1 1 1 0 1 0 0 1 0 1 0 1 1 0 0 1 0 1 0 1 0 1 0 1 0 1 0 0 1]"
0,0.6305715483955716,"[1 1 1 1 0 1 0 0 0 1 1 1 0 1 1 0 1 0 0 1 0 0 0 0 1 1 1 1 0 1 0 1 1 0 0 0 1 0 1 0]"
0,0.000126433839123657,"[0 1 1 0 1 0 0 0 0 1 0 1 0 1 0 1 1 0 0 0 0 1 1 1 1 1 1 1 0 0 1 1 1 0 0 0 0 0 1 1]"
0,0.3297282768116864,"[1 1 1 0 0 1 0 1 0 0 0 1 1 1 0 1 1 0 1 1 0 1 1 1 1 1 1 0 1 0 1 0 0 1 0 1 0 0 0 1]"
0,0.012250969458078628,"[1 0 1 0 0 1 0 0 1 1 0 1 0 1 1 0 0 1 1 1 1 1 1 1 0 0 0 1 0 0 1 0 0 0 1 1 1 0 0 1]"
0,0.012250969458078628,"[1 0 1 0 0 1 0 0 1 1 0 1 0 1 1 0 0 1 1 1 1 1 1 1 0 0 0 1 0 0 1 0 0 0 1 1 1 0 0 1]"
0,0.02220018063046699,"[1 0 1 0 1 1 1 0 1 1 1 0 1 1 1 1 0 0 1 1 1 1 1 1 0 1 0 0 1 1 0 1 0 0 0 1 0 0 0 1]"
0,0.12480900611191438,"[1 1 0 0 1 1 1 1 1 1 1 0 0 1 1 1 1 0 1 0 0 0 1 0 0 1 0 0 0 1 1 0 1 1 1 1 0 0 1 0]"
1,3.7217787057662783e-05,"[0 1 0 1 1 1 0 0 0 1 0 1 0 0 1 0 1 1 1 1 0 1 1 1 0 1 0 1 0 1 1 1 1 1 1 1 0 0 0 0]"
1,0.35379536057587757,"[1 1 1 0 0 1 1 0 1 0 1 1 1 1 0 0 0 1 1 0 0 1 0 0 0 0 1 1 0 0 1 1 0 0 0 1 1 0 0 0]"
1,0.012250969458078628,"[1 0 1 0 0 1 0 0 1 1 0 1 0 1 1 0 0 1 1 1 1 1 1 1 0 0 0 1 0 0 1 0 0 0 1 1 1 0 0 1]"
1,0.02751111828811498,"[1 0 1 1 0 0 1 0 1 0 1 1 1 0 1 0 0 0 1 0 1 1 0 1 1 0 0 0 0 0 0 1 0 0 0 1 0 1 1 0]"
1,0.005364762654443025,"[1 0 0 1 0 1 1 1 1 1 0 0 0 1 0 1 1 1 1 0 1 1 1 0 1 0 1 1 1 0 1 1 1 0 0 1 0 1 1 1]"
1,0.005364762654443025,"[1 0 0 1 0 1 1 1 1 1 0 0 0 1 0 1 1 1 1 0 1 1 1 0 1 0 1 1 1 0 1 1 1 0 0 1 0 1 1 1]"
1,0.581871755770198,"[1 1 1 1 0 0 1 0 1 0 0 0 0 0 0 1 1 0 0 1 0 0 0 0 1 0 1 1 0 1 0 1 1 0 0 1 1 1 0 0]"
1,0.06362185913023932,"[1 1 0 0 0 0 1 0 0 1 0 1 1 0 1 1 0 1 1 1 0 0 0 0 0 1 1 1 1 1 1 0 1 0 0 0 0 0 0 0]"
1,0.6305715483955716,"[1 1 1 1 0 1 0 0 0 1 1 1 0 1 1 0 1 0 0 1 0 0 0 0 1 1 1 1 0 1 0 1 1 0 0 0 1 0 1 0]"
1,0.5973313790751236,"[1 1 1 1 0 0 1 1 0 0 1 0 0 1 0 0 1 0 0 1 0 0 0 1 1 0 1 0 0 1 0 1 0 1 0 0 0 0 1 0]"
1,0.02751111828811498,"[1 0 1 1 0 0 1 0 1 0 1 1 1 0 1 0 0 0 1 0 1 1 0 1 1 0 0 0 0 0 0 1 0 0 0 1 0 1 1 0]"
1,0.1269027492892481,"[1 1 0 1 0 0 0 0 0 1 0 0 0 0 0 0 0 1 0 0 0 0 0 0 1 0 1 0 1 1 1 1 0 0 0 1 1 0 1 1]"
1,0.02530415184818373,"[1 0 1 1 0 0 0 1 0 0 1 1 1 1 0 1 0 0 1 0 1 0 1 1 0 0 1 0 1 0 1 0 1 0 1 0 1 0 0 1]"
1,0.02530415184818373,"[1 0 1 1 0 0 0 1 0 0 1 1 1 1 0 1 0 0 1 0 1 0 1 1 0 0 1 0 1 0 1 0 1 0 1 0 1 0 0 1]"
1,0.35379536057587757,"[1 1 1 0 0 1 1 0 1 0 1 1 1 1 0 0 0 1 1 0 0 1 0 0 0 0 1 1 0 0 1 1 0 0 0 1 1 0 0 0]"
1,0.014423091315346036,"[1 0 1 0 0 1 1 1 1 0 0 0 1 1 0 0 1 1 1 0 1 1 1 1 0 1 1 0 0 1 1 0 0 1 0 0 1 0 0 1]"
1,0.12480900611191438,"[1 1 0 0 1 1 1 1 1 1 1 0 0 1 1 1 1 0 1 0 0 0 1 0 0 1 0 0 0 1 1 0 1 1 1 1 0 0 1 0]"
1,0.45727347366363563,"[1 1 1 0 1 1 0 0 1 0 1 1 1 0 1 1 0 1 1 1 1 0 0 1 1 1 0 0 0 0 0 0 0 0 0 0 0 0 0 0]"
1,0.014423091315346036,"[1 0 1 0 0 1 1 1 1 0 0 0 1 1 0 0 1 1 1 0 1 1 1 1 0 1 1 0 0 1 1 0 0 1 0 0 1 0 0 1]"
1,0.0021737346042155483,"[1 0 0 0 1 0 1 0 1 0 1 0 1 0 0 1 1 0 1 1 1 0 1 0 1 1 1 0 0 1 0 1 0 1 0 0 0 0 1 0]"
1,0.3297282768116864,"[1 1 1 0 0 1 0 1 0 0 0 1 1 1 0 1 1 0 1 1 0 1 1 1 1 1 1 0 1 0 1 0 0 1 0 1 0 0 0 1]"
1,0.0001256137358657672,"[0 1 1 0 1 0 0 0 0 1 0 0 0 1 0 0 0 0 1 0 0 1 1 1 1 1 0 0 0 1 0 1 0 0 1 0 0 0 0 1]"
1,0.5576079057505784,"[1 1 1 1 0 0 0 1 0 1 1 1 1 0 0 1 1 0 1 1 0 0 1 0 0 1 1 1 1 0 1 1 0 1 0 0 1 1 0 0]"
1,0.0001256137358657672,"[0 1 1 0 1 0 0 0 0 1 0 0 0 1 0 0 0 0 1 0 0 1 1 1 1 1 0 0 0 1 0 1 0 0 1 0 0 0 0 1]"
1,0.1269027492892481,"[1 1 0 1 0 0 0 0 0 1 0 0 0 0 0 0 0 1 0 0 0 0 0 0 1 0 1 0 1 1 1 1 0 0 0 1 1 0 1 1]"
1,0.08678099461399849,"[1 1 0 0 1 0 0 0 0 1 1 1 1 1 0 0 0 0 1 1 1 0 0 1 0 1 1 0 0 0 0 1 0 1 1 1 0 0 0 1]"
1,8.518135918893414e-05,"[0 1 1 0 0 1 0 0 0 1 0 0 1 0 1 1 0 0 1 1 1 0 1 1 1 0 0 0 1 1 0 1 1 0 0 0 1 1 0 0]"
1,0.5576079057505784,"[1 1 1 1 0 0 0 1 0 1 1 1 1 0 0 1 1 0 1 1 0 0 1 0 0 1 1 1 1 0 1 1 0 1 0 0 1 1 0 0]"
1,0.18230612167985552,"[1 1 0 1 0 1 1 1 1 1 1 0 1 1 1 0 1 1 1 1 1 1 0 0 0 0 0 0 0 1 0 0 1 0 1 1 0 1 1 1]"
1,0.02530415184818373,"[1 0 1 1 0 0 0 1 0 0 1 1 1 1 0 1 0 0 1 0 1 0 1 1 0 0 1 0 1 0 1 0 1 0 1 0 1 0 0 1]"
1,0.06362185913023932,"[1 1 0 0 0 0 1 0 0 1 0 1 1 0 1 1 0 1 1 1 0 0 0 0 0 1 1 1 1 1 1 0 1 0 0 0 0 0 0 0]"
1,0.5973313790751236,"[1 1 1 1 0 0 1 1 0 0 1 0 0 1 0 0 1 0 0 1 0 0 0 1 1 0 1 0 0 1 0 1 0 1 0 0 0 0 1 0]"
1,0.06362185913023932,"[1 1 0 0 0 0 1 0 0 1 0 1 1 0 1 1 0 1 1 1 0 0 0 0 0 1 1 1 1 1 1 0 1 0 0 0 0 0 0 0]"
1,0.0021737346042155483,"[1 0 0 0 1 0 1 0 1 0 1 0 1 0 0 1 1 0 1 1 1 0 1 0 1 1 1 0 0 1 0 1 0 1 0 0 0 0 1 0]"
1,0.6305715483955716,"[1 1 1 1 0 1 0 0 0 1 1 1 0 1 1 0 1 0 0 1 0 0 0 0 1 1 1 1 0 1 0 1 1 0 0 0 1 0 1 0]"
1,0.6305715483955716,"[1 1 1 1 0 1 0 0 0 1 1 1 0 1 1 0 1 0 0 1 0 0 0 0 1 1 1 1 0 1 0 1 1 0 0 0 1 0 1 0]"
1,0.6305715483955716,"[1 1 1 1 0 1 0 0 0 1 1 1 0 1 1 0 1 0 0 1 0 0 0 0 1 1 1 1 0 1 0 1 1 0 0 0 1 0 1 0]"
1,0.3297282768116864,"[1 1 1 0 0 1 0 1 0 0 0 1 1 1 0 1 1 0 1 1 0 1 1 1 1 1 1 0 1 0 1 0 0 1 0 1 0 0 0 1]"
1,0.00034616002649018893,"[0 1 1 1 0 0 1 1 0 1 1 0 0 0 1 1 1 1 0 0 1 1 1 0 0 0 0 0 1 0 1 1 1 1 1 0 0 0 1 1]"
1,0.08678099461399849,"[1 1 0 0 1 0 0 0 0 1 1 1 1 1 0 0 0 0 1 1 1 0 0 1 0 1 1 0 0 0 0 1 0 1 1 1 0 0 0 1]"
1,3.411447087184849e-05,"[0 1 0 1 1 0 1 1 1 0 0 0 0 1 1 0 0 0 0 1 0 1 0 0 1 1 0 0 1 1 0 0 1 0 1 0 0 0 1 0]"
1,1.1178875452898841e-05,"[0 1 0 1 0 0 0 1 1 1 0 1 1 1 0 0 1 0 0 0 1 1 0 0 0 0 1 1 1 1 0 0 1 1 1 0 0 1 0 0]"
1,0.18230612167985552,"[1 1 0 1 0 1 1 1 1 1 1 0 1 1 1 0 1 1 1 1 1 1 0 0 0 0 0 0 0 1 0 0 1 0 1 1 0 1 1 1]"
1,1.1178875452898841e-05,"[0 1 0 1 0 0 0 1 1 1 0 1 1 1 0 0 1 0 0 0 1 1 0 0 0 0 1 1 1 1 0 0 1 1 1 0 0 1 0 0]"
1,0.014423091315346036,"[1 0 1 0 0 1 1 1 1 0 0 0 1 1 0 0 1 1 1 0 1 1 1 1 0 1 1 0 0 1 1 0 0 1 0 0 1 0 0 1]"
1,0.5576079057505784,"[1 1 1 1 0 0 0 1 0 1 1 1 1 0 0 1 1 0 1 1 0 0 1 0 0 1 1 1 1 0 1 1 0 1 0 0 1 1 0 0]"
1,0.6542814405388728,"[1 1 1 1 0 1 0 1 0 1 0 1 1 1 0 1 1 1 1 1 1 1 0 1 1 1 0 0 1 1 0 0 1 0 0 0 1 0 0 1]"
1,0.5576079057505784,"[1 1 1 1 0 0 0 1 0 1 1 1 1 0 0 1 1 0 1 1 0 0 1 0 0 1 1 1 1 0 1 1 0 1 0 0 1 1 0 0]"
1,0.06362185913023932,"[1 1 0 0 0 0 1 0 0 1 0 1 1 0 1 1 0 1 1 1 0 0 0 0 0 1 1 1 1 1 1 0 1 0 0 0 0 0 0 0]"
1,0.02220018063046699,"[1 0 1 0 1 1 1 0 1 1 1 0 1 1 1 1 0 0 1 1 1 1 1 1 0 1 0 0 1 1 0 1 0 0 0 1 0 0 0 1]"
1,0.005364762654443025,"[1 0 0 1 0 1 1 1 1 1 0 0 0 1 0 1 1 1 1 0 1 1 1 0 1 0 1 1 1 0 1 1 1 0 0 1 0 1 1 1]"
1,0.45727347366363563,"[1 1 1 0 1 1 0 0 1 0 1 1 1 0 1 1 0 1 1 1 1 0 0 1 1 1 0 0 0 0 0 0 0 0 0 0 0 0 0 0]"
1,0.40312507917916374,"[1 1 1 0 1 0 0 1 1 1 0 0 0 1 0 0 0 1 1 1 0 1 0 0 0 1 0 1 0 1 1 1 1 1 0 0 0 1 1 1]"
1,0.0021737346042155483,"[1 0 0 0 1 0 1 0 1 0 1 0 1 0 0 1 1 0 1 1 1 0 1 0 1 1 1 0 0 1 0 1 0 1 0 0 0 0 1 0]"
1,0.0022562250627830836,"[1 0 0 0 1 0 1 1 0 0 1 0 1 1 1 0 0 0 1 1 0 0 0 1 0 1 0 1 1 1 0 0 0 0 1 0 1 1 0 1]"
1,0.7105490227316914,"[1 1 1 1 0 1 1 1 0 1 1 0 0 1 1 0 0 1 0 1 1 0 1 0 0 1 0 0 0 0 0 1 0 0 0 1 0 1 0 0]"
1,0.35379536057587757,"[1 1 1 0 0 1 1 0 1 0 1 1 1 1 0 0 0 1 1 0 0 1 0 0 0 0 1 1 0 0 1 1 0 0 0 1 1 0 0 0]"
1,8.518135918893414e-05,"[0 1 1 0 0 1 0 0 0 1 0 0 1 0 1 1 0 0 1 1 1 0 1 1 1 0 0 0 1 1 0 1 1 0 0 0 1 1 0 0]"
1,0.014423091315346036,"[1 0 1 0 0 1 1 1 1 0 0 0 1 1 0 0 1 1 1 0 1 1 1 1 0 1 1 0 0 1 1 0 0 1 0 0 1 0 0 1]"
1,2.776238927656243e-06,"[0 1 0 0 0 1 1 1 0 0 1 1 0 1 1 1 1 0 1 0 0 0 1 0 1 0 0 0 0 1 1 0 1 1 1 1 1 0 0 1]"
1,0.0026645719761138388,"[1 0 0 0 1 1 0 1 1 0 0 0 0 0 1 1 1 1 0 1 1 1 0 0 0 0 0 1 0 0 0 0 0 0 0 1 0 1 1 1]"
1,0.02220018063046699,"[1 0 1 0 1 1 1 0 1 1 1 0 1 1 1 1 0 0 1 1 1 1 1 1 0 1 0 0 1 1 0 1 0 0 0 1 0 0 0 1]"
1,0.00014534656592635016,"[0 1 1 0 1 0 0 1 1 1 0 0 1 1 0 0 0 1 1 1 1 0 0 1 0 1 1 0 0 0 1 0 0 0 0 1 1 0 0 0]"
1,0.3297282768116864,"[1 1 1 0 0 1 0 1 0 0 0 1 1 1 0 1 1 0 1 1 0 1 1 1 1 1 1 0 1 0 1 0 0 1 0 1 0 0 0 1]"
1,0.0026645719761138388,"[1 0 0 0 1 1 0 1 1 0 0 0 0 0 1 1 1 1 0 1 1 1 0 0 0 0 0 1 0 0 0 0 0 0 0 1 0 1 1 1]"
1,0.7105490227316914,"[1 1 1 1 0 1 1 1 0 1 1 0 0 1 1 0 0 1 0 1 1 0 1 0 0 1 0 0 0 0 0 1 0 0 0 1 0 1 0 0]"
1,0.3297282768116864,"[1 1 1 0 0 1 0 1 0 0 0 1 1 1 0 1 1 0 1 1 0 1 1 1 1 1 1 0 1 0 1 0 0 1 0 1 0 0 0 1]"
1,0.012250969458078628,"[1 0 1 0 0 1 0 0 1 1 0 1 0 1 1 0 0 1 1 1 1 1 1 1 0 0 0 1 0 0 1 0 0 0 1 1 1 0 0 1]"
1,0.5973313790751236,"[1 1 1 1 0 0 1 1 0 0 1 0 0 1 0 0 1 0 0 1 0 0 0 1 1 0 1 0 0 1 0 1 0 1 0 0 0 0 1 0]"
1,0.5576079057505784,"[1 1 1 1 0 0 0 1 0 1 1 1 1 0 0 1 1 0 1 1 0 0 1 0 0 1 1 1 1 0 1 1 0 1 0 0 1 1 0 0]"
1,0.6305715483955716,"[1 1 1 1 0 1 0 0 0 1 1 1 0 1 1 0 1 0 0 1 0 0 0 0 1 1 1 1 0 1 0 1 1 0 0 0 1 0 1 0]"
1,0.581871755770198,"[1 1 1 1 0 0 1 0 1 0 0 0 0 0 0 1 1 0 0 1 0 0 0 0 1 0 1 1 0 1 0 1 1 0 0 1 1 1 0 0]"
1,3.411447087184849e-05,"[0 1 0 1 1 0 1 1 1 0 0 0 0 1 1 0 0 0 0 1 0 1 0 0 1 1 0 0 1 1 0 0 1 0 1 0 0 0 1 0]"
1,0.014423091315346036,"[1 0 1 0 0 1 1 1 1 0 0 0 1 1 0 0 1 1 1 0 1 1 1 1 0 1 1 0 0 1 1 0 0 1 0 0 1 0 0 1]"
1,0.12790453223558254,"[1 1 0 1 0 0 0 0 0 1 1 0 1 0 1 0 0 0 1 1 0 0 0 0 0 1 1 0 1 0 1 1 0 1 0 0 1 1 0 1]"
1,0.18230612167985552,"[1 1 0 1 0 1 1 1 1 1 1 0 1 1 1 0 1 1 1 1 1 1 0 0 0 0 0 0 0 1 0 0 1 0 1 1 0 1 1 1]"
1,0.6305715483955716,"[1 1 1 1 0 1 0 0 0 1 1 1 0 1 1 0 1 0 0 1 0 0 0 0 1 1 1 1 0 1 0 1 1 0 0 0 1 0 1 0]"
1,0.02220018063046699,"[1 0 1 0 1 1 1 0 1 1 1 0 1 1 1 1 0 0 1 1 1 1 1 1 0 1 0 0 1 1 0 1 0 0 0 1 0 0 0 1]"
1,0.7105490227316914,"[1 1 1 1 0 1 1 1 0 1 1 0 0 1 1 0 0 1 0 1 1 0 1 0 0 1 0 0 0 0 0 1 0 0 0 1 0 1 0 0]"
1,0.1269027492892481,"[1 1 0 1 0 0 0 0 0 1 0 0 0 0 0 0 0 1 0 0 0 0 0 0 1 0 1 0 1 1 1 1 0 0 0 1 1 0 1 1]"
1,0.45727347366363563,"[1 1 1 0 1 1 0 0 1 0 1 1 1 0 1 1 0 1 1 1 1 0 0 1 1 1 0 0 0 0 0 0 0 0 0 0 0 0 0 0]"
1,0.7105490227316914,"[1 1 1 1 0 1 1 1 0 1 1 0 0 1 1 0 0 1 0 1 1 0 1 0 0 1 0 0 0 0 0 1 0 0 0 1 0 1 0 0]"
1,0.057269509757771654,"[1 1 0 0 0 0 0 0 0 1 0 1 0 0 1 0 1 1 0 0 1 1 1 1 1 0 1 0 1 1 0 0 1 1 1 1 1 0 1 0]"
1,8.518135918893414e-05,"[0 1 1 0 0 1 0 0 0 1 0 0 1 0 1 1 0 0 1 1 1 0 1 1 1 0 0 0 1 1 0 1 1 0 0 0 1 1 0 0]"
1,0.6542814405388728,"[1 1 1 1 0 1 0 1 0 1 0 1 1 1 0 1 1 1 1 1 1 1 0 1 1 1 0 0 1 1 0 0 1 0 0 0 1 0 0 1]"
1,0.02220018063046699,"[1 0 1 0 1 1 1 0 1 1 1 0 1 1 1 1 0 0 1 1 1 1 1 1 0 1 0 0 1 1 0 1 0 0 0 1 0 0 0 1]"
1,0.5576079057505784,"[1 1 1 1 0 0 0 1 0 1 1 1 1 0 0 1 1 0 1 1 0 0 1 0 0 1 1 1 1 0 1 1 0 1 0 0 1 1 0 0]"
1,0.18230612167985552,"[1 1 0 1 0 1 1 1 1 1 1 0 1 1 1 0 1 1 1 1 1 1 0 0 0 0 0 0 0 1 0 0 1 0 1 1 0 1 1 1]"
1,8.93041242229864e-06,"[0 1 0 1 0 0 0 0 0 0 0 0 1 0 1 1 0 0 1 0 1 1 1 1 0 1 1 1 0 1 0 0 1 0 1 1 0 1 1 1]"
1,0.581871755770198,"[1 1 1 1 0 0 1 0 1 0 0 0 0 0 0 1 1 0 0 1 0 0 0 0 1 0 1 1 0 1 0 1 1 0 0 1 1 1 0 0]"
1,0.00014534656592635016,"[0 1 1 0 1 0 0 1 1 1 0 0 1 1 0 0 0 1 1 1 1 0 0 1 0 1 1 0 0 0 1 0 0 0 0 1 1 0 0 0]"
1,0.40312507917916374,"[1 1 1 0 1 0 0 1 1 1 0 0 0 1 0 0 0 1 1 1 0 1 0 0 0 1 0 1 0 1 1 1 1 1 0 0 0 1 1 1]"
1,0.0001256137358657672,"[0 1 1 0 1 0 0 0 0 1 0 0 0 1 0 0 0 0 1 0 0 1 1 1 1 1 0 0 0 1 0 1 0 0 1 0 0 0 0 1]"
1,0.001677629768627307,"[1 0 0 0 0 1 1 1 0 0 0 1 1 1 0 1 1 1 1 0 1 0 1 1 0 0 1 1 1 0 0 1 0 0 0 1 0 1 1 1]"
1,0.40312507917916374,"[1 1 1 0 1 0 0 1 1 1 0 0 0 1 0 0 0 1 1 1 0 1 0 0 0 1 0 1 0 1 1 1 1 1 0 0 0 1 1 1]"
1,8.518135918893414e-05,"[0 1 1 0 0 1 0 0 0 1 0 0 1 0 1 1 0 0 1 1 1 0 1 1 1 0 0 0 1 1 0 1 1 0 0 0 1 1 0 0]"
1,0.6542814405388728,"[1 1 1 1 0 1 0 1 0 1 0 1 1 1 0 1 1 1 1 1 1 1 0 1 1 1 0 0 1 1 0 0 1 0 0 0 1 0 0 1]"
1,0.581871755770198,"[1 1 1 1 0 0 1 0 1 0 0 0 0 0 0 1 1 0 0 1 0 0 0 0 1 0 1 1 0 1 0 1 1 0 0 1 1 1 0 0]"
1,0.6305715483955716,"[1 1 1 1 0 1 0 0 0 1 1 1 0 1 1 0 1 0 0 1 0 0 0 0 1 1 1 1 0 1 0 1 1 0 0 0 1 0 1 0]"
1,0.6542814405388728,"[1 1 1 1 0 1 0 1 0 1 0 1 1 1 0 1 1 1 1 1 1 1 0 1 1 1 0 0 1 1 0 0 1 0 0 0 1 0 0 1]"
2,0.18230612167985552,"[1 1 0 1 0 1 1 1 1 1 1 0 1 1 1 0 1 1 1 1 1 1 0 0 0 0 0 0 0 1 0 0 1 0 1 1 0 1 1 1]"
2,0.02530415184818373,"[1 0 1 1 0 0 0 1 0 0 1 1 1 1 0 1 0 0 1 0 1 0 1 1 0 0 1 0 1 0 1 0 1 0 1 0 1 0 0 1]"
2,0.6542814405388728,"[1 1 1 1 0 1 0 1 0 1 0 1 1 1 0 1 1 1 1 1 1 1 0 1 1 1 0 0 1 1 0 0 1 0 0 0 1 0 0 1]"
2,0.5576079057505784,"[1 1 1 1 0 0 0 1 0 1 1 1 1 0 0 1 1 0 1 1 0 0 1 0 0 1 1 1 1 0 1 1 0 1 0 0 1 1 0 0]"
2,0.581871755770198,"[1 1 1 1 0 0 1 0 1 0 0 0 0 0 0 1 1 0 0 1 0 0 0 0 1 0 1 1 0 1 0 1 1 0 0 1 1 1 0 0]"
2,0.7105490227316914,"[1 1 1 1 0 1 1 1 0 1 1 0 0 1 1 0 0 1 0 1 1 0 1 0 0 1 0 0 0 0 0 1 0 0 0 1 0 1 0 0]"
2,0.5973313790751236,"[1 1 1 1 0 0 1 1 0 0 1 0 0 1 0 0 1 0 0 1 0 0 0 1 1 0 1 0 0 1 0 1 0 1 0 0 0 0 1 0]"
2,0.6305715483955716,"[1 1 1 1 0 1 0 0 0 1 1 1 0 1 1 0 1 0 0 1 0 0 0 0 1 1 1 1 0 1 0 1 1 0 0 0 1 0 1 0]"
2,0.6305715483955716,"[1 1 1 1 0 1 0 0 0 1 1 1 0 1 1 0 1 0 0 1 0 0 0 0 1 1 1 1 0 1 0 1 1 0 0 0 1 0 1 0]"
2,0.40312507917916374,"[1 1 1 0 1 0 0 1 1 1 0 0 0 1 0 0 0 1 1 1 0 1 0 0 0 1 0 1 0 1 1 1 1 1 0 0 0 1 1 1]"
2,0.014423091315346036,"[1 0 1 0 0 1 1 1 1 0 0 0 1 1 0 0 1 1 1 0 1 1 1 1 0 1 1 0 0 1 1 0 0 1 0 0 1 0 0 1]"
2,0.6305715483955716,"[1 1 1 1 0 1 0 0 0 1 1 1 0 1 1 0 1 0 0 1 0 0 0 0 1 1 1 1 0 1 0 1 1 0 0 0 1 0 1 0]"
2,0.5576079057505784,"[1 1 1 1 0 0 0 1 0 1 1 1 1 0 0 1 1 0 1 1 0 0 1 0 0 1 1 1 1 0 1 1 0 1 0 0 1 1 0 0]"
2,0.6305715483955716,"[1 1 1 1 0 1 0 0 0 1 1 1 0 1 1 0 1 0 0 1 0 0 0 0 1 1 1 1 0 1 0 1 1 0 0 0 1 0 1 0]"
2,0.18230612167985552,"[1 1 0 1 0 1 1 1 1 1 1 0 1 1 1 0 1 1 1 1 1 1 0 0 0 0 0 0 0 1 0 0 1 0 1 1 0 1 1 1]"
2,0.18230612167985552,"[1 1 0 1 0 1 1 1 1 1 1 0 1 1 1 0 1 1 1 1 1 1 0 0 0 0 0 0 0 1 0 0 1 0 1 1 0 1 1 1]"
2,0.057269509757771654,"[1 1 0 0 0 0 0 0 0 1 0 1 0 0 1 0 1 1 0 0 1 1 1 1 1 0 1 0 1 1 0 0 1 1 1 1 1 0 1 0]"
2,0.6542814405388728,"[1 1 1 1 0 1 0 1 0 1 0 1 1 1 0 1 1 1 1 1 1 1 0 1 1 1 0 0 1 1 0 0 1 0 0 0 1 0 0 1]"
2,0.001677629768627307,"[1 0 0 0 0 1 1 1 0 0 0 1 1 1 0 1 1 1 1 0 1 0 1 1 0 0 1 1 1 0 0 1 0 0 0 1 0 1 1 1]"
2,0.0026645719761138388,"[1 0 0 0 1 1 0 1 1 0 0 0 0 0 1 1 1 1 0 1 1 1 0 0 0 0 0 1 0 0 0 0 0 0 0 1 0 1 1 1]"
2,0.057269509757771654,"[1 1 0 0 0 0 0 0 0 1 0 1 0 0 1 0 1 1 0 0 1 1 1 1 1 0 1 0 1 1 0 0 1 1 1 1 1 0 1 0]"
2,0.35379536057587757,"[1 1 1 0 0 1 1 0 1 0 1 1 1 1 0 0 0 1 1 0 0 1 0 0 0 0 1 1 0 0 1 1 0 0 0 1 1 0 0 0]"
2,0.6305715483955716,"[1 1 1 1 0 1 0 0 0 1 1 1 0 1 1 0 1 0 0 1 0 0 0 0 1 1 1 1 0 1 0 1 1 0 0 0 1 0 1 0]"
2,0.45727347366363563,"[1 1 1 0 1 1 0 0 1 0 1 1 1 0 1 1 0 1 1 1 1 0 0 1 1 1 0 0 0 0 0 0 0 0 0 0 0 0 0 0]"
2,0.18230612167985552,"[1 1 0 1 0 1 1 1 1 1 1 0 1 1 1 0 1 1 1 1 1 1 0 0 0 0 0 0 0 1 0 0 1 0 1 1 0 1 1 1]"
2,0.02220018063046699,"[1 0 1 0 1 1 1 0 1 1 1 0 1 1 1 1 0 0 1 1 1 1 1 1 0 1 0 0 1 1 0 1 0 0 0 1 0 0 0 1]"
2,0.5576079057505784,"[1 1 1 1 0 0 0 1 0 1 1 1 1 0 0 1 1 0 1 1 0 0 1 0 0 1 1 1 1 0 1 1 0 1 0 0 1 1 0 0]"
2,0.6542814405388728,"[1 1 1 1 0 1 0 1 0 1 0 1 1 1 0 1 1 1 1 1 1 1 0 1 1 1 0 0 1 1 0 0 1 0 0 0 1 0 0 1]"
2,0.581871755770198,"[1 1 1 1 0 0 1 0 1 0 0 0 0 0 0 1 1 0 0 1 0 0 0 0 1 0 1 1 0 1 0 1 1 0 0 1 1 1 0 0]"
2,0.02530415184818373,"[1 0 1 1 0 0 0 1 0 0 1 1 1 1 0 1 0 0 1 0 1 0 1 1 0 0 1 0 1 0 1 0 1 0 1 0 1 0 0 1]"
2,0.5576079057505784,"[1 1 1 1 0 0 0 1 0 1 1 1 1 0 0 1 1 0 1 1 0 0 1 0 0 1 1 1 1 0 1 1 0 1 0 0 1 1 0 0]"
2,0.02220018063046699,"[1 0 1 0 1 1 1 0 1 1 1 0 1 1 1 1 0 0 1 1 1 1 1 1 0 1 0 0 1 1 0 1 0 0 0 1 0 0 0 1]"
2,0.3297282768116864,"[1 1 1 0 0 1 0 1 0 0 0 1 1 1 0 1 1 0 1 1 0 1 1 1 1 1 1 0 1 0 1 0 0 1 0 1 0 0 0 1]"
2,0.6305715483955716,"[1 1 1 1 0 1 0 0 0 1 1 1 0 1 1 0 1 0 0 1 0 0 0 0 1 1 1 1 0 1 0 1 1 0 0 0 1 0 1 0]"
2,0.06362185913023932,"[1 1 0 0 0 0 1 0 0 1 0 1 1 0 1 1 0 1 1 1 0 0 0 0 0 1 1 1 1 1 1 0 1 0 0 0 0 0 0 0]"
2,0.7105490227316914,"[1 1 1 1 0 1 1 1 0 1 1 0 0 1 1 0 0 1 0 1 1 0 1 0 0 1 0 0 0 0 0 1 0 0 0 1 0 1 0 0]"
2,0.06362185913023932,"[1 1 0 0 0 0 1 0 0 1 0 1 1 0 1 1 0 1 1 1 0 0 0 0 0 1 1 1 1 1 1 0 1 0 0 0 0 0 0 0]"
2,0.7105490227316914,"[1 1 1 1 0 1 1 1 0 1 1 0 0 1 1 0 0 1 0 1 1 0 1 0 0 1 0 0 0 0 0 1 0 0 0 1 0 1 0 0]"
2,0.40312507917916374,"[1 1 1 0 1 0 0 1 1 1 0 0 0 1 0 0 0 1 1 1 0 1 0 0 0 1 0 1 0 1 1 1 1 1 0 0 0 1 1 1]"
2,0.45727347366363563,"[1 1 1 0 1 1 0 0 1 0 1 1 1 0 1 1 0 1 1 1 1 0 0 1 1 1 0 0 0 0 0 0 0 0 0 0 0 0 0 0]"
2,0.5973313790751236,"[1 1 1 1 0 0 1 1 0 0 1 0 0 1 0 0 1 0 0 1 0 0 0 1 1 0 1 0 0 1 0 1 0 1 0 0 0 0 1 0]"
2,0.6305715483955716,"[1 1 1 1 0 1 0 0 0 1 1 1 0 1 1 0 1 0 0 1 0 0 0 0 1 1 1 1 0 1 0 1 1 0 0 0 1 0 1 0]"
2,0.014423091315346036,"[1 0 1 0 0 1 1 1 1 0 0 0 1 1 0 0 1 1 1 0 1 1 1 1 0 1 1 0 0 1 1 0 0 1 0 0 1 0 0 1]"
2,0.6305715483955716,"[1 1 1 1 0 1 0 0 0 1 1 1 0 1 1 0 1 0 0 1 0 0 0 0 1 1 1 1 0 1 0 1 1 0 0 0 1 0 1 0]"
2,0.6305715483955716,"[1 1 1 1 0 1 0 0 0 1 1 1 0 1 1 0 1 0 0 1 0 0 0 0 1 1 1 1 0 1 0 1 1 0 0 0 1 0 1 0]"
2,0.6542814405388728,"[1 1 1 1 0 1 0 1 0 1 0 1 1 1 0 1 1 1 1 1 1 1 0 1 1 1 0 0 1 1 0 0 1 0 0 0 1 0 0 1]"
2,0.6305715483955716,"[1 1 1 1 0 1 0 0 0 1 1 1 0 1 1 0 1 0 0 1 0 0 0 0 1 1 1 1 0 1 0 1 1 0 0 0 1 0 1 0]"
2,0.5576079057505784,"[1 1 1 1 0 0 0 1 0 1 1 1 1 0 0 1 1 0 1 1 0 0 1 0 0 1 1 1 1 0 1 1 0 1 0 0 1 1 0 0]"
2,0.18230612167985552,"[1 1 0 1 0 1 1 1 1 1 1 0 1 1 1 0 1 1 1 1 1 1 0 0 0 0 0 0 0 1 0 0 1 0 1 1 0 1 1 1]"
2,0.3297282768116864,"[1 1 1 0 0 1 0 1 0 0 0 1 1 1 0 1 1 0 1 1 0 1 1 1 1 1 1 0 1 0 1 0 0 1 0 1 0 0 0 1]"
2,0.18230612167985552,"[1 1 0 1 0 1 1 1 1 1 1 0 1 1 1 0 1 1 1 1 1 1 0 0 0 0 0 0 0 1 0 0 1 0 1 1 0 1 1 1]"
2,0.014423091315346036,"[1 0 1 0 0 1 1 1 1 0 0 0 1 1 0 0 1 1 1 0 1 1 1 1 0 1 1 0 0 1 1 0 0 1 0 0 1 0 0 1]"
2,0.40312507917916374,"[1 1 1 0 1 0 0 1 1 1 0 0 0 1 0 0 0 1 1 1 0 1 0 0 0 1 0 1 0 1 1 1 1 1 0 0 0 1 1 1]"
2,0.5576079057505784,"[1 1 1 1 0 0 0 1 0 1 1 1 1 0 0 1 1 0 1 1 0 0 1 0 0 1 1 1 1 0 1 1 0 1 0 0 1 1 0 0]"
2,0.18230612167985552,"[1 1 0 1 0 1 1 1 1 1 1 0 1 1 1 0 1 1 1 1 1 1 0 0 0 0 0 0 0 1 0 0 1 0 1 1 0 1 1 1]"
2,0.6542814405388728,"[1 1 1 1 0 1 0 1 0 1 0 1 1 1 0 1 1 1 1 1 1 1 0 1 1 1 0 0 1 1 0 0 1 0 0 0 1 0 0 1]"
2,0.02530415184818373,"[1 0 1 1 0 0 0 1 0 0 1 1 1 1 0 1 0 0 1 0 1 0 1 1 0 0 1 0 1 0 1 0 1 0 1 0 1 0 0 1]"
2,0.18230612167985552,"[1 1 0 1 0 1 1 1 1 1 1 0 1 1 1 0 1 1 1 1 1 1 0 0 0 0 0 0 0 1 0 0 1 0 1 1 0 1 1 1]"
2,0.18230612167985552,"[1 1 0 1 0 1 1 1 1 1 1 0 1 1 1 0 1 1 1 1 1 1 0 0 0 0 0 0 0 1 0 0 1 0 1 1 0 1 1 1]"
2,0.6305715483955716,"[1 1 1 1 0 1 0 0 0 1 1 1 0 1 1 0 1 0 0 1 0 0 0 0 1 1 1 1 0 1 0 1 1 0 0 0 1 0 1 0]"
2,0.7105490227316914,"[1 1 1 1 0 1 1 1 0 1 1 0 0 1 1 0 0 1 0 1 1 0 1 0 0 1 0 0 0 0 0 1 0 0 0 1 0 1 0 0]"
2,0.057269509757771654,"[1 1 0 0 0 0 0 0 0 1 0 1 0 0 1 0 1 1 0 0 1 1 1 1 1 0 1 0 1 1 0 0 1 1 1 1 1 0 1 0]"
2,0.35379536057587757,"[1 1 1 0 0 1 1 0 1 0 1 1 1 1 0 0 0 1 1 0 0 1 0 0 0 0 1 1 0 0 1 1 0 0 0 1 1 0 0 0]"
2,0.7105490227316914,"[1 1 1 1 0 1 1 1 0 1 1 0 0 1 1 0 0 1 0 1 1 0 1 0 0 1 0 0 0 0 0 1 0 0 0 1 0 1 0 0]"
2,0.08678099461399849,"[1 1 0 0 1 0 0 0 0 1 1 1 1 1 0 0 0 0 1 1 1 0 0 1 0 1 1 0 0 0 0 1 0 1 1 1 0 0 0 1]"
2,0.6542814405388728,"[1 1 1 1 0 1 0 1 0 1 0 1 1 1 0 1 1 1 1 1 1 1 0 1 1 1 0 0 1 1 0 0 1 0 0 0 1 0 0 1]"
2,0.02530415184818373,"[1 0 1 1 0 0 0 1 0 0 1 1 1 1 0 1 0 0 1 0 1 0 1 1 0 0 1 0 1 0 1 0 1 0 1 0 1 0 0 1]"
2,0.5576079057505784,"[1 1 1 1 0 0 0 1 0 1 1 1 1 0 0 1 1 0 1 1 0 0 1 0 0 1 1 1 1 0 1 1 0 1 0 0 1 1 0 0]"
2,0.7105490227316914,"[1 1 1 1 0 1 1 1 0 1 1 0 0 1 1 0 0 1 0 1 1 0 1 0 0 1 0 0 0 0 0 1 0 0 0 1 0 1 0 0]"
2,0.35379536057587757,"[1 1 1 0 0 1 1 0 1 0 1 1 1 1 0 0 0 1 1 0 0 1 0 0 0 0 1 1 0 0 1 1 0 0 0 1 1 0 0 0]"
2,0.5576079057505784,"[1 1 1 1 0 0 0 1 0 1 1 1 1 0 0 1 1 0 1 1 0 0 1 0 0 1 1 1 1 0 1 1 0 1 0 0 1 1 0 0]"
2,0.00014534656592635016,"[0 1 1 0 1 0 0 1 1 1 0 0 1 1 0 0 0 1 1 1 1 0 0 1 0 1 1 0 0 0 1 0 0 0 0 1 1 0 0 0]"
2,0.6542814405388728,"[1 1 1 1 0 1 0 1 0 1 0 1 1 1 0 1 1 1 1 1 1 1 0 1 1 1 0 0 1 1 0 0 1 0 0 0 1 0 0 1]"
2,0.7105490227316914,"[1 1 1 1 0 1 1 1 0 1 1 0 0 1 1 0 0 1 0 1 1 0 1 0 0 1 0 0 0 0 0 1 0 0 0 1 0 1 0 0]"
2,0.06362185913023932,"[1 1 0 0 0 0 1 0 0 1 0 1 1 0 1 1 0 1 1 1 0 0 0 0 0 1 1 1 1 1 1 0 1 0 0 0 0 0 0 0]"
2,0.3297282768116864,"[1 1 1 0 0 1 0 1 0 0 0 1 1 1 0 1 1 0 1 1 0 1 1 1 1 1 1 0 1 0 1 0 0 1 0 1 0 0 0 1]"
2,0.6305715483955716,"[1 1 1 1 0 1 0 0 0 1 1 1 0 1 1 0 1 0 0 1 0 0 0 0 1 1 1 1 0 1 0 1 1 0 0 0 1 0 1 0]"
2,0.45727347366363563,"[1 1 1 0 1 1 0 0 1 0 1 1 1 0 1 1 0 1 1 1 1 0 0 1 1 1 0 0 0 0 0 0 0 0 0 0 0 0 0 0]"
2,0.12480900611191438,"[1 1 0 0 1 1 1 1 1 1 1 0 0 1 1 1 1 0 1 0 0 0 1 0 0 1 0 0 0 1 1 0 1 1 1 1 0 0 1 0]"
2,0.005364762654443025,"[1 0 0 1 0 1 1 1 1 1 0 0 0 1 0 1 1 1 1 0 1 1 1 0 1 0 1 1 1 0 1 1 1 0 0 1 0 1 1 1]"
2,0.40312507917916374,"[1 1 1 0 1 0 0 1 1 1 0 0 0 1 0 0 0 1 1 1 0 1 0 0 0 1 0 1 0 1 1 1 1 1 0 0 0 1 1 1]"
2,0.6542814405388728,"[1 1 1 1 0 1 0 1 0 1 0 1 1 1 0 1 1 1 1 1 1 1 0 1 1 1 0 0 1 1 0 0 1 0 0 0 1 0 0 1]"
2,0.3297282768116864,"[1 1 1 0 0 1 0 1 0 0 0 1 1 1 0 1 1 0 1 1 0 1 1 1 1 1 1 0 1 0 1 0 0 1 0 1 0 0 0 1]"
2,0.18230612167985552,"[1 1 0 1 0 1 1 1 1 1 1 0 1 1 1 0 1 1 1 1 1 1 0 0 0 0 0 0 0 1 0 0 1 0 1 1 0 1 1 1]"
2,0.7105490227316914,"[1 1 1 1 0 1 1 1 0 1 1 0 0 1 1 0 0 1 0 1 1 0 1 0 0 1 0 0 0 0 0 1 0 0 0 1 0 1 0 0]"
2,8.518135918893414e-05,"[0 1 1 0 0 1 0 0 0 1 0 0 1 0 1 1 0 0 1 1 1 0 1 1 1 0 0 0 1 1 0 1 1 0 0 0 1 1 0 0]"
2,0.6542814405388728,"[1 1 1 1 0 1 0 1 0 1 0 1 1 1 0 1 1 1 1 1 1 1 0 1 1 1 0 0 1 1 0 0 1 0 0 0 1 0 0 1]"
2,0.0026645719761138388,"[1 0 0 0 1 1 0 1 1 0 0 0 0 0 1 1 1 1 0 1 1 1 0 0 0 0 0 1 0 0 0 0 0 0 0 1 0 1 1 1]"
2,0.02220018063046699,"[1 0 1 0 1 1 1 0 1 1 1 0 1 1 1 1 0 0 1 1 1 1 1 1 0 1 0 0 1 1 0 1 0 0 0 1 0 0 0 1]"
2,0.6305715483955716,"[1 1 1 1 0 1 0 0 0 1 1 1 0 1 1 0 1 0 0 1 0 0 0 0 1 1 1 1 0 1 0 1 1 0 0 0 1 0 1 0]"
2,0.5973313790751236,"[1 1 1 1 0 0 1 1 0 0 1 0 0 1 0 0 1 0 0 1 0 0 0 1 1 0 1 0 0 1 0 1 0 1 0 0 0 0 1 0]"
2,0.7105490227316914,"[1 1 1 1 0 1 1 1 0 1 1 0 0 1 1 0 0 1 0 1 1 0 1 0 0 1 0 0 0 0 0 1 0 0 0 1 0 1 0 0]"
2,0.40312507917916374,"[1 1 1 0 1 0 0 1 1 1 0 0 0 1 0 0 0 1 1 1 0 1 0 0 0 1 0 1 0 1 1 1 1 1 0 0 0 1 1 1]"
2,0.00014534656592635016,"[0 1 1 0 1 0 0 1 1 1 0 0 1 1 0 0 0 1 1 1 1 0 0 1 0 1 1 0 0 0 1 0 0 0 0 1 1 0 0 0]"
2,0.581871755770198,"[1 1 1 1 0 0 1 0 1 0 0 0 0 0 0 1 1 0 0 1 0 0 0 0 1 0 1 1 0 1 0 1 1 0 0 1 1 1 0 0]"
2,0.35379536057587757,"[1 1 1 0 0 1 1 0 1 0 1 1 1 1 0 0 0 1 1 0 0 1 0 0 0 0 1 1 0 0 1 1 0 0 0 1 1 0 0 0]"
2,0.35379536057587757,"[1 1 1 0 0 1 1 0 1 0 1 1 1 1 0 0 0 1 1 0 0 1 0 0 0 0 1 1 0 0 1 1 0 0 0 1 1 0 0 0]"
2,0.0021737346042155483,"[1 0 0 0 1 0 1 0 1 0 1 0 1 0 0 1 1 0 1 1 1 0 1 0 1 1 1 0 0 1 0 1 0 1 0 0 0 0 1 0]"
2,0.02220018063046699,"[1 0 1 0 1 1 1 0 1 1 1 0 1 1 1 1 0 0 1 1 1 1 1 1 0 1 0 0 1 1 0 1 0 0 0 1 0 0 0 1]"
2,8.518135918893414e-05,"[0 1 1 0 0 1 0 0 0 1 0 0 1 0 1 1 0 0 1 1 1 0 1 1 1 0 0 0 1 1 0 1 1 0 0 0 1 1 0 0]"
3,0.40312507917916374,"[1 1 1 0 1 0 0 1 1 1 0 0 0 1 0 0 0 1 1 1 0 1 0 0 0 1 0 1 0 1 1 1 1 1 0 0 0 1 1 1]"
3,0.40312507917916374,"[1 1 1 0 1 0 0 1 1 1 0 0 0 1 0 0 0 1 1 1 0 1 0 0 0 1 0 1 0 1 1 1 1 1 0 0 0 1 1 1]"
3,0.7105490227316914,"[1 1 1 1 0 1 1 1 0 1 1 0 0 1 1 0 0 1 0 1 1 0 1 0 0 1 0 0 0 0 0 1 0 0 0 1 0 1 0 0]"
3,0.7105490227316914,"[1 1 1 1 0 1 1 1 0 1 1 0 0 1 1 0 0 1 0 1 1 0 1 0 0 1 0 0 0 0 0 1 0 0 0 1 0 1 0 0]"
3,0.6542814405388728,"[1 1 1 1 0 1 0 1 0 1 0 1 1 1 0 1 1 1 1 1 1 1 0 1 1 1 0 0 1 1 0 0 1 0 0 0 1 0 0 1]"
3,0.0021737346042155483,"[1 0 0 0 1 0 1 0 1 0 1 0 1 0 0 1 1 0 1 1 1 0 1 0 1 1 1 0 0 1 0 1 0 1 0 0 0 0 1 0]"
3,0.5576079057505784,"[1 1 1 1 0 0 0 1 0 1 1 1 1 0 0 1 1 0 1 1 0 0 1 0 0 1 1 1 1 0 1 1 0 1 0 0 1 1 0 0]"
3,0.18230612167985552,"[1 1 0 1 0 1 1 1 1 1 1 0 1 1 1 0 1 1 1 1 1 1 0 0 0 0 0 0 0 1 0 0 1 0 1 1 0 1 1 1]"
3,0.7105490227316914,"[1 1 1 1 0 1 1 1 0 1 1 0 0 1 1 0 0 1 0 1 1 0 1 0 0 1 0 0 0 0 0 1 0 0 0 1 0 1 0 0]"
3,0.5576079057505784,"[1 1 1 1 0 0 0 1 0 1 1 1 1 0 0 1 1 0 1 1 0 0 1 0 0 1 1 1 1 0 1 1 0 1 0 0 1 1 0 0]"
3,0.06362185913023932,"[1 1 0 0 0 0 1 0 0 1 0 1 1 0 1 1 0 1 1 1 0 0 0 0 0 1 1 1 1 1 1 0 1 0 0 0 0 0 0 0]"
3,0.7105490227316914,"[1 1 1 1 0 1 1 1 0 1 1 0 0 1 1 0 0 1 0 1 1 0 1 0 0 1 0 0 0 0 0 1 0 0 0 1 0 1 0 0]"
3,0.6305715483955716,"[1 1 1 1 0 1 0 0 0 1 1 1 0 1 1 0 1 0 0 1 0 0 0 0 1 1 1 1 0 1 0 1 1 0 0 0 1 0 1 0]"
3,0.5576079057505784,"[1 1 1 1 0 0 0 1 0 1 1 1 1 0 0 1 1 0 1 1 0 0 1 0 0 1 1 1 1 0 1 1 0 1 0 0 1 1 0 0]"
3,0.6305715483955716,"[1 1 1 1 0 1 0 0 0 1 1 1 0 1 1 0 1 0 0 1 0 0 0 0 1 1 1 1 0 1 0 1 1 0 0 0 1 0 1 0]"
3,0.6542814405388728,"[1 1 1 1 0 1 0 1 0 1 0 1 1 1 0 1 1 1 1 1 1 1 0 1 1 1 0 0 1 1 0 0 1 0 0 0 1 0 0 1]"
3,0.014423091315346036,"[1 0 1 0 0 1 1 1 1 0 0 0 1 1 0 0 1 1 1 0 1 1 1 1 0 1 1 0 0 1 1 0 0 1 0 0 1 0 0 1]"
3,0.5973313790751236,"[1 1 1 1 0 0 1 1 0 0 1 0 0 1 0 0 1 0 0 1 0 0 0 1 1 0 1 0 0 1 0 1 0 1 0 0 0 0 1 0]"
3,0.7105490227316914,"[1 1 1 1 0 1 1 1 0 1 1 0 0 1 1 0 0 1 0 1 1 0 1 0 0 1 0 0 0 0 0 1 0 0 0 1 0 1 0 0]"
3,0.6305715483955716,"[1 1 1 1 0 1 0 0 0 1 1 1 0 1 1 0 1 0 0 1 0 0 0 0 1 1 1 1 0 1 0 1 1 0 0 0 1 0 1 0]"
3,0.18230612167985552,"[1 1 0 1 0 1 1 1 1 1 1 0 1 1 1 0 1 1 1 1 1 1 0 0 0 0 0 0 0 1 0 0 1 0 1 1 0 1 1 1]"
3,0.18230612167985552,"[1 1 0 1 0 1 1 1 1 1 1 0 1 1 1 0 1 1 1 1 1 1 0 0 0 0 0 0 0 1 0 0 1 0 1 1 0 1 1 1]"
3,0.6542814405388728,"[1 1 1 1 0 1 0 1 0 1 0 1 1 1 0 1 1 1 1 1 1 1 0 1 1 1 0 0 1 1 0 0 1 0 0 0 1 0 0 1]"
3,0.6305715483955716,"[1 1 1 1 0 1 0 0 0 1 1 1 0 1 1 0 1 0 0 1 0 0 0 0 1 1 1 1 0 1 0 1 1 0 0 0 1 0 1 0]"
3,0.5576079057505784,"[1 1 1 1 0 0 0 1 0 1 1 1 1 0 0 1 1 0 1 1 0 0 1 0 0 1 1 1 1 0 1 1 0 1 0 0 1 1 0 0]"
3,0.6305715483955716,"[1 1 1 1 0 1 0 0 0 1 1 1 0 1 1 0 1 0 0 1 0 0 0 0 1 1 1 1 0 1 0 1 1 0 0 0 1 0 1 0]"
3,0.7105490227316914,"[1 1 1 1 0 1 1 1 0 1 1 0 0 1 1 0 0 1 0 1 1 0 1 0 0 1 0 0 0 0 0 1 0 0 0 1 0 1 0 0]"
3,0.581871755770198,"[1 1 1 1 0 0 1 0 1 0 0 0 0 0 0 1 1 0 0 1 0 0 0 0 1 0 1 1 0 1 0 1 1 0 0 1 1 1 0 0]"
3,0.6542814405388728,"[1 1 1 1 0 1 0 1 0 1 0 1 1 1 0 1 1 1 1 1 1 1 0 1 1 1 0 0 1 1 0 0 1 0 0 0 1 0 0 1]"
3,0.057269509757771654,"[1 1 0 0 0 0 0 0 0 1 0 1 0 0 1 0 1 1 0 0 1 1 1 1 1 0 1 0 1 1 0 0 1 1 1 1 1 0 1 0]"
3,0.6305715483955716,"[1 1 1 1 0 1 0 0 0 1 1 1 0 1 1 0 1 0 0 1 0 0 0 0 1 1 1 1 0 1 0 1 1 0 0 0 1 0 1 0]"
3,0.6542814405388728,"[1 1 1 1 0 1 0 1 0 1 0 1 1 1 0 1 1 1 1 1 1 1 0 1 1 1 0 0 1 1 0 0 1 0 0 0 1 0 0 1]"
3,0.35379536057587757,"[1 1 1 0 0 1 1 0 1 0 1 1 1 1 0 0 0 1 1 0 0 1 0 0 0 0 1 1 0 0 1 1 0 0 0 1 1 0 0 0]"
3,0.7105490227316914,"[1 1 1 1 0 1 1 1 0 1 1 0 0 1 1 0 0 1 0 1 1 0 1 0 0 1 0 0 0 0 0 1 0 0 0 1 0 1 0 0]"
3,0.3297282768116864,"[1 1 1 0 0 1 0 1 0 0 0 1 1 1 0 1 1 0 1 1 0 1 1 1 1 1 1 0 1 0 1 0 0 1 0 1 0 0 0 1]"
3,0.35379536057587757,"[1 1 1 0 0 1 1 0 1 0 1 1 1 1 0 0 0 1 1 0 0 1 0 0 0 0 1 1 0 0 1 1 0 0 0 1 1 0 0 0]"
3,0.6305715483955716,"[1 1 1 1 0 1 0 0 0 1 1 1 0 1 1 0 1 0 0 1 0 0 0 0 1 1 1 1 0 1 0 1 1 0 0 0 1 0 1 0]"
3,0.6542814405388728,"[1 1 1 1 0 1 0 1 0 1 0 1 1 1 0 1 1 1 1 1 1 1 0 1 1 1 0 0 1 1 0 0 1 0 0 0 1 0 0 1]"
3,0.3297282768116864,"[1 1 1 0 0 1 0 1 0 0 0 1 1 1 0 1 1 0 1 1 0 1 1 1 1 1 1 0 1 0 1 0 0 1 0 1 0 0 0 1]"
3,0.35379536057587757,"[1 1 1 0 0 1 1 0 1 0 1 1 1 1 0 0 0 1 1 0 0 1 0 0 0 0 1 1 0 0 1 1 0 0 0 1 1 0 0 0]"
3,0.5576079057505784,"[1 1 1 1 0 0 0 1 0 1 1 1 1 0 0 1 1 0 1 1 0 0 1 0 0 1 1 1 1 0 1 1 0 1 0 0 1 1 0 0]"
3,0.5576079057505784,"[1 1 1 1 0 0 0 1 0 1 1 1 1 0 0 1 1 0 1 1 0 0 1 0 0 1 1 1 1 0 1 1 0 1 0 0 1 1 0 0]"
3,0.3297282768116864,"[1 1 1 0 0 1 0 1 0 0 0 1 1 1 0 1 1 0 1 1 0 1 1 1 1 1 1 0 1 0 1 0 0 1 0 1 0 0 0 1]"
3,0.35379536057587757,"[1 1 1 0 0 1 1 0 1 0 1 1 1 1 0 0 0 1 1 0 0 1 0 0 0 0 1 1 0 0 1 1 0 0 0 1 1 0 0 0]"
3,0.7105490227316914,"[1 1 1 1 0 1 1 1 0 1 1 0 0 1 1 0 0 1 0 1 1 0 1 0 0 1 0 0 0 0 0 1 0 0 0 1 0 1 0 0]"
3,0.7105490227316914,"[1 1 1 1 0 1 1 1 0 1 1 0 0 1 1 0 0 1 0 1 1 0 1 0 0 1 0 0 0 0 0 1 0 0 0 1 0 1 0 0]"
3,0.35379536057587757,"[1 1 1 0 0 1 1 0 1 0 1 1 1 1 0 0 0 1 1 0 0 1 0 0 0 0 1 1 0 0 1 1 0 0 0 1 1 0 0 0]"
3,0.057269509757771654,"[1 1 0 0 0 0 0 0 0 1 0 1 0 0 1 0 1 1 0 0 1 1 1 1 1 0 1 0 1 1 0 0 1 1 1 1 1 0 1 0]"
3,0.7105490227316914,"[1 1 1 1 0 1 1 1 0 1 1 0 0 1 1 0 0 1 0 1 1 0 1 0 0 1 0 0 0 0 0 1 0 0 0 1 0 1 0 0]"
3,0.7105490227316914,"[1 1 1 1 0 1 1 1 0 1 1 0 0 1 1 0 0 1 0 1 1 0 1 0 0 1 0 0 0 0 0 1 0 0 0 1 0 1 0 0]"
3,0.6305715483955716,"[1 1 1 1 0 1 0 0 0 1 1 1 0 1 1 0 1 0 0 1 0 0 0 0 1 1 1 1 0 1 0 1 1 0 0 0 1 0 1 0]"
3,0.6542814405388728,"[1 1 1 1 0 1 0 1 0 1 0 1 1 1 0 1 1 1 1 1 1 1 0 1 1 1 0 0 1 1 0 0 1 0 0 0 1 0 0 1]"
3,0.6305715483955716,"[1 1 1 1 0 1 0 0 0 1 1 1 0 1 1 0 1 0 0 1 0 0 0 0 1 1 1 1 0 1 0 1 1 0 0 0 1 0 1 0]"
3,0.7105490227316914,"[1 1 1 1 0 1 1 1 0 1 1 0 0 1 1 0 0 1 0 1 1 0 1 0 0 1 0 0 0 0 0 1 0 0 0 1 0 1 0 0]"
3,0.6305715483955716,"[1 1 1 1 0 1 0 0 0 1 1 1 0 1 1 0 1 0 0 1 0 0 0 0 1 1 1 1 0 1 0 1 1 0 0 0 1 0 1 0]"
3,0.581871755770198,"[1 1 1 1 0 0 1 0 1 0 0 0 0 0 0 1 1 0 0 1 0 0 0 0 1 0 1 1 0 1 0 1 1 0 0 1 1 1 0 0]"
3,0.3297282768116864,"[1 1 1 0 0 1 0 1 0 0 0 1 1 1 0 1 1 0 1 1 0 1 1 1 1 1 1 0 1 0 1 0 0 1 0 1 0 0 0 1]"
3,0.6542814405388728,"[1 1 1 1 0 1 0 1 0 1 0 1 1 1 0 1 1 1 1 1 1 1 0 1 1 1 0 0 1 1 0 0 1 0 0 0 1 0 0 1]"
3,0.18230612167985552,"[1 1 0 1 0 1 1 1 1 1 1 0 1 1 1 0 1 1 1 1 1 1 0 0 0 0 0 0 0 1 0 0 1 0 1 1 0 1 1 1]"
3,0.3297282768116864,"[1 1 1 0 0 1 0 1 0 0 0 1 1 1 0 1 1 0 1 1 0 1 1 1 1 1 1 0 1 0 1 0 0 1 0 1 0 0 0 1]"
3,0.7105490227316914,"[1 1 1 1 0 1 1 1 0 1 1 0 0 1 1 0 0 1 0 1 1 0 1 0 0 1 0 0 0 0 0 1 0 0 0 1 0 1 0 0]"
3,0.6305715483955716,"[1 1 1 1 0 1 0 0 0 1 1 1 0 1 1 0 1 0 0 1 0 0 0 0 1 1 1 1 0 1 0 1 1 0 0 0 1 0 1 0]"
3,0.40312507917916374,"[1 1 1 0 1 0 0 1 1 1 0 0 0 1 0 0 0 1 1 1 0 1 0 0 0 1 0 1 0 1 1 1 1 1 0 0 0 1 1 1]"
3,0.6305715483955716,"[1 1 1 1 0 1 0 0 0 1 1 1 0 1 1 0 1 0 0 1 0 0 0 0 1 1 1 1 0 1 0 1 1 0 0 0 1 0 1 0]"
3,0.6542814405388728,"[1 1 1 1 0 1 0 1 0 1 0 1 1 1 0 1 1 1 1 1 1 1 0 1 1 1 0 0 1 1 0 0 1 0 0 0 1 0 0 1]"
3,0.5576079057505784,"[1 1 1 1 0 0 0 1 0 1 1 1 1 0 0 1 1 0 1 1 0 0 1 0 0 1 1 1 1 0 1 1 0 1 0 0 1 1 0 0]"
3,0.7105490227316914,"[1 1 1 1 0 1 1 1 0 1 1 0 0 1 1 0 0 1 0 1 1 0 1 0 0 1 0 0 0 0 0 1 0 0 0 1 0 1 0 0]"
3,0.6305715483955716,"[1 1 1 1 0 1 0 0 0 1 1 1 0 1 1 0 1 0 0 1 0 0 0 0 1 1 1 1 0 1 0 1 1 0 0 0 1 0 1 0]"
3,0.6305715483955716,"[1 1 1 1 0 1 0 0 0 1 1 1 0 1 1 0 1 0 0 1 0 0 0 0 1 1 1 1 0 1 0 1 1 0 0 0 1 0 1 0]"
3,0.6305715483955716,"[1 1 1 1 0 1 0 0 0 1 1 1 0 1 1 0 1 0 0 1 0 0 0 0 1 1 1 1 0 1 0 1 1 0 0 0 1 0 1 0]"
3,0.7105490227316914,"[1 1 1 1 0 1 1 1 0 1 1 0 0 1 1 0 0 1 0 1 1 0 1 0 0 1 0 0 0 0 0 1 0 0 0 1 0 1 0 0]"
3,0.6305715483955716,"[1 1 1 1 0 1 0 0 0 1 1 1 0 1 1 0 1 0 0 1 0 0 0 0 1 1 1 1 0 1 0 1 1 0 0 0 1 0 1 0]"
3,0.6542814405388728,"[1 1 1 1 0 1 0 1 0 1 0 1 1 1 0 1 1 1 1 1 1 1 0 1 1 1 0 0 1 1 0 0 1 0 0 0 1 0 0 1]"
3,0.5576079057505784,"[1 1 1 1 0 0 0 1 0 1 1 1 1 0 0 1 1 0 1 1 0 0 1 0 0 1 1 1 1 0 1 1 0 1 0 0 1 1 0 0]"
3,0.5576079057505784,"[1 1 1 1 0 0 0 1 0 1 1 1 1 0 0 1 1 0 1 1 0 0 1 0 0 1 1 1 1 0 1 1 0 1 0 0 1 1 0 0]"
3,0.7105490227316914,"[1 1 1 1 0 1 1 1 0 1 1 0 0 1 1 0 0 1 0 1 1 0 1 0 0 1 0 0 0 0 0 1 0 0 0 1 0 1 0 0]"
3,0.6542814405388728,"[1 1 1 1 0 1 0 1 0 1 0 1 1 1 0 1 1 1 1 1 1 1 0 1 1 1 0 0 1 1 0 0 1 0 0 0 1 0 0 1]"
3,0.45727347366363563,"[1 1 1 0 1 1 0 0 1 0 1 1 1 0 1 1 0 1 1 1 1 0 0 1 1 1 0 0 0 0 0 0 0 0 0 0 0 0 0 0]"
3,0.6305715483955716,"[1 1 1 1 0 1 0 0 0 1 1 1 0 1 1 0 1 0 0 1 0 0 0 0 1 1 1 1 0 1 0 1 1 0 0 0 1 0 1 0]"
3,0.6542814405388728,"[1 1 1 1 0 1 0 1 0 1 0 1 1 1 0 1 1 1 1 1 1 1 0 1 1 1 0 0 1 1 0 0 1 0 0 0 1 0 0 1]"
3,0.6542814405388728,"[1 1 1 1 0 1 0 1 0 1 0 1 1 1 0 1 1 1 1 1 1 1 0 1 1 1 0 0 1 1 0 0 1 0 0 0 1 0 0 1]"
3,0.18230612167985552,"[1 1 0 1 0 1 1 1 1 1 1 0 1 1 1 0 1 1 1 1 1 1 0 0 0 0 0 0 0 1 0 0 1 0 1 1 0 1 1 1]"
3,0.7105490227316914,"[1 1 1 1 0 1 1 1 0 1 1 0 0 1 1 0 0 1 0 1 1 0 1 0 0 1 0 0 0 0 0 1 0 0 0 1 0 1 0 0]"
3,0.6305715483955716,"[1 1 1 1 0 1 0 0 0 1 1 1 0 1 1 0 1 0 0 1 0 0 0 0 1 1 1 1 0 1 0 1 1 0 0 0 1 0 1 0]"
3,0.18230612167985552,"[1 1 0 1 0 1 1 1 1 1 1 0 1 1 1 0 1 1 1 1 1 1 0 0 0 0 0 0 0 1 0 0 1 0 1 1 0 1 1 1]"
3,0.02530415184818373,"[1 0 1 1 0 0 0 1 0 0 1 1 1 1 0 1 0 0 1 0 1 0 1 1 0 0 1 0 1 0 1 0 1 0 1 0 1 0 0 1]"
3,0.18230612167985552,"[1 1 0 1 0 1 1 1 1 1 1 0 1 1 1 0 1 1 1 1 1 1 0 0 0 0 0 0 0 1 0 0 1 0 1 1 0 1 1 1]"
3,0.5576079057505784,"[1 1 1 1 0 0 0 1 0 1 1 1 1 0 0 1 1 0 1 1 0 0 1 0 0 1 1 1 1 0 1 1 0 1 0 0 1 1 0 0]"
3,0.6542814405388728,"[1 1 1 1 0 1 0 1 0 1 0 1 1 1 0 1 1 1 1 1 1 1 0 1 1 1 0 0 1 1 0 0 1 0 0 0 1 0 0 1]"
3,0.6542814405388728,"[1 1 1 1 0 1 0 1 0 1 0 1 1 1 0 1 1 1 1 1 1 1 0 1 1 1 0 0 1 1 0 0 1 0 0 0 1 0 0 1]"
3,0.40312507917916374,"[1 1 1 0 1 0 0 1 1 1 0 0 0 1 0 0 0 1 1 1 0 1 0 0 0 1 0 1 0 1 1 1 1 1 0 0 0 1 1 1]"
3,0.02530415184818373,"[1 0 1 1 0 0 0 1 0 0 1 1 1 1 0 1 0 0 1 0 1 0 1 1 0 0 1 0 1 0 1 0 1 0 1 0 1 0 0 1]"
3,0.7105490227316914,"[1 1 1 1 0 1 1 1 0 1 1 0 0 1 1 0 0 1 0 1 1 0 1 0 0 1 0 0 0 0 0 1 0 0 0 1 0 1 0 0]"
3,0.6542814405388728,"[1 1 1 1 0 1 0 1 0 1 0 1 1 1 0 1 1 1 1 1 1 1 0 1 1 1 0 0 1 1 0 0 1 0 0 0 1 0 0 1]"
3,0.6305715483955716,"[1 1 1 1 0 1 0 0 0 1 1 1 0 1 1 0 1 0 0 1 0 0 0 0 1 1 1 1 0 1 0 1 1 0 0 0 1 0 1 0]"
3,0.6305715483955716,"[1 1 1 1 0 1 0 0 0 1 1 1 0 1 1 0 1 0 0 1 0 0 0 0 1 1 1 1 0 1 0 1 1 0 0 0 1 0 1 0]"
3,0.40312507917916374,"[1 1 1 0 1 0 0 1 1 1 0 0 0 1 0 0 0 1 1 1 0 1 0 0 0 1 0 1 0 1 1 1 1 1 0 0 0 1 1 1]"
3,0.7105490227316914,"[1 1 1 1 0 1 1 1 0 1 1 0 0 1 1 0 0 1 0 1 1 0 1 0 0 1 0 0 0 0 0 1 0 0 0 1 0 1 0 0]"
3,0.6305715483955716,"[1 1 1 1 0 1 0 0 0 1 1 1 0 1 1 0 1 0 0 1 0 0 0 0 1 1 1 1 0 1 0 1 1 0 0 0 1 0 1 0]"
3,0.3297282768116864,"[1 1 1 0 0 1 0 1 0 0 0 1 1 1 0 1 1 0 1 1 0 1 1 1 1 1 1 0 1 0 1 0 0 1 0 1 0 0 0 1]"
4,0.057269509757771654,"[1 1 0 0 0 0 0 0 0 1 0 1 0 0 1 0 1 1 0 0 1 1 1 1 1 0 1 0 1 1 0 0 1 1 1 1 1 0 1 0]"
4,0.3297282768116864,"[1 1 1 0 0 1 0 1 0 0 0 1 1 1 0 1 1 0 1 1 0 1 1 1 1 1 1 0 1 0 1 0 0 1 0 1 0 0 0 1]"
4,0.6305715483955716,"[1 1 1 1 0 1 0 0 0 1 1 1 0 1 1 0 1 0 0 1 0 0 0 0 1 1 1 1 0 1 0 1 1 0 0 0 1 0 1 0]"
4,0.6542814405388728,"[1 1 1 1 0 1 0 1 0 1 0 1 1 1 0 1 1 1 1 1 1 1 0 1 1 1 0 0 1 1 0 0 1 0 0 0 1 0 0 1]"
4,0.7105490227316914,"[1 1 1 1 0 1 1 1 0 1 1 0 0 1 1 0 0 1 0 1 1 0 1 0 0 1 0 0 0 0 0 1 0 0 0 1 0 1 0 0]"
4,0.7105490227316914,"[1 1 1 1 0 1 1 1 0 1 1 0 0 1 1 0 0 1 0 1 1 0 1 0 0 1 0 0 0 0 0 1 0 0 0 1 0 1 0 0]"
4,0.7105490227316914,"[1 1 1 1 0 1 1 1 0 1 1 0 0 1 1 0 0 1 0 1 1 0 1 0 0 1 0 0 0 0 0 1 0 0 0 1 0 1 0 0]"
4,0.18230612167985552,"[1 1 0 1 0 1 1 1 1 1 1 0 1 1 1 0 1 1 1 1 1 1 0 0 0 0 0 0 0 1 0 0 1 0 1 1 0 1 1 1]"
4,0.6305715483955716,"[1 1 1 1 0 1 0 0 0 1 1 1 0 1 1 0 1 0 0 1 0 0 0 0 1 1 1 1 0 1 0 1 1 0 0 0 1 0 1 0]"
4,0.7105490227316914,"[1 1 1 1 0 1 1 1 0 1 1 0 0 1 1 0 0 1 0 1 1 0 1 0 0 1 0 0 0 0 0 1 0 0 0 1 0 1 0 0]"
4,0.6542814405388728,"[1 1 1 1 0 1 0 1 0 1 0 1 1 1 0 1 1 1 1 1 1 1 0 1 1 1 0 0 1 1 0 0 1 0 0 0 1 0 0 1]"
4,0.3297282768116864,"[1 1 1 0 0 1 0 1 0 0 0 1 1 1 0 1 1 0 1 1 0 1 1 1 1 1 1 0 1 0 1 0 0 1 0 1 0 0 0 1]"
4,0.5576079057505784,"[1 1 1 1 0 0 0 1 0 1 1 1 1 0 0 1 1 0 1 1 0 0 1 0 0 1 1 1 1 0 1 1 0 1 0 0 1 1 0 0]"
4,0.7105490227316914,"[1 1 1 1 0 1 1 1 0 1 1 0 0 1 1 0 0 1 0 1 1 0 1 0 0 1 0 0 0 0 0 1 0 0 0 1 0 1 0 0]"
4,0.6542814405388728,"[1 1 1 1 0 1 0 1 0 1 0 1 1 1 0 1 1 1 1 1 1 1 0 1 1 1 0 0 1 1 0 0 1 0 0 0 1 0 0 1]"
4,0.6305715483955716,"[1 1 1 1 0 1 0 0 0 1 1 1 0 1 1 0 1 0 0 1 0 0 0 0 1 1 1 1 0 1 0 1 1 0 0 0 1 0 1 0]"
4,0.6542814405388728,"[1 1 1 1 0 1 0 1 0 1 0 1 1 1 0 1 1 1 1 1 1 1 0 1 1 1 0 0 1 1 0 0 1 0 0 0 1 0 0 1]"
4,0.7105490227316914,"[1 1 1 1 0 1 1 1 0 1 1 0 0 1 1 0 0 1 0 1 1 0 1 0 0 1 0 0 0 0 0 1 0 0 0 1 0 1 0 0]"
4,0.6542814405388728,"[1 1 1 1 0 1 0 1 0 1 0 1 1 1 0 1 1 1 1 1 1 1 0 1 1 1 0 0 1 1 0 0 1 0 0 0 1 0 0 1]"
4,0.7105490227316914,"[1 1 1 1 0 1 1 1 0 1 1 0 0 1 1 0 0 1 0 1 1 0 1 0 0 1 0 0 0 0 0 1 0 0 0 1 0 1 0 0]"
4,0.7105490227316914,"[1 1 1 1 0 1 1 1 0 1 1 0 0 1 1 0 0 1 0 1 1 0 1 0 0 1 0 0 0 0 0 1 0 0 0 1 0 1 0 0]"
4,0.6542814405388728,"[1 1 1 1 0 1 0 1 0 1 0 1 1 1 0 1 1 1 1 1 1 1 0 1 1 1 0 0 1 1 0 0 1 0 0 0 1 0 0 1]"
4,0.6305715483955716,"[1 1 1 1 0 1 0 0 0 1 1 1 0 1 1 0 1 0 0 1 0 0 0 0 1 1 1 1 0 1 0 1 1 0 0 0 1 0 1 0]"
4,0.6542814405388728,"[1 1 1 1 0 1 0 1 0 1 0 1 1 1 0 1 1 1 1 1 1 1 0 1 1 1 0 0 1 1 0 0 1 0 0 0 1 0 0 1]"
4,0.6542814405388728,"[1 1 1 1 0 1 0 1 0 1 0 1 1 1 0 1 1 1 1 1 1 1 0 1 1 1 0 0 1 1 0 0 1 0 0 0 1 0 0 1]"
4,0.7105490227316914,"[1 1 1 1 0 1 1 1 0 1 1 0 0 1 1 0 0 1 0 1 1 0 1 0 0 1 0 0 0 0 0 1 0 0 0 1 0 1 0 0]"
4,0.7105490227316914,"[1 1 1 1 0 1 1 1 0 1 1 0 0 1 1 0 0 1 0 1 1 0 1 0 0 1 0 0 0 0 0 1 0 0 0 1 0 1 0 0]"
4,0.18230612167985552,"[1 1 0 1 0 1 1 1 1 1 1 0 1 1 1 0 1 1 1 1 1 1 0 0 0 0 0 0 0 1 0 0 1 0 1 1 0 1 1 1]"
4,0.6542814405388728,"[1 1 1 1 0 1 0 1 0 1 0 1 1 1 0 1 1 1 1 1 1 1 0 1 1 1 0 0 1 1 0 0 1 0 0 0 1 0 0 1]"
4,0.6305715483955716,"[1 1 1 1 0 1 0 0 0 1 1 1 0 1 1 0 1 0 0 1 0 0 0 0 1 1 1 1 0 1 0 1 1 0 0 0 1 0 1 0]"
4,0.7105490227316914,"[1 1 1 1 0 1 1 1 0 1 1 0 0 1 1 0 0 1 0 1 1 0 1 0 0 1 0 0 0 0 0 1 0 0 0 1 0 1 0 0]"
4,0.7105490227316914,"[1 1 1 1 0 1 1 1 0 1 1 0 0 1 1 0 0 1 0 1 1 0 1 0 0 1 0 0 0 0 0 1 0 0 0 1 0 1 0 0]"
4,0.6305715483955716,"[1 1 1 1 0 1 0 0 0 1 1 1 0 1 1 0 1 0 0 1 0 0 0 0 1 1 1 1 0 1 0 1 1 0 0 0 1 0 1 0]"
4,0.6305715483955716,"[1 1 1 1 0 1 0 0 0 1 1 1 0 1 1 0 1 0 0 1 0 0 0 0 1 1 1 1 0 1 0 1 1 0 0 0 1 0 1 0]"
4,0.6305715483955716,"[1 1 1 1 0 1 0 0 0 1 1 1 0 1 1 0 1 0 0 1 0 0 0 0 1 1 1 1 0 1 0 1 1 0 0 0 1 0 1 0]"
4,0.45727347366363563,"[1 1 1 0 1 1 0 0 1 0 1 1 1 0 1 1 0 1 1 1 1 0 0 1 1 1 0 0 0 0 0 0 0 0 0 0 0 0 0 0]"
4,0.6305715483955716,"[1 1 1 1 0 1 0 0 0 1 1 1 0 1 1 0 1 0 0 1 0 0 0 0 1 1 1 1 0 1 0 1 1 0 0 0 1 0 1 0]"
4,0.7105490227316914,"[1 1 1 1 0 1 1 1 0 1 1 0 0 1 1 0 0 1 0 1 1 0 1 0 0 1 0 0 0 0 0 1 0 0 0 1 0 1 0 0]"
4,0.7105490227316914,"[1 1 1 1 0 1 1 1 0 1 1 0 0 1 1 0 0 1 0 1 1 0 1 0 0 1 0 0 0 0 0 1 0 0 0 1 0 1 0 0]"
4,0.6542814405388728,"[1 1 1 1 0 1 0 1 0 1 0 1 1 1 0 1 1 1 1 1 1 1 0 1 1 1 0 0 1 1 0 0 1 0 0 0 1 0 0 1]"
4,0.7105490227316914,"[1 1 1 1 0 1 1 1 0 1 1 0 0 1 1 0 0 1 0 1 1 0 1 0 0 1 0 0 0 0 0 1 0 0 0 1 0 1 0 0]"
4,0.7105490227316914,"[1 1 1 1 0 1 1 1 0 1 1 0 0 1 1 0 0 1 0 1 1 0 1 0 0 1 0 0 0 0 0 1 0 0 0 1 0 1 0 0]"
4,0.5576079057505784,"[1 1 1 1 0 0 0 1 0 1 1 1 1 0 0 1 1 0 1 1 0 0 1 0 0 1 1 1 1 0 1 1 0 1 0 0 1 1 0 0]"
4,0.6305715483955716,"[1 1 1 1 0 1 0 0 0 1 1 1 0 1 1 0 1 0 0 1 0 0 0 0 1 1 1 1 0 1 0 1 1 0 0 0 1 0 1 0]"
4,0.35379536057587757,"[1 1 1 0 0 1 1 0 1 0 1 1 1 1 0 0 0 1 1 0 0 1 0 0 0 0 1 1 0 0 1 1 0 0 0 1 1 0 0 0]"
4,0.7105490227316914,"[1 1 1 1 0 1 1 1 0 1 1 0 0 1 1 0 0 1 0 1 1 0 1 0 0 1 0 0 0 0 0 1 0 0 0 1 0 1 0 0]"
4,0.6542814405388728,"[1 1 1 1 0 1 0 1 0 1 0 1 1 1 0 1 1 1 1 1 1 1 0 1 1 1 0 0 1 1 0 0 1 0 0 0 1 0 0 1]"
4,0.6305715483955716,"[1 1 1 1 0 1 0 0 0 1 1 1 0 1 1 0 1 0 0 1 0 0 0 0 1 1 1 1 0 1 0 1 1 0 0 0 1 0 1 0]"
4,0.6542814405388728,"[1 1 1 1 0 1 0 1 0 1 0 1 1 1 0 1 1 1 1 1 1 1 0 1 1 1 0 0 1 1 0 0 1 0 0 0 1 0 0 1]"
4,0.40312507917916374,"[1 1 1 0 1 0 0 1 1 1 0 0 0 1 0 0 0 1 1 1 0 1 0 0 0 1 0 1 0 1 1 1 1 1 0 0 0 1 1 1]"
4,0.6542814405388728,"[1 1 1 1 0 1 0 1 0 1 0 1 1 1 0 1 1 1 1 1 1 1 0 1 1 1 0 0 1 1 0 0 1 0 0 0 1 0 0 1]"
4,0.6542814405388728,"[1 1 1 1 0 1 0 1 0 1 0 1 1 1 0 1 1 1 1 1 1 1 0 1 1 1 0 0 1 1 0 0 1 0 0 0 1 0 0 1]"
4,0.5973313790751236,"[1 1 1 1 0 0 1 1 0 0 1 0 0 1 0 0 1 0 0 1 0 0 0 1 1 0 1 0 0 1 0 1 0 1 0 0 0 0 1 0]"
4,0.6542814405388728,"[1 1 1 1 0 1 0 1 0 1 0 1 1 1 0 1 1 1 1 1 1 1 0 1 1 1 0 0 1 1 0 0 1 0 0 0 1 0 0 1]"
4,0.35379536057587757,"[1 1 1 0 0 1 1 0 1 0 1 1 1 1 0 0 0 1 1 0 0 1 0 0 0 0 1 1 0 0 1 1 0 0 0 1 1 0 0 0]"
4,0.7105490227316914,"[1 1 1 1 0 1 1 1 0 1 1 0 0 1 1 0 0 1 0 1 1 0 1 0 0 1 0 0 0 0 0 1 0 0 0 1 0 1 0 0]"
4,0.7105490227316914,"[1 1 1 1 0 1 1 1 0 1 1 0 0 1 1 0 0 1 0 1 1 0 1 0 0 1 0 0 0 0 0 1 0 0 0 1 0 1 0 0]"
4,0.7105490227316914,"[1 1 1 1 0 1 1 1 0 1 1 0 0 1 1 0 0 1 0 1 1 0 1 0 0 1 0 0 0 0 0 1 0 0 0 1 0 1 0 0]"
4,0.6542814405388728,"[1 1 1 1 0 1 0 1 0 1 0 1 1 1 0 1 1 1 1 1 1 1 0 1 1 1 0 0 1 1 0 0 1 0 0 0 1 0 0 1]"
4,0.6305715483955716,"[1 1 1 1 0 1 0 0 0 1 1 1 0 1 1 0 1 0 0 1 0 0 0 0 1 1 1 1 0 1 0 1 1 0 0 0 1 0 1 0]"
4,0.40312507917916374,"[1 1 1 0 1 0 0 1 1 1 0 0 0 1 0 0 0 1 1 1 0 1 0 0 0 1 0 1 0 1 1 1 1 1 0 0 0 1 1 1]"
4,0.6542814405388728,"[1 1 1 1 0 1 0 1 0 1 0 1 1 1 0 1 1 1 1 1 1 1 0 1 1 1 0 0 1 1 0 0 1 0 0 0 1 0 0 1]"
4,0.7105490227316914,"[1 1 1 1 0 1 1 1 0 1 1 0 0 1 1 0 0 1 0 1 1 0 1 0 0 1 0 0 0 0 0 1 0 0 0 1 0 1 0 0]"
4,0.6305715483955716,"[1 1 1 1 0 1 0 0 0 1 1 1 0 1 1 0 1 0 0 1 0 0 0 0 1 1 1 1 0 1 0 1 1 0 0 0 1 0 1 0]"
4,0.7105490227316914,"[1 1 1 1 0 1 1 1 0 1 1 0 0 1 1 0 0 1 0 1 1 0 1 0 0 1 0 0 0 0 0 1 0 0 0 1 0 1 0 0]"
4,0.5576079057505784,"[1 1 1 1 0 0 0 1 0 1 1 1 1 0 0 1 1 0 1 1 0 0 1 0 0 1 1 1 1 0 1 1 0 1 0 0 1 1 0 0]"
4,0.7105490227316914,"[1 1 1 1 0 1 1 1 0 1 1 0 0 1 1 0 0 1 0 1 1 0 1 0 0 1 0 0 0 0 0 1 0 0 0 1 0 1 0 0]"
4,0.6542814405388728,"[1 1 1 1 0 1 0 1 0 1 0 1 1 1 0 1 1 1 1 1 1 1 0 1 1 1 0 0 1 1 0 0 1 0 0 0 1 0 0 1]"
4,0.7105490227316914,"[1 1 1 1 0 1 1 1 0 1 1 0 0 1 1 0 0 1 0 1 1 0 1 0 0 1 0 0 0 0 0 1 0 0 0 1 0 1 0 0]"
4,0.7105490227316914,"[1 1 1 1 0 1 1 1 0 1 1 0 0 1 1 0 0 1 0 1 1 0 1 0 0 1 0 0 0 0 0 1 0 0 0 1 0 1 0 0]"
4,0.581871755770198,"[1 1 1 1 0 0 1 0 1 0 0 0 0 0 0 1 1 0 0 1 0 0 0 0 1 0 1 1 0 1 0 1 1 0 0 1 1 1 0 0]"
4,0.7105490227316914,"[1 1 1 1 0 1 1 1 0 1 1 0 0 1 1 0 0 1 0 1 1 0 1 0 0 1 0 0 0 0 0 1 0 0 0 1 0 1 0 0]"
4,0.7105490227316914,"[1 1 1 1 0 1 1 1 0 1 1 0 0 1 1 0 0 1 0 1 1 0 1 0 0 1 0 0 0 0 0 1 0 0 0 1 0 1 0 0]"
4,0.6305715483955716,"[1 1 1 1 0 1 0 0 0 1 1 1 0 1 1 0 1 0 0 1 0 0 0 0 1 1 1 1 0 1 0 1 1 0 0 0 1 0 1 0]"
4,0.6542814405388728,"[1 1 1 1 0 1 0 1 0 1 0 1 1 1 0 1 1 1 1 1 1 1 0 1 1 1 0 0 1 1 0 0 1 0 0 0 1 0 0 1]"
4,0.18230612167985552,"[1 1 0 1 0 1 1 1 1 1 1 0 1 1 1 0 1 1 1 1 1 1 0 0 0 0 0 0 0 1 0 0 1 0 1 1 0 1 1 1]"
4,0.3297282768116864,"[1 1 1 0 0 1 0 1 0 0 0 1 1 1 0 1 1 0 1 1 0 1 1 1 1 1 1 0 1 0 1 0 0 1 0 1 0 0 0 1]"
4,0.6542814405388728,"[1 1 1 1 0 1 0 1 0 1 0 1 1 1 0 1 1 1 1 1 1 1 0 1 1 1 0 0 1 1 0 0 1 0 0 0 1 0 0 1]"
4,0.6305715483955716,"[1 1 1 1 0 1 0 0 0 1 1 1 0 1 1 0 1 0 0 1 0 0 0 0 1 1 1 1 0 1 0 1 1 0 0 0 1 0 1 0]"
4,0.7105490227316914,"[1 1 1 1 0 1 1 1 0 1 1 0 0 1 1 0 0 1 0 1 1 0 1 0 0 1 0 0 0 0 0 1 0 0 0 1 0 1 0 0]"
4,0.7105490227316914,"[1 1 1 1 0 1 1 1 0 1 1 0 0 1 1 0 0 1 0 1 1 0 1 0 0 1 0 0 0 0 0 1 0 0 0 1 0 1 0 0]"
4,0.6305715483955716,"[1 1 1 1 0 1 0 0 0 1 1 1 0 1 1 0 1 0 0 1 0 0 0 0 1 1 1 1 0 1 0 1 1 0 0 0 1 0 1 0]"
4,0.7105490227316914,"[1 1 1 1 0 1 1 1 0 1 1 0 0 1 1 0 0 1 0 1 1 0 1 0 0 1 0 0 0 0 0 1 0 0 0 1 0 1 0 0]"
4,0.7105490227316914,"[1 1 1 1 0 1 1 1 0 1 1 0 0 1 1 0 0 1 0 1 1 0 1 0 0 1 0 0 0 0 0 1 0 0 0 1 0 1 0 0]"
4,0.6305715483955716,"[1 1 1 1 0 1 0 0 0 1 1 1 0 1 1 0 1 0 0 1 0 0 0 0 1 1 1 1 0 1 0 1 1 0 0 0 1 0 1 0]"
4,0.6542814405388728,"[1 1 1 1 0 1 0 1 0 1 0 1 1 1 0 1 1 1 1 1 1 1 0 1 1 1 0 0 1 1 0 0 1 0 0 0 1 0 0 1]"
4,0.7105490227316914,"[1 1 1 1 0 1 1 1 0 1 1 0 0 1 1 0 0 1 0 1 1 0 1 0 0 1 0 0 0 0 0 1 0 0 0 1 0 1 0 0]"
4,0.5576079057505784,"[1 1 1 1 0 0 0 1 0 1 1 1 1 0 0 1 1 0 1 1 0 0 1 0 0 1 1 1 1 0 1 1 0 1 0 0 1 1 0 0]"
4,0.6305715483955716,"[1 1 1 1 0 1 0 0 0 1 1 1 0 1 1 0 1 0 0 1 0 0 0 0 1 1 1 1 0 1 0 1 1 0 0 0 1 0 1 0]"
4,0.6542814405388728,"[1 1 1 1 0 1 0 1 0 1 0 1 1 1 0 1 1 1 1 1 1 1 0 1 1 1 0 0 1 1 0 0 1 0 0 0 1 0 0 1]"
4,0.7105490227316914,"[1 1 1 1 0 1 1 1 0 1 1 0 0 1 1 0 0 1 0 1 1 0 1 0 0 1 0 0 0 0 0 1 0 0 0 1 0 1 0 0]"
4,0.6305715483955716,"[1 1 1 1 0 1 0 0 0 1 1 1 0 1 1 0 1 0 0 1 0 0 0 0 1 1 1 1 0 1 0 1 1 0 0 0 1 0 1 0]"
4,0.7105490227316914,"[1 1 1 1 0 1 1 1 0 1 1 0 0 1 1 0 0 1 0 1 1 0 1 0 0 1 0 0 0 0 0 1 0 0 0 1 0 1 0 0]"
4,0.7105490227316914,"[1 1 1 1 0 1 1 1 0 1 1 0 0 1 1 0 0 1 0 1 1 0 1 0 0 1 0 0 0 0 0 1 0 0 0 1 0 1 0 0]"
4,0.7105490227316914,"[1 1 1 1 0 1 1 1 0 1 1 0 0 1 1 0 0 1 0 1 1 0 1 0 0 1 0 0 0 0 0 1 0 0 0 1 0 1 0 0]"
4,0.6305715483955716,"[1 1 1 1 0 1 0 0 0 1 1 1 0 1 1 0 1 0 0 1 0 0 0 0 1 1 1 1 0 1 0 1 1 0 0 0 1 0 1 0]"
4,0.7105490227316914,"[1 1 1 1 0 1 1 1 0 1 1 0 0 1 1 0 0 1 0 1 1 0 1 0 0 1 0 0 0 0 0 1 0 0 0 1 0 1 0 0]"
4,0.7105490227316914,"[1 1 1 1 0 1 1 1 0 1 1 0 0 1 1 0 0 1 0 1 1 0 1 0 0 1 0 0 0 0 0 1 0 0 0 1 0 1 0 0]"
4,0.7105490227316914,"[1 1 1 1 0 1 1 1 0 1 1 0 0 1 1 0 0 1 0 1 1 0 1 0 0 1 0 0 0 0 0 1 0 0 0 1 0 1 0 0]"
4,0.7105490227316914,"[1 1 1 1 0 1 1 1 0 1 1 0 0 1 1 0 0 1 0 1 1 0 1 0 0 1 0 0 0 0 0 1 0 0 0 1 0 1 0 0]"
5,0.6305715483955716,"[1 1 1 1 0 1 0 0 0 1 1 1 0 1 1 0 1 0 0 1 0 0 0 0 1 1 1 1 0 1 0 1 1 0 0 0 1 0 1 0]"
5,0.7105490227316914,"[1 1 1 1 0 1 1 1 0 1 1 0 0 1 1 0 0 1 0 1 1 0 1 0 0 1 0 0 0 0 0 1 0 0 0 1 0 1 0 0]"
5,0.7105490227316914,"[1 1 1 1 0 1 1 1 0 1 1 0 0 1 1 0 0 1 0 1 1 0 1 0 0 1 0 0 0 0 0 1 0 0 0 1 0 1 0 0]"
5,0.7105490227316914,"[1 1 1 1 0 1 1 1 0 1 1 0 0 1 1 0 0 1 0 1 1 0 1 0 0 1 0 0 0 0 0 1 0 0 0 1 0 1 0 0]"
5,0.6542814405388728,"[1 1 1 1 0 1 0 1 0 1 0 1 1 1 0 1 1 1 1 1 1 1 0 1 1 1 0 0 1 1 0 0 1 0 0 0 1 0 0 1]"
5,0.7105490227316914,"[1 1 1 1 0 1 1 1 0 1 1 0 0 1 1 0 0 1 0 1 1 0 1 0 0 1 0 0 0 0 0 1 0 0 0 1 0 1 0 0]"
5,0.7105490227316914,"[1 1 1 1 0 1 1 1 0 1 1 0 0 1 1 0 0 1 0 1 1 0 1 0 0 1 0 0 0 0 0 1 0 0 0 1 0 1 0 0]"
5,0.7105490227316914,"[1 1 1 1 0 1 1 1 0 1 1 0 0 1 1 0 0 1 0 1 1 0 1 0 0 1 0 0 0 0 0 1 0 0 0 1 0 1 0 0]"
5,0.7105490227316914,"[1 1 1 1 0 1 1 1 0 1 1 0 0 1 1 0 0 1 0 1 1 0 1 0 0 1 0 0 0 0 0 1 0 0 0 1 0 1 0 0]"
5,0.6305715483955716,"[1 1 1 1 0 1 0 0 0 1 1 1 0 1 1 0 1 0 0 1 0 0 0 0 1 1 1 1 0 1 0 1 1 0 0 0 1 0 1 0]"
5,0.7105490227316914,"[1 1 1 1 0 1 1 1 0 1 1 0 0 1 1 0 0 1 0 1 1 0 1 0 0 1 0 0 0 0 0 1 0 0 0 1 0 1 0 0]"
5,0.6305715483955716,"[1 1 1 1 0 1 0 0 0 1 1 1 0 1 1 0 1 0 0 1 0 0 0 0 1 1 1 1 0 1 0 1 1 0 0 0 1 0 1 0]"
5,0.7105490227316914,"[1 1 1 1 0 1 1 1 0 1 1 0 0 1 1 0 0 1 0 1 1 0 1 0 0 1 0 0 0 0 0 1 0 0 0 1 0 1 0 0]"
5,0.7105490227316914,"[1 1 1 1 0 1 1 1 0 1 1 0 0 1 1 0 0 1 0 1 1 0 1 0 0 1 0 0 0 0 0 1 0 0 0 1 0 1 0 0]"
5,0.6542814405388728,"[1 1 1 1 0 1 0 1 0 1 0 1 1 1 0 1 1 1 1 1 1 1 0 1 1 1 0 0 1 1 0 0 1 0 0 0 1 0 0 1]"
5,0.6542814405388728,"[1 1 1 1 0 1 0 1 0 1 0 1 1 1 0 1 1 1 1 1 1 1 0 1 1 1 0 0 1 1 0 0 1 0 0 0 1 0 0 1]"
5,0.6542814405388728,"[1 1 1 1 0 1 0 1 0 1 0 1 1 1 0 1 1 1 1 1 1 1 0 1 1 1 0 0 1 1 0 0 1 0 0 0 1 0 0 1]"
5,0.7105490227316914,"[1 1 1 1 0 1 1 1 0 1 1 0 0 1 1 0 0 1 0 1 1 0 1 0 0 1 0 0 0 0 0 1 0 0 0 1 0 1 0 0]"
5,0.7105490227316914,"[1 1 1 1 0 1 1 1 0 1 1 0 0 1 1 0 0 1 0 1 1 0 1 0 0 1 0 0 0 0 0 1 0 0 0 1 0 1 0 0]"
5,0.7105490227316914,"[1 1 1 1 0 1 1 1 0 1 1 0 0 1 1 0 0 1 0 1 1 0 1 0 0 1 0 0 0 0 0 1 0 0 0 1 0 1 0 0]"
5,0.6305715483955716,"[1 1 1 1 0 1 0 0 0 1 1 1 0 1 1 0 1 0 0 1 0 0 0 0 1 1 1 1 0 1 0 1 1 0 0 0 1 0 1 0]"
5,0.7105490227316914,"[1 1 1 1 0 1 1 1 0 1 1 0 0 1 1 0 0 1 0 1 1 0 1 0 0 1 0 0 0 0 0 1 0 0 0 1 0 1 0 0]"
5,0.7105490227316914,"[1 1 1 1 0 1 1 1 0 1 1 0 0 1 1 0 0 1 0 1 1 0 1 0 0 1 0 0 0 0 0 1 0 0 0 1 0 1 0 0]"
5,0.6542814405388728,"[1 1 1 1 0 1 0 1 0 1 0 1 1 1 0 1 1 1 1 1 1 1 0 1 1 1 0 0 1 1 0 0 1 0 0 0 1 0 0 1]"
5,0.7105490227316914,"[1 1 1 1 0 1 1 1 0 1 1 0 0 1 1 0 0 1 0 1 1 0 1 0 0 1 0 0 0 0 0 1 0 0 0 1 0 1 0 0]"
5,0.7105490227316914,"[1 1 1 1 0 1 1 1 0 1 1 0 0 1 1 0 0 1 0 1 1 0 1 0 0 1 0 0 0 0 0 1 0 0 0 1 0 1 0 0]"
5,0.7105490227316914,"[1 1 1 1 0 1 1 1 0 1 1 0 0 1 1 0 0 1 0 1 1 0 1 0 0 1 0 0 0 0 0 1 0 0 0 1 0 1 0 0]"
5,0.7105490227316914,"[1 1 1 1 0 1 1 1 0 1 1 0 0 1 1 0 0 1 0 1 1 0 1 0 0 1 0 0 0 0 0 1 0 0 0 1 0 1 0 0]"
5,0.6542814405388728,"[1 1 1 1 0 1 0 1 0 1 0 1 1 1 0 1 1 1 1 1 1 1 0 1 1 1 0 0 1 1 0 0 1 0 0 0 1 0 0 1]"
5,0.7105490227316914,"[1 1 1 1 0 1 1 1 0 1 1 0 0 1 1 0 0 1 0 1 1 0 1 0 0 1 0 0 0 0 0 1 0 0 0 1 0 1 0 0]"
5,0.7105490227316914,"[1 1 1 1 0 1 1 1 0 1 1 0 0 1 1 0 0 1 0 1 1 0 1 0 0 1 0 0 0 0 0 1 0 0 0 1 0 1 0 0]"
5,0.7105490227316914,"[1 1 1 1 0 1 1 1 0 1 1 0 0 1 1 0 0 1 0 1 1 0 1 0 0 1 0 0 0 0 0 1 0 0 0 1 0 1 0 0]"
5,0.6305715483955716,"[1 1 1 1 0 1 0 0 0 1 1 1 0 1 1 0 1 0 0 1 0 0 0 0 1 1 1 1 0 1 0 1 1 0 0 0 1 0 1 0]"
5,0.7105490227316914,"[1 1 1 1 0 1 1 1 0 1 1 0 0 1 1 0 0 1 0 1 1 0 1 0 0 1 0 0 0 0 0 1 0 0 0 1 0 1 0 0]"
5,0.7105490227316914,"[1 1 1 1 0 1 1 1 0 1 1 0 0 1 1 0 0 1 0 1 1 0 1 0 0 1 0 0 0 0 0 1 0 0 0 1 0 1 0 0]"
5,0.40312507917916374,"[1 1 1 0 1 0 0 1 1 1 0 0 0 1 0 0 0 1 1 1 0 1 0 0 0 1 0 1 0 1 1 1 1 1 0 0 0 1 1 1]"
5,0.7105490227316914,"[1 1 1 1 0 1 1 1 0 1 1 0 0 1 1 0 0 1 0 1 1 0 1 0 0 1 0 0 0 0 0 1 0 0 0 1 0 1 0 0]"
5,0.7105490227316914,"[1 1 1 1 0 1 1 1 0 1 1 0 0 1 1 0 0 1 0 1 1 0 1 0 0 1 0 0 0 0 0 1 0 0 0 1 0 1 0 0]"
5,0.6305715483955716,"[1 1 1 1 0 1 0 0 0 1 1 1 0 1 1 0 1 0 0 1 0 0 0 0 1 1 1 1 0 1 0 1 1 0 0 0 1 0 1 0]"
5,0.7105490227316914,"[1 1 1 1 0 1 1 1 0 1 1 0 0 1 1 0 0 1 0 1 1 0 1 0 0 1 0 0 0 0 0 1 0 0 0 1 0 1 0 0]"
5,0.7105490227316914,"[1 1 1 1 0 1 1 1 0 1 1 0 0 1 1 0 0 1 0 1 1 0 1 0 0 1 0 0 0 0 0 1 0 0 0 1 0 1 0 0]"
5,0.6542814405388728,"[1 1 1 1 0 1 0 1 0 1 0 1 1 1 0 1 1 1 1 1 1 1 0 1 1 1 0 0 1 1 0 0 1 0 0 0 1 0 0 1]"
5,0.7105490227316914,"[1 1 1 1 0 1 1 1 0 1 1 0 0 1 1 0 0 1 0 1 1 0 1 0 0 1 0 0 0 0 0 1 0 0 0 1 0 1 0 0]"
5,0.6305715483955716,"[1 1 1 1 0 1 0 0 0 1 1 1 0 1 1 0 1 0 0 1 0 0 0 0 1 1 1 1 0 1 0 1 1 0 0 0 1 0 1 0]"
5,0.6542814405388728,"[1 1 1 1 0 1 0 1 0 1 0 1 1 1 0 1 1 1 1 1 1 1 0 1 1 1 0 0 1 1 0 0 1 0 0 0 1 0 0 1]"
5,0.7105490227316914,"[1 1 1 1 0 1 1 1 0 1 1 0 0 1 1 0 0 1 0 1 1 0 1 0 0 1 0 0 0 0 0 1 0 0 0 1 0 1 0 0]"
5,0.7105490227316914,"[1 1 1 1 0 1 1 1 0 1 1 0 0 1 1 0 0 1 0 1 1 0 1 0 0 1 0 0 0 0 0 1 0 0 0 1 0 1 0 0]"
5,0.6305715483955716,"[1 1 1 1 0 1 0 0 0 1 1 1 0 1 1 0 1 0 0 1 0 0 0 0 1 1 1 1 0 1 0 1 1 0 0 0 1 0 1 0]"
5,0.6542814405388728,"[1 1 1 1 0 1 0 1 0 1 0 1 1 1 0 1 1 1 1 1 1 1 0 1 1 1 0 0 1 1 0 0 1 0 0 0 1 0 0 1]"
5,0.6542814405388728,"[1 1 1 1 0 1 0 1 0 1 0 1 1 1 0 1 1 1 1 1 1 1 0 1 1 1 0 0 1 1 0 0 1 0 0 0 1 0 0 1]"
5,0.7105490227316914,"[1 1 1 1 0 1 1 1 0 1 1 0 0 1 1 0 0 1 0 1 1 0 1 0 0 1 0 0 0 0 0 1 0 0 0 1 0 1 0 0]"
5,0.7105490227316914,"[1 1 1 1 0 1 1 1 0 1 1 0 0 1 1 0 0 1 0 1 1 0 1 0 0 1 0 0 0 0 0 1 0 0 0 1 0 1 0 0]"
5,0.7105490227316914,"[1 1 1 1 0 1 1 1 0 1 1 0 0 1 1 0 0 1 0 1 1 0 1 0 0 1 0 0 0 0 0 1 0 0 0 1 0 1 0 0]"
5,0.7105490227316914,"[1 1 1 1 0 1 1 1 0 1 1 0 0 1 1 0 0 1 0 1 1 0 1 0 0 1 0 0 0 0 0 1 0 0 0 1 0 1 0 0]"
5,0.6542814405388728,"[1 1 1 1 0 1 0 1 0 1 0 1 1 1 0 1 1 1 1 1 1 1 0 1 1 1 0 0 1 1 0 0 1 0 0 0 1 0 0 1]"
5,0.7105490227316914,"[1 1 1 1 0 1 1 1 0 1 1 0 0 1 1 0 0 1 0 1 1 0 1 0 0 1 0 0 0 0 0 1 0 0 0 1 0 1 0 0]"
5,0.7105490227316914,"[1 1 1 1 0 1 1 1 0 1 1 0 0 1 1 0 0 1 0 1 1 0 1 0 0 1 0 0 0 0 0 1 0 0 0 1 0 1 0 0]"
5,0.7105490227316914,"[1 1 1 1 0 1 1 1 0 1 1 0 0 1 1 0 0 1 0 1 1 0 1 0 0 1 0 0 0 0 0 1 0 0 0 1 0 1 0 0]"
5,0.5576079057505784,"[1 1 1 1 0 0 0 1 0 1 1 1 1 0 0 1 1 0 1 1 0 0 1 0 0 1 1 1 1 0 1 1 0 1 0 0 1 1 0 0]"
5,0.6542814405388728,"[1 1 1 1 0 1 0 1 0 1 0 1 1 1 0 1 1 1 1 1 1 1 0 1 1 1 0 0 1 1 0 0 1 0 0 0 1 0 0 1]"
5,0.7105490227316914,"[1 1 1 1 0 1 1 1 0 1 1 0 0 1 1 0 0 1 0 1 1 0 1 0 0 1 0 0 0 0 0 1 0 0 0 1 0 1 0 0]"
5,0.6305715483955716,"[1 1 1 1 0 1 0 0 0 1 1 1 0 1 1 0 1 0 0 1 0 0 0 0 1 1 1 1 0 1 0 1 1 0 0 0 1 0 1 0]"
5,0.7105490227316914,"[1 1 1 1 0 1 1 1 0 1 1 0 0 1 1 0 0 1 0 1 1 0 1 0 0 1 0 0 0 0 0 1 0 0 0 1 0 1 0 0]"
5,0.7105490227316914,"[1 1 1 1 0 1 1 1 0 1 1 0 0 1 1 0 0 1 0 1 1 0 1 0 0 1 0 0 0 0 0 1 0 0 0 1 0 1 0 0]"
5,0.6542814405388728,"[1 1 1 1 0 1 0 1 0 1 0 1 1 1 0 1 1 1 1 1 1 1 0 1 1 1 0 0 1 1 0 0 1 0 0 0 1 0 0 1]"
5,0.7105490227316914,"[1 1 1 1 0 1 1 1 0 1 1 0 0 1 1 0 0 1 0 1 1 0 1 0 0 1 0 0 0 0 0 1 0 0 0 1 0 1 0 0]"
5,0.7105490227316914,"[1 1 1 1 0 1 1 1 0 1 1 0 0 1 1 0 0 1 0 1 1 0 1 0 0 1 0 0 0 0 0 1 0 0 0 1 0 1 0 0]"
5,0.6542814405388728,"[1 1 1 1 0 1 0 1 0 1 0 1 1 1 0 1 1 1 1 1 1 1 0 1 1 1 0 0 1 1 0 0 1 0 0 0 1 0 0 1]"
5,0.7105490227316914,"[1 1 1 1 0 1 1 1 0 1 1 0 0 1 1 0 0 1 0 1 1 0 1 0 0 1 0 0 0 0 0 1 0 0 0 1 0 1 0 0]"
5,0.7105490227316914,"[1 1 1 1 0 1 1 1 0 1 1 0 0 1 1 0 0 1 0 1 1 0 1 0 0 1 0 0 0 0 0 1 0 0 0 1 0 1 0 0]"
5,0.7105490227316914,"[1 1 1 1 0 1 1 1 0 1 1 0 0 1 1 0 0 1 0 1 1 0 1 0 0 1 0 0 0 0 0 1 0 0 0 1 0 1 0 0]"
5,0.7105490227316914,"[1 1 1 1 0 1 1 1 0 1 1 0 0 1 1 0 0 1 0 1 1 0 1 0 0 1 0 0 0 0 0 1 0 0 0 1 0 1 0 0]"
5,0.6305715483955716,"[1 1 1 1 0 1 0 0 0 1 1 1 0 1 1 0 1 0 0 1 0 0 0 0 1 1 1 1 0 1 0 1 1 0 0 0 1 0 1 0]"
5,0.6542814405388728,"[1 1 1 1 0 1 0 1 0 1 0 1 1 1 0 1 1 1 1 1 1 1 0 1 1 1 0 0 1 1 0 0 1 0 0 0 1 0 0 1]"
5,0.7105490227316914,"[1 1 1 1 0 1 1 1 0 1 1 0 0 1 1 0 0 1 0 1 1 0 1 0 0 1 0 0 0 0 0 1 0 0 0 1 0 1 0 0]"
5,0.7105490227316914,"[1 1 1 1 0 1 1 1 0 1 1 0 0 1 1 0 0 1 0 1 1 0 1 0 0 1 0 0 0 0 0 1 0 0 0 1 0 1 0 0]"
5,0.6305715483955716,"[1 1 1 1 0 1 0 0 0 1 1 1 0 1 1 0 1 0 0 1 0 0 0 0 1 1 1 1 0 1 0 1 1 0 0 0 1 0 1 0]"
5,0.7105490227316914,"[1 1 1 1 0 1 1 1 0 1 1 0 0 1 1 0 0 1 0 1 1 0 1 0 0 1 0 0 0 0 0 1 0 0 0 1 0 1 0 0]"
5,0.7105490227316914,"[1 1 1 1 0 1 1 1 0 1 1 0 0 1 1 0 0 1 0 1 1 0 1 0 0 1 0 0 0 0 0 1 0 0 0 1 0 1 0 0]"
5,0.7105490227316914,"[1 1 1 1 0 1 1 1 0 1 1 0 0 1 1 0 0 1 0 1 1 0 1 0 0 1 0 0 0 0 0 1 0 0 0 1 0 1 0 0]"
5,0.6305715483955716,"[1 1 1 1 0 1 0 0 0 1 1 1 0 1 1 0 1 0 0 1 0 0 0 0 1 1 1 1 0 1 0 1 1 0 0 0 1 0 1 0]"
5,0.6305715483955716,"[1 1 1 1 0 1 0 0 0 1 1 1 0 1 1 0 1 0 0 1 0 0 0 0 1 1 1 1 0 1 0 1 1 0 0 0 1 0 1 0]"
5,0.6542814405388728,"[1 1 1 1 0 1 0 1 0 1 0 1 1 1 0 1 1 1 1 1 1 1 0 1 1 1 0 0 1 1 0 0 1 0 0 0 1 0 0 1]"
5,0.7105490227316914,"[1 1 1 1 0 1 1 1 0 1 1 0 0 1 1 0 0 1 0 1 1 0 1 0 0 1 0 0 0 0 0 1 0 0 0 1 0 1 0 0]"
5,0.7105490227316914,"[1 1 1 1 0 1 1 1 0 1 1 0 0 1 1 0 0 1 0 1 1 0 1 0 0 1 0 0 0 0 0 1 0 0 0 1 0 1 0 0]"
5,0.35379536057587757,"[1 1 1 0 0 1 1 0 1 0 1 1 1 1 0 0 0 1 1 0 0 1 0 0 0 0 1 1 0 0 1 1 0 0 0 1 1 0 0 0]"
5,0.7105490227316914,"[1 1 1 1 0 1 1 1 0 1 1 0 0 1 1 0 0 1 0 1 1 0 1 0 0 1 0 0 0 0 0 1 0 0 0 1 0 1 0 0]"
5,0.7105490227316914,"[1 1 1 1 0 1 1 1 0 1 1 0 0 1 1 0 0 1 0 1 1 0 1 0 0 1 0 0 0 0 0 1 0 0 0 1 0 1 0 0]"
5,0.6542814405388728,"[1 1 1 1 0 1 0 1 0 1 0 1 1 1 0 1 1 1 1 1 1 1 0 1 1 1 0 0 1 1 0 0 1 0 0 0 1 0 0 1]"
5,0.7105490227316914,"[1 1 1 1 0 1 1 1 0 1 1 0 0 1 1 0 0 1 0 1 1 0 1 0 0 1 0 0 0 0 0 1 0 0 0 1 0 1 0 0]"
5,0.7105490227316914,"[1 1 1 1 0 1 1 1 0 1 1 0 0 1 1 0 0 1 0 1 1 0 1 0 0 1 0 0 0 0 0 1 0 0 0 1 0 1 0 0]"
5,0.7105490227316914,"[1 1 1 1 0 1 1 1 0 1 1 0 0 1 1 0 0 1 0 1 1 0 1 0 0 1 0 0 0 0 0 1 0 0 0 1 0 1 0 0]"
5,0.7105490227316914,"[1 1 1 1 0 1 1 1 0 1 1 0 0 1 1 0 0 1 0 1 1 0 1 0 0 1 0 0 0 0 0 1 0 0 0 1 0 1 0 0]"
5,0.7105490227316914,"[1 1 1 1 0 1 1 1 0 1 1 0 0 1 1 0 0 1 0 1 1 0 1 0 0 1 0 0 0 0 0 1 0 0 0 1 0 1 0 0]"
5,0.6542814405388728,"[1 1 1 1 0 1 0 1 0 1 0 1 1 1 0 1 1 1 1 1 1 1 0 1 1 1 0 0 1 1 0 0 1 0 0 0 1 0 0 1]"
5,0.7105490227316914,"[1 1 1 1 0 1 1 1 0 1 1 0 0 1 1 0 0 1 0 1 1 0 1 0 0 1 0 0 0 0 0 1 0 0 0 1 0 1 0 0]"
5,0.6542814405388728,"[1 1 1 1 0 1 0 1 0 1 0 1 1 1 0 1 1 1 1 1 1 1 0 1 1 1 0 0 1 1 0 0 1 0 0 0 1 0 0 1]"
5,0.7105490227316914,"[1 1 1 1 0 1 1 1 0 1 1 0 0 1 1 0 0 1 0 1 1 0 1 0 0 1 0 0 0 0 0 1 0 0 0 1 0 1 0 0]"
5,0.7105490227316914,"[1 1 1 1 0 1 1 1 0 1 1 0 0 1 1 0 0 1 0 1 1 0 1 0 0 1 0 0 0 0 0 1 0 0 0 1 0 1 0 0]"
5,0.6542814405388728,"[1 1 1 1 0 1 0 1 0 1 0 1 1 1 0 1 1 1 1 1 1 1 0 1 1 1 0 0 1 1 0 0 1 0 0 0 1 0 0 1]"
6,0.7105490227316914,"[1 1 1 1 0 1 1 1 0 1 1 0 0 1 1 0 0 1 0 1 1 0 1 0 0 1 0 0 0 0 0 1 0 0 0 1 0 1 0 0]"
6,0.7105490227316914,"[1 1 1 1 0 1 1 1 0 1 1 0 0 1 1 0 0 1 0 1 1 0 1 0 0 1 0 0 0 0 0 1 0 0 0 1 0 1 0 0]"
6,0.7105490227316914,"[1 1 1 1 0 1 1 1 0 1 1 0 0 1 1 0 0 1 0 1 1 0 1 0 0 1 0 0 0 0 0 1 0 0 0 1 0 1 0 0]"
6,0.6305715483955716,"[1 1 1 1 0 1 0 0 0 1 1 1 0 1 1 0 1 0 0 1 0 0 0 0 1 1 1 1 0 1 0 1 1 0 0 0 1 0 1 0]"
6,0.7105490227316914,"[1 1 1 1 0 1 1 1 0 1 1 0 0 1 1 0 0 1 0 1 1 0 1 0 0 1 0 0 0 0 0 1 0 0 0 1 0 1 0 0]"
6,0.7105490227316914,"[1 1 1 1 0 1 1 1 0 1 1 0 0 1 1 0 0 1 0 1 1 0 1 0 0 1 0 0 0 0 0 1 0 0 0 1 0 1 0 0]"
6,0.7105490227316914,"[1 1 1 1 0 1 1 1 0 1 1 0 0 1 1 0 0 1 0 1 1 0 1 0 0 1 0 0 0 0 0 1 0 0 0 1 0 1 0 0]"
6,0.6305715483955716,"[1 1 1 1 0 1 0 0 0 1 1 1 0 1 1 0 1 0 0 1 0 0 0 0 1 1 1 1 0 1 0 1 1 0 0 0 1 0 1 0]"
6,0.6305715483955716,"[1 1 1 1 0 1 0 0 0 1 1 1 0 1 1 0 1 0 0 1 0 0 0 0 1 1 1 1 0 1 0 1 1 0 0 0 1 0 1 0]"
6,0.6542814405388728,"[1 1 1 1 0 1 0 1 0 1 0 1 1 1 0 1 1 1 1 1 1 1 0 1 1 1 0 0 1 1 0 0 1 0 0 0 1 0 0 1]"
6,0.7105490227316914,"[1 1 1 1 0 1 1 1 0 1 1 0 0 1 1 0 0 1 0 1 1 0 1 0 0 1 0 0 0 0 0 1 0 0 0 1 0 1 0 0]"
6,0.7105490227316914,"[1 1 1 1 0 1 1 1 0 1 1 0 0 1 1 0 0 1 0 1 1 0 1 0 0 1 0 0 0 0 0 1 0 0 0 1 0 1 0 0]"
6,0.7105490227316914,"[1 1 1 1 0 1 1 1 0 1 1 0 0 1 1 0 0 1 0 1 1 0 1 0 0 1 0 0 0 0 0 1 0 0 0 1 0 1 0 0]"
6,0.7105490227316914,"[1 1 1 1 0 1 1 1 0 1 1 0 0 1 1 0 0 1 0 1 1 0 1 0 0 1 0 0 0 0 0 1 0 0 0 1 0 1 0 0]"
6,0.7105490227316914,"[1 1 1 1 0 1 1 1 0 1 1 0 0 1 1 0 0 1 0 1 1 0 1 0 0 1 0 0 0 0 0 1 0 0 0 1 0 1 0 0]"
6,0.7105490227316914,"[1 1 1 1 0 1 1 1 0 1 1 0 0 1 1 0 0 1 0 1 1 0 1 0 0 1 0 0 0 0 0 1 0 0 0 1 0 1 0 0]"
6,0.7105490227316914,"[1 1 1 1 0 1 1 1 0 1 1 0 0 1 1 0 0 1 0 1 1 0 1 0 0 1 0 0 0 0 0 1 0 0 0 1 0 1 0 0]"
6,0.6542814405388728,"[1 1 1 1 0 1 0 1 0 1 0 1 1 1 0 1 1 1 1 1 1 1 0 1 1 1 0 0 1 1 0 0 1 0 0 0 1 0 0 1]"
6,0.7105490227316914,"[1 1 1 1 0 1 1 1 0 1 1 0 0 1 1 0 0 1 0 1 1 0 1 0 0 1 0 0 0 0 0 1 0 0 0 1 0 1 0 0]"
6,0.7105490227316914,"[1 1 1 1 0 1 1 1 0 1 1 0 0 1 1 0 0 1 0 1 1 0 1 0 0 1 0 0 0 0 0 1 0 0 0 1 0 1 0 0]"
6,0.7105490227316914,"[1 1 1 1 0 1 1 1 0 1 1 0 0 1 1 0 0 1 0 1 1 0 1 0 0 1 0 0 0 0 0 1 0 0 0 1 0 1 0 0]"
6,0.7105490227316914,"[1 1 1 1 0 1 1 1 0 1 1 0 0 1 1 0 0 1 0 1 1 0 1 0 0 1 0 0 0 0 0 1 0 0 0 1 0 1 0 0]"
6,0.7105490227316914,"[1 1 1 1 0 1 1 1 0 1 1 0 0 1 1 0 0 1 0 1 1 0 1 0 0 1 0 0 0 0 0 1 0 0 0 1 0 1 0 0]"
6,0.7105490227316914,"[1 1 1 1 0 1 1 1 0 1 1 0 0 1 1 0 0 1 0 1 1 0 1 0 0 1 0 0 0 0 0 1 0 0 0 1 0 1 0 0]"
6,0.6542814405388728,"[1 1 1 1 0 1 0 1 0 1 0 1 1 1 0 1 1 1 1 1 1 1 0 1 1 1 0 0 1 1 0 0 1 0 0 0 1 0 0 1]"
6,0.7105490227316914,"[1 1 1 1 0 1 1 1 0 1 1 0 0 1 1 0 0 1 0 1 1 0 1 0 0 1 0 0 0 0 0 1 0 0 0 1 0 1 0 0]"
6,0.7105490227316914,"[1 1 1 1 0 1 1 1 0 1 1 0 0 1 1 0 0 1 0 1 1 0 1 0 0 1 0 0 0 0 0 1 0 0 0 1 0 1 0 0]"
6,0.7105490227316914,"[1 1 1 1 0 1 1 1 0 1 1 0 0 1 1 0 0 1 0 1 1 0 1 0 0 1 0 0 0 0 0 1 0 0 0 1 0 1 0 0]"
6,0.7105490227316914,"[1 1 1 1 0 1 1 1 0 1 1 0 0 1 1 0 0 1 0 1 1 0 1 0 0 1 0 0 0 0 0 1 0 0 0 1 0 1 0 0]"
6,0.7105490227316914,"[1 1 1 1 0 1 1 1 0 1 1 0 0 1 1 0 0 1 0 1 1 0 1 0 0 1 0 0 0 0 0 1 0 0 0 1 0 1 0 0]"
6,0.7105490227316914,"[1 1 1 1 0 1 1 1 0 1 1 0 0 1 1 0 0 1 0 1 1 0 1 0 0 1 0 0 0 0 0 1 0 0 0 1 0 1 0 0]"
6,0.7105490227316914,"[1 1 1 1 0 1 1 1 0 1 1 0 0 1 1 0 0 1 0 1 1 0 1 0 0 1 0 0 0 0 0 1 0 0 0 1 0 1 0 0]"
6,0.7105490227316914,"[1 1 1 1 0 1 1 1 0 1 1 0 0 1 1 0 0 1 0 1 1 0 1 0 0 1 0 0 0 0 0 1 0 0 0 1 0 1 0 0]"
6,0.7105490227316914,"[1 1 1 1 0 1 1 1 0 1 1 0 0 1 1 0 0 1 0 1 1 0 1 0 0 1 0 0 0 0 0 1 0 0 0 1 0 1 0 0]"
6,0.7105490227316914,"[1 1 1 1 0 1 1 1 0 1 1 0 0 1 1 0 0 1 0 1 1 0 1 0 0 1 0 0 0 0 0 1 0 0 0 1 0 1 0 0]"
6,0.7105490227316914,"[1 1 1 1 0 1 1 1 0 1 1 0 0 1 1 0 0 1 0 1 1 0 1 0 0 1 0 0 0 0 0 1 0 0 0 1 0 1 0 0]"
6,0.7105490227316914,"[1 1 1 1 0 1 1 1 0 1 1 0 0 1 1 0 0 1 0 1 1 0 1 0 0 1 0 0 0 0 0 1 0 0 0 1 0 1 0 0]"
6,0.7105490227316914,"[1 1 1 1 0 1 1 1 0 1 1 0 0 1 1 0 0 1 0 1 1 0 1 0 0 1 0 0 0 0 0 1 0 0 0 1 0 1 0 0]"
6,0.7105490227316914,"[1 1 1 1 0 1 1 1 0 1 1 0 0 1 1 0 0 1 0 1 1 0 1 0 0 1 0 0 0 0 0 1 0 0 0 1 0 1 0 0]"
6,0.7105490227316914,"[1 1 1 1 0 1 1 1 0 1 1 0 0 1 1 0 0 1 0 1 1 0 1 0 0 1 0 0 0 0 0 1 0 0 0 1 0 1 0 0]"
6,0.6542814405388728,"[1 1 1 1 0 1 0 1 0 1 0 1 1 1 0 1 1 1 1 1 1 1 0 1 1 1 0 0 1 1 0 0 1 0 0 0 1 0 0 1]"
6,0.7105490227316914,"[1 1 1 1 0 1 1 1 0 1 1 0 0 1 1 0 0 1 0 1 1 0 1 0 0 1 0 0 0 0 0 1 0 0 0 1 0 1 0 0]"
6,0.7105490227316914,"[1 1 1 1 0 1 1 1 0 1 1 0 0 1 1 0 0 1 0 1 1 0 1 0 0 1 0 0 0 0 0 1 0 0 0 1 0 1 0 0]"
6,0.7105490227316914,"[1 1 1 1 0 1 1 1 0 1 1 0 0 1 1 0 0 1 0 1 1 0 1 0 0 1 0 0 0 0 0 1 0 0 0 1 0 1 0 0]"
6,0.6542814405388728,"[1 1 1 1 0 1 0 1 0 1 0 1 1 1 0 1 1 1 1 1 1 1 0 1 1 1 0 0 1 1 0 0 1 0 0 0 1 0 0 1]"
6,0.7105490227316914,"[1 1 1 1 0 1 1 1 0 1 1 0 0 1 1 0 0 1 0 1 1 0 1 0 0 1 0 0 0 0 0 1 0 0 0 1 0 1 0 0]"
6,0.7105490227316914,"[1 1 1 1 0 1 1 1 0 1 1 0 0 1 1 0 0 1 0 1 1 0 1 0 0 1 0 0 0 0 0 1 0 0 0 1 0 1 0 0]"
6,0.7105490227316914,"[1 1 1 1 0 1 1 1 0 1 1 0 0 1 1 0 0 1 0 1 1 0 1 0 0 1 0 0 0 0 0 1 0 0 0 1 0 1 0 0]"
6,0.7105490227316914,"[1 1 1 1 0 1 1 1 0 1 1 0 0 1 1 0 0 1 0 1 1 0 1 0 0 1 0 0 0 0 0 1 0 0 0 1 0 1 0 0]"
6,0.7105490227316914,"[1 1 1 1 0 1 1 1 0 1 1 0 0 1 1 0 0 1 0 1 1 0 1 0 0 1 0 0 0 0 0 1 0 0 0 1 0 1 0 0]"
6,0.7105490227316914,"[1 1 1 1 0 1 1 1 0 1 1 0 0 1 1 0 0 1 0 1 1 0 1 0 0 1 0 0 0 0 0 1 0 0 0 1 0 1 0 0]"
6,0.7105490227316914,"[1 1 1 1 0 1 1 1 0 1 1 0 0 1 1 0 0 1 0 1 1 0 1 0 0 1 0 0 0 0 0 1 0 0 0 1 0 1 0 0]"
6,0.7105490227316914,"[1 1 1 1 0 1 1 1 0 1 1 0 0 1 1 0 0 1 0 1 1 0 1 0 0 1 0 0 0 0 0 1 0 0 0 1 0 1 0 0]"
6,0.7105490227316914,"[1 1 1 1 0 1 1 1 0 1 1 0 0 1 1 0 0 1 0 1 1 0 1 0 0 1 0 0 0 0 0 1 0 0 0 1 0 1 0 0]"
6,0.7105490227316914,"[1 1 1 1 0 1 1 1 0 1 1 0 0 1 1 0 0 1 0 1 1 0 1 0 0 1 0 0 0 0 0 1 0 0 0 1 0 1 0 0]"
6,0.7105490227316914,"[1 1 1 1 0 1 1 1 0 1 1 0 0 1 1 0 0 1 0 1 1 0 1 0 0 1 0 0 0 0 0 1 0 0 0 1 0 1 0 0]"
6,0.7105490227316914,"[1 1 1 1 0 1 1 1 0 1 1 0 0 1 1 0 0 1 0 1 1 0 1 0 0 1 0 0 0 0 0 1 0 0 0 1 0 1 0 0]"
6,0.7105490227316914,"[1 1 1 1 0 1 1 1 0 1 1 0 0 1 1 0 0 1 0 1 1 0 1 0 0 1 0 0 0 0 0 1 0 0 0 1 0 1 0 0]"
6,0.6542814405388728,"[1 1 1 1 0 1 0 1 0 1 0 1 1 1 0 1 1 1 1 1 1 1 0 1 1 1 0 0 1 1 0 0 1 0 0 0 1 0 0 1]"
6,0.6542814405388728,"[1 1 1 1 0 1 0 1 0 1 0 1 1 1 0 1 1 1 1 1 1 1 0 1 1 1 0 0 1 1 0 0 1 0 0 0 1 0 0 1]"
6,0.7105490227316914,"[1 1 1 1 0 1 1 1 0 1 1 0 0 1 1 0 0 1 0 1 1 0 1 0 0 1 0 0 0 0 0 1 0 0 0 1 0 1 0 0]"
6,0.7105490227316914,"[1 1 1 1 0 1 1 1 0 1 1 0 0 1 1 0 0 1 0 1 1 0 1 0 0 1 0 0 0 0 0 1 0 0 0 1 0 1 0 0]"
6,0.7105490227316914,"[1 1 1 1 0 1 1 1 0 1 1 0 0 1 1 0 0 1 0 1 1 0 1 0 0 1 0 0 0 0 0 1 0 0 0 1 0 1 0 0]"
6,0.7105490227316914,"[1 1 1 1 0 1 1 1 0 1 1 0 0 1 1 0 0 1 0 1 1 0 1 0 0 1 0 0 0 0 0 1 0 0 0 1 0 1 0 0]"
6,0.7105490227316914,"[1 1 1 1 0 1 1 1 0 1 1 0 0 1 1 0 0 1 0 1 1 0 1 0 0 1 0 0 0 0 0 1 0 0 0 1 0 1 0 0]"
6,0.7105490227316914,"[1 1 1 1 0 1 1 1 0 1 1 0 0 1 1 0 0 1 0 1 1 0 1 0 0 1 0 0 0 0 0 1 0 0 0 1 0 1 0 0]"
6,0.7105490227316914,"[1 1 1 1 0 1 1 1 0 1 1 0 0 1 1 0 0 1 0 1 1 0 1 0 0 1 0 0 0 0 0 1 0 0 0 1 0 1 0 0]"
6,0.7105490227316914,"[1 1 1 1 0 1 1 1 0 1 1 0 0 1 1 0 0 1 0 1 1 0 1 0 0 1 0 0 0 0 0 1 0 0 0 1 0 1 0 0]"
6,0.7105490227316914,"[1 1 1 1 0 1 1 1 0 1 1 0 0 1 1 0 0 1 0 1 1 0 1 0 0 1 0 0 0 0 0 1 0 0 0 1 0 1 0 0]"
6,0.7105490227316914,"[1 1 1 1 0 1 1 1 0 1 1 0 0 1 1 0 0 1 0 1 1 0 1 0 0 1 0 0 0 0 0 1 0 0 0 1 0 1 0 0]"
6,0.7105490227316914,"[1 1 1 1 0 1 1 1 0 1 1 0 0 1 1 0 0 1 0 1 1 0 1 0 0 1 0 0 0 0 0 1 0 0 0 1 0 1 0 0]"
6,0.7105490227316914,"[1 1 1 1 0 1 1 1 0 1 1 0 0 1 1 0 0 1 0 1 1 0 1 0 0 1 0 0 0 0 0 1 0 0 0 1 0 1 0 0]"
6,0.7105490227316914,"[1 1 1 1 0 1 1 1 0 1 1 0 0 1 1 0 0 1 0 1 1 0 1 0 0 1 0 0 0 0 0 1 0 0 0 1 0 1 0 0]"
6,0.7105490227316914,"[1 1 1 1 0 1 1 1 0 1 1 0 0 1 1 0 0 1 0 1 1 0 1 0 0 1 0 0 0 0 0 1 0 0 0 1 0 1 0 0]"
6,0.7105490227316914,"[1 1 1 1 0 1 1 1 0 1 1 0 0 1 1 0 0 1 0 1 1 0 1 0 0 1 0 0 0 0 0 1 0 0 0 1 0 1 0 0]"
6,0.7105490227316914,"[1 1 1 1 0 1 1 1 0 1 1 0 0 1 1 0 0 1 0 1 1 0 1 0 0 1 0 0 0 0 0 1 0 0 0 1 0 1 0 0]"
6,0.7105490227316914,"[1 1 1 1 0 1 1 1 0 1 1 0 0 1 1 0 0 1 0 1 1 0 1 0 0 1 0 0 0 0 0 1 0 0 0 1 0 1 0 0]"
6,0.6305715483955716,"[1 1 1 1 0 1 0 0 0 1 1 1 0 1 1 0 1 0 0 1 0 0 0 0 1 1 1 1 0 1 0 1 1 0 0 0 1 0 1 0]"
6,0.7105490227316914,"[1 1 1 1 0 1 1 1 0 1 1 0 0 1 1 0 0 1 0 1 1 0 1 0 0 1 0 0 0 0 0 1 0 0 0 1 0 1 0 0]"
6,0.7105490227316914,"[1 1 1 1 0 1 1 1 0 1 1 0 0 1 1 0 0 1 0 1 1 0 1 0 0 1 0 0 0 0 0 1 0 0 0 1 0 1 0 0]"
6,0.7105490227316914,"[1 1 1 1 0 1 1 1 0 1 1 0 0 1 1 0 0 1 0 1 1 0 1 0 0 1 0 0 0 0 0 1 0 0 0 1 0 1 0 0]"
6,0.7105490227316914,"[1 1 1 1 0 1 1 1 0 1 1 0 0 1 1 0 0 1 0 1 1 0 1 0 0 1 0 0 0 0 0 1 0 0 0 1 0 1 0 0]"
6,0.7105490227316914,"[1 1 1 1 0 1 1 1 0 1 1 0 0 1 1 0 0 1 0 1 1 0 1 0 0 1 0 0 0 0 0 1 0 0 0 1 0 1 0 0]"
6,0.7105490227316914,"[1 1 1 1 0 1 1 1 0 1 1 0 0 1 1 0 0 1 0 1 1 0 1 0 0 1 0 0 0 0 0 1 0 0 0 1 0 1 0 0]"
6,0.7105490227316914,"[1 1 1 1 0 1 1 1 0 1 1 0 0 1 1 0 0 1 0 1 1 0 1 0 0 1 0 0 0 0 0 1 0 0 0 1 0 1 0 0]"
6,0.7105490227316914,"[1 1 1 1 0 1 1 1 0 1 1 0 0 1 1 0 0 1 0 1 1 0 1 0 0 1 0 0 0 0 0 1 0 0 0 1 0 1 0 0]"
6,0.7105490227316914,"[1 1 1 1 0 1 1 1 0 1 1 0 0 1 1 0 0 1 0 1 1 0 1 0 0 1 0 0 0 0 0 1 0 0 0 1 0 1 0 0]"
6,0.7105490227316914,"[1 1 1 1 0 1 1 1 0 1 1 0 0 1 1 0 0 1 0 1 1 0 1 0 0 1 0 0 0 0 0 1 0 0 0 1 0 1 0 0]"
6,0.7105490227316914,"[1 1 1 1 0 1 1 1 0 1 1 0 0 1 1 0 0 1 0 1 1 0 1 0 0 1 0 0 0 0 0 1 0 0 0 1 0 1 0 0]"
6,0.7105490227316914,"[1 1 1 1 0 1 1 1 0 1 1 0 0 1 1 0 0 1 0 1 1 0 1 0 0 1 0 0 0 0 0 1 0 0 0 1 0 1 0 0]"
6,0.7105490227316914,"[1 1 1 1 0 1 1 1 0 1 1 0 0 1 1 0 0 1 0 1 1 0 1 0 0 1 0 0 0 0 0 1 0 0 0 1 0 1 0 0]"
6,0.7105490227316914,"[1 1 1 1 0 1 1 1 0 1 1 0 0 1 1 0 0 1 0 1 1 0 1 0 0 1 0 0 0 0 0 1 0 0 0 1 0 1 0 0]"
6,0.6542814405388728,"[1 1 1 1 0 1 0 1 0 1 0 1 1 1 0 1 1 1 1 1 1 1 0 1 1 1 0 0 1 1 0 0 1 0 0 0 1 0 0 1]"
6,0.6542814405388728,"[1 1 1 1 0 1 0 1 0 1 0 1 1 1 0 1 1 1 1 1 1 1 0 1 1 1 0 0 1 1 0 0 1 0 0 0 1 0 0 1]"
6,0.7105490227316914,"[1 1 1 1 0 1 1 1 0 1 1 0 0 1 1 0 0 1 0 1 1 0 1 0 0 1 0 0 0 0 0 1 0 0 0 1 0 1 0 0]"
6,0.7105490227316914,"[1 1 1 1 0 1 1 1 0 1 1 0 0 1 1 0 0 1 0 1 1 0 1 0 0 1 0 0 0 0 0 1 0 0 0 1 0 1 0 0]"
6,0.7105490227316914,"[1 1 1 1 0 1 1 1 0 1 1 0 0 1 1 0 0 1 0 1 1 0 1 0 0 1 0 0 0 0 0 1 0 0 0 1 0 1 0 0]"
6,0.6542814405388728,"[1 1 1 1 0 1 0 1 0 1 0 1 1 1 0 1 1 1 1 1 1 1 0 1 1 1 0 0 1 1 0 0 1 0 0 0 1 0 0 1]"
6,0.7105490227316914,"[1 1 1 1 0 1 1 1 0 1 1 0 0 1 1 0 0 1 0 1 1 0 1 0 0 1 0 0 0 0 0 1 0 0 0 1 0 1 0 0]"
6,0.7105490227316914,"[1 1 1 1 0 1 1 1 0 1 1 0 0 1 1 0 0 1 0 1 1 0 1 0 0 1 0 0 0 0 0 1 0 0 0 1 0 1 0 0]"
7,0.7105490227316914,"[1 1 1 1 0 1 1 1 0 1 1 0 0 1 1 0 0 1 0 1 1 0 1 0 0 1 0 0 0 0 0 1 0 0 0 1 0 1 0 0]"
7,0.7105490227316914,"[1 1 1 1 0 1 1 1 0 1 1 0 0 1 1 0 0 1 0 1 1 0 1 0 0 1 0 0 0 0 0 1 0 0 0 1 0 1 0 0]"
7,0.7105490227316914,"[1 1 1 1 0 1 1 1 0 1 1 0 0 1 1 0 0 1 0 1 1 0 1 0 0 1 0 0 0 0 0 1 0 0 0 1 0 1 0 0]"
7,0.7105490227316914,"[1 1 1 1 0 1 1 1 0 1 1 0 0 1 1 0 0 1 0 1 1 0 1 0 0 1 0 0 0 0 0 1 0 0 0 1 0 1 0 0]"
7,0.7105490227316914,"[1 1 1 1 0 1 1 1 0 1 1 0 0 1 1 0 0 1 0 1 1 0 1 0 0 1 0 0 0 0 0 1 0 0 0 1 0 1 0 0]"
7,0.7105490227316914,"[1 1 1 1 0 1 1 1 0 1 1 0 0 1 1 0 0 1 0 1 1 0 1 0 0 1 0 0 0 0 0 1 0 0 0 1 0 1 0 0]"
7,0.7105490227316914,"[1 1 1 1 0 1 1 1 0 1 1 0 0 1 1 0 0 1 0 1 1 0 1 0 0 1 0 0 0 0 0 1 0 0 0 1 0 1 0 0]"
7,0.7105490227316914,"[1 1 1 1 0 1 1 1 0 1 1 0 0 1 1 0 0 1 0 1 1 0 1 0 0 1 0 0 0 0 0 1 0 0 0 1 0 1 0 0]"
7,0.7105490227316914,"[1 1 1 1 0 1 1 1 0 1 1 0 0 1 1 0 0 1 0 1 1 0 1 0 0 1 0 0 0 0 0 1 0 0 0 1 0 1 0 0]"
7,0.7105490227316914,"[1 1 1 1 0 1 1 1 0 1 1 0 0 1 1 0 0 1 0 1 1 0 1 0 0 1 0 0 0 0 0 1 0 0 0 1 0 1 0 0]"
7,0.7105490227316914,"[1 1 1 1 0 1 1 1 0 1 1 0 0 1 1 0 0 1 0 1 1 0 1 0 0 1 0 0 0 0 0 1 0 0 0 1 0 1 0 0]"
7,0.7105490227316914,"[1 1 1 1 0 1 1 1 0 1 1 0 0 1 1 0 0 1 0 1 1 0 1 0 0 1 0 0 0 0 0 1 0 0 0 1 0 1 0 0]"
7,0.7105490227316914,"[1 1 1 1 0 1 1 1 0 1 1 0 0 1 1 0 0 1 0 1 1 0 1 0 0 1 0 0 0 0 0 1 0 0 0 1 0 1 0 0]"
7,0.7105490227316914,"[1 1 1 1 0 1 1 1 0 1 1 0 0 1 1 0 0 1 0 1 1 0 1 0 0 1 0 0 0 0 0 1 0 0 0 1 0 1 0 0]"
7,0.6542814405388728,"[1 1 1 1 0 1 0 1 0 1 0 1 1 1 0 1 1 1 1 1 1 1 0 1 1 1 0 0 1 1 0 0 1 0 0 0 1 0 0 1]"
7,0.7105490227316914,"[1 1 1 1 0 1 1 1 0 1 1 0 0 1 1 0 0 1 0 1 1 0 1 0 0 1 0 0 0 0 0 1 0 0 0 1 0 1 0 0]"
7,0.7105490227316914,"[1 1 1 1 0 1 1 1 0 1 1 0 0 1 1 0 0 1 0 1 1 0 1 0 0 1 0 0 0 0 0 1 0 0 0 1 0 1 0 0]"
7,0.7105490227316914,"[1 1 1 1 0 1 1 1 0 1 1 0 0 1 1 0 0 1 0 1 1 0 1 0 0 1 0 0 0 0 0 1 0 0 0 1 0 1 0 0]"
7,0.7105490227316914,"[1 1 1 1 0 1 1 1 0 1 1 0 0 1 1 0 0 1 0 1 1 0 1 0 0 1 0 0 0 0 0 1 0 0 0 1 0 1 0 0]"
7,0.7105490227316914,"[1 1 1 1 0 1 1 1 0 1 1 0 0 1 1 0 0 1 0 1 1 0 1 0 0 1 0 0 0 0 0 1 0 0 0 1 0 1 0 0]"
7,0.7105490227316914,"[1 1 1 1 0 1 1 1 0 1 1 0 0 1 1 0 0 1 0 1 1 0 1 0 0 1 0 0 0 0 0 1 0 0 0 1 0 1 0 0]"
7,0.7105490227316914,"[1 1 1 1 0 1 1 1 0 1 1 0 0 1 1 0 0 1 0 1 1 0 1 0 0 1 0 0 0 0 0 1 0 0 0 1 0 1 0 0]"
7,0.7105490227316914,"[1 1 1 1 0 1 1 1 0 1 1 0 0 1 1 0 0 1 0 1 1 0 1 0 0 1 0 0 0 0 0 1 0 0 0 1 0 1 0 0]"
7,0.7105490227316914,"[1 1 1 1 0 1 1 1 0 1 1 0 0 1 1 0 0 1 0 1 1 0 1 0 0 1 0 0 0 0 0 1 0 0 0 1 0 1 0 0]"
7,0.7105490227316914,"[1 1 1 1 0 1 1 1 0 1 1 0 0 1 1 0 0 1 0 1 1 0 1 0 0 1 0 0 0 0 0 1 0 0 0 1 0 1 0 0]"
7,0.7105490227316914,"[1 1 1 1 0 1 1 1 0 1 1 0 0 1 1 0 0 1 0 1 1 0 1 0 0 1 0 0 0 0 0 1 0 0 0 1 0 1 0 0]"
7,0.7105490227316914,"[1 1 1 1 0 1 1 1 0 1 1 0 0 1 1 0 0 1 0 1 1 0 1 0 0 1 0 0 0 0 0 1 0 0 0 1 0 1 0 0]"
7,0.7105490227316914,"[1 1 1 1 0 1 1 1 0 1 1 0 0 1 1 0 0 1 0 1 1 0 1 0 0 1 0 0 0 0 0 1 0 0 0 1 0 1 0 0]"
7,0.7105490227316914,"[1 1 1 1 0 1 1 1 0 1 1 0 0 1 1 0 0 1 0 1 1 0 1 0 0 1 0 0 0 0 0 1 0 0 0 1 0 1 0 0]"
7,0.7105490227316914,"[1 1 1 1 0 1 1 1 0 1 1 0 0 1 1 0 0 1 0 1 1 0 1 0 0 1 0 0 0 0 0 1 0 0 0 1 0 1 0 0]"
7,0.7105490227316914,"[1 1 1 1 0 1 1 1 0 1 1 0 0 1 1 0 0 1 0 1 1 0 1 0 0 1 0 0 0 0 0 1 0 0 0 1 0 1 0 0]"
7,0.7105490227316914,"[1 1 1 1 0 1 1 1 0 1 1 0 0 1 1 0 0 1 0 1 1 0 1 0 0 1 0 0 0 0 0 1 0 0 0 1 0 1 0 0]"
7,0.7105490227316914,"[1 1 1 1 0 1 1 1 0 1 1 0 0 1 1 0 0 1 0 1 1 0 1 0 0 1 0 0 0 0 0 1 0 0 0 1 0 1 0 0]"
7,0.7105490227316914,"[1 1 1 1 0 1 1 1 0 1 1 0 0 1 1 0 0 1 0 1 1 0 1 0 0 1 0 0 0 0 0 1 0 0 0 1 0 1 0 0]"
7,0.7105490227316914,"[1 1 1 1 0 1 1 1 0 1 1 0 0 1 1 0 0 1 0 1 1 0 1 0 0 1 0 0 0 0 0 1 0 0 0 1 0 1 0 0]"
7,0.7105490227316914,"[1 1 1 1 0 1 1 1 0 1 1 0 0 1 1 0 0 1 0 1 1 0 1 0 0 1 0 0 0 0 0 1 0 0 0 1 0 1 0 0]"
7,0.7105490227316914,"[1 1 1 1 0 1 1 1 0 1 1 0 0 1 1 0 0 1 0 1 1 0 1 0 0 1 0 0 0 0 0 1 0 0 0 1 0 1 0 0]"
7,0.7105490227316914,"[1 1 1 1 0 1 1 1 0 1 1 0 0 1 1 0 0 1 0 1 1 0 1 0 0 1 0 0 0 0 0 1 0 0 0 1 0 1 0 0]"
7,0.7105490227316914,"[1 1 1 1 0 1 1 1 0 1 1 0 0 1 1 0 0 1 0 1 1 0 1 0 0 1 0 0 0 0 0 1 0 0 0 1 0 1 0 0]"
7,0.7105490227316914,"[1 1 1 1 0 1 1 1 0 1 1 0 0 1 1 0 0 1 0 1 1 0 1 0 0 1 0 0 0 0 0 1 0 0 0 1 0 1 0 0]"
7,0.7105490227316914,"[1 1 1 1 0 1 1 1 0 1 1 0 0 1 1 0 0 1 0 1 1 0 1 0 0 1 0 0 0 0 0 1 0 0 0 1 0 1 0 0]"
7,0.7105490227316914,"[1 1 1 1 0 1 1 1 0 1 1 0 0 1 1 0 0 1 0 1 1 0 1 0 0 1 0 0 0 0 0 1 0 0 0 1 0 1 0 0]"
7,0.7105490227316914,"[1 1 1 1 0 1 1 1 0 1 1 0 0 1 1 0 0 1 0 1 1 0 1 0 0 1 0 0 0 0 0 1 0 0 0 1 0 1 0 0]"
7,0.7105490227316914,"[1 1 1 1 0 1 1 1 0 1 1 0 0 1 1 0 0 1 0 1 1 0 1 0 0 1 0 0 0 0 0 1 0 0 0 1 0 1 0 0]"
7,0.7105490227316914,"[1 1 1 1 0 1 1 1 0 1 1 0 0 1 1 0 0 1 0 1 1 0 1 0 0 1 0 0 0 0 0 1 0 0 0 1 0 1 0 0]"
7,0.7105490227316914,"[1 1 1 1 0 1 1 1 0 1 1 0 0 1 1 0 0 1 0 1 1 0 1 0 0 1 0 0 0 0 0 1 0 0 0 1 0 1 0 0]"
7,0.7105490227316914,"[1 1 1 1 0 1 1 1 0 1 1 0 0 1 1 0 0 1 0 1 1 0 1 0 0 1 0 0 0 0 0 1 0 0 0 1 0 1 0 0]"
7,0.7105490227316914,"[1 1 1 1 0 1 1 1 0 1 1 0 0 1 1 0 0 1 0 1 1 0 1 0 0 1 0 0 0 0 0 1 0 0 0 1 0 1 0 0]"
7,0.7105490227316914,"[1 1 1 1 0 1 1 1 0 1 1 0 0 1 1 0 0 1 0 1 1 0 1 0 0 1 0 0 0 0 0 1 0 0 0 1 0 1 0 0]"
7,0.7105490227316914,"[1 1 1 1 0 1 1 1 0 1 1 0 0 1 1 0 0 1 0 1 1 0 1 0 0 1 0 0 0 0 0 1 0 0 0 1 0 1 0 0]"
7,0.6542814405388728,"[1 1 1 1 0 1 0 1 0 1 0 1 1 1 0 1 1 1 1 1 1 1 0 1 1 1 0 0 1 1 0 0 1 0 0 0 1 0 0 1]"
7,0.7105490227316914,"[1 1 1 1 0 1 1 1 0 1 1 0 0 1 1 0 0 1 0 1 1 0 1 0 0 1 0 0 0 0 0 1 0 0 0 1 0 1 0 0]"
7,0.7105490227316914,"[1 1 1 1 0 1 1 1 0 1 1 0 0 1 1 0 0 1 0 1 1 0 1 0 0 1 0 0 0 0 0 1 0 0 0 1 0 1 0 0]"
7,0.7105490227316914,"[1 1 1 1 0 1 1 1 0 1 1 0 0 1 1 0 0 1 0 1 1 0 1 0 0 1 0 0 0 0 0 1 0 0 0 1 0 1 0 0]"
7,0.7105490227316914,"[1 1 1 1 0 1 1 1 0 1 1 0 0 1 1 0 0 1 0 1 1 0 1 0 0 1 0 0 0 0 0 1 0 0 0 1 0 1 0 0]"
7,0.7105490227316914,"[1 1 1 1 0 1 1 1 0 1 1 0 0 1 1 0 0 1 0 1 1 0 1 0 0 1 0 0 0 0 0 1 0 0 0 1 0 1 0 0]"
7,0.7105490227316914,"[1 1 1 1 0 1 1 1 0 1 1 0 0 1 1 0 0 1 0 1 1 0 1 0 0 1 0 0 0 0 0 1 0 0 0 1 0 1 0 0]"
7,0.7105490227316914,"[1 1 1 1 0 1 1 1 0 1 1 0 0 1 1 0 0 1 0 1 1 0 1 0 0 1 0 0 0 0 0 1 0 0 0 1 0 1 0 0]"
7,0.7105490227316914,"[1 1 1 1 0 1 1 1 0 1 1 0 0 1 1 0 0 1 0 1 1 0 1 0 0 1 0 0 0 0 0 1 0 0 0 1 0 1 0 0]"
7,0.7105490227316914,"[1 1 1 1 0 1 1 1 0 1 1 0 0 1 1 0 0 1 0 1 1 0 1 0 0 1 0 0 0 0 0 1 0 0 0 1 0 1 0 0]"
7,0.7105490227316914,"[1 1 1 1 0 1 1 1 0 1 1 0 0 1 1 0 0 1 0 1 1 0 1 0 0 1 0 0 0 0 0 1 0 0 0 1 0 1 0 0]"
7,0.7105490227316914,"[1 1 1 1 0 1 1 1 0 1 1 0 0 1 1 0 0 1 0 1 1 0 1 0 0 1 0 0 0 0 0 1 0 0 0 1 0 1 0 0]"
7,0.7105490227316914,"[1 1 1 1 0 1 1 1 0 1 1 0 0 1 1 0 0 1 0 1 1 0 1 0 0 1 0 0 0 0 0 1 0 0 0 1 0 1 0 0]"
7,0.7105490227316914,"[1 1 1 1 0 1 1 1 0 1 1 0 0 1 1 0 0 1 0 1 1 0 1 0 0 1 0 0 0 0 0 1 0 0 0 1 0 1 0 0]"
7,0.7105490227316914,"[1 1 1 1 0 1 1 1 0 1 1 0 0 1 1 0 0 1 0 1 1 0 1 0 0 1 0 0 0 0 0 1 0 0 0 1 0 1 0 0]"
7,0.7105490227316914,"[1 1 1 1 0 1 1 1 0 1 1 0 0 1 1 0 0 1 0 1 1 0 1 0 0 1 0 0 0 0 0 1 0 0 0 1 0 1 0 0]"
7,0.7105490227316914,"[1 1 1 1 0 1 1 1 0 1 1 0 0 1 1 0 0 1 0 1 1 0 1 0 0 1 0 0 0 0 0 1 0 0 0 1 0 1 0 0]"
7,0.7105490227316914,"[1 1 1 1 0 1 1 1 0 1 1 0 0 1 1 0 0 1 0 1 1 0 1 0 0 1 0 0 0 0 0 1 0 0 0 1 0 1 0 0]"
7,0.7105490227316914,"[1 1 1 1 0 1 1 1 0 1 1 0 0 1 1 0 0 1 0 1 1 0 1 0 0 1 0 0 0 0 0 1 0 0 0 1 0 1 0 0]"
7,0.7105490227316914,"[1 1 1 1 0 1 1 1 0 1 1 0 0 1 1 0 0 1 0 1 1 0 1 0 0 1 0 0 0 0 0 1 0 0 0 1 0 1 0 0]"
7,0.7105490227316914,"[1 1 1 1 0 1 1 1 0 1 1 0 0 1 1 0 0 1 0 1 1 0 1 0 0 1 0 0 0 0 0 1 0 0 0 1 0 1 0 0]"
7,0.7105490227316914,"[1 1 1 1 0 1 1 1 0 1 1 0 0 1 1 0 0 1 0 1 1 0 1 0 0 1 0 0 0 0 0 1 0 0 0 1 0 1 0 0]"
7,0.7105490227316914,"[1 1 1 1 0 1 1 1 0 1 1 0 0 1 1 0 0 1 0 1 1 0 1 0 0 1 0 0 0 0 0 1 0 0 0 1 0 1 0 0]"
7,0.7105490227316914,"[1 1 1 1 0 1 1 1 0 1 1 0 0 1 1 0 0 1 0 1 1 0 1 0 0 1 0 0 0 0 0 1 0 0 0 1 0 1 0 0]"
7,0.7105490227316914,"[1 1 1 1 0 1 1 1 0 1 1 0 0 1 1 0 0 1 0 1 1 0 1 0 0 1 0 0 0 0 0 1 0 0 0 1 0 1 0 0]"
7,0.7105490227316914,"[1 1 1 1 0 1 1 1 0 1 1 0 0 1 1 0 0 1 0 1 1 0 1 0 0 1 0 0 0 0 0 1 0 0 0 1 0 1 0 0]"
7,0.7105490227316914,"[1 1 1 1 0 1 1 1 0 1 1 0 0 1 1 0 0 1 0 1 1 0 1 0 0 1 0 0 0 0 0 1 0 0 0 1 0 1 0 0]"
7,0.7105490227316914,"[1 1 1 1 0 1 1 1 0 1 1 0 0 1 1 0 0 1 0 1 1 0 1 0 0 1 0 0 0 0 0 1 0 0 0 1 0 1 0 0]"
7,0.7105490227316914,"[1 1 1 1 0 1 1 1 0 1 1 0 0 1 1 0 0 1 0 1 1 0 1 0 0 1 0 0 0 0 0 1 0 0 0 1 0 1 0 0]"
7,0.7105490227316914,"[1 1 1 1 0 1 1 1 0 1 1 0 0 1 1 0 0 1 0 1 1 0 1 0 0 1 0 0 0 0 0 1 0 0 0 1 0 1 0 0]"
7,0.7105490227316914,"[1 1 1 1 0 1 1 1 0 1 1 0 0 1 1 0 0 1 0 1 1 0 1 0 0 1 0 0 0 0 0 1 0 0 0 1 0 1 0 0]"
7,0.7105490227316914,"[1 1 1 1 0 1 1 1 0 1 1 0 0 1 1 0 0 1 0 1 1 0 1 0 0 1 0 0 0 0 0 1 0 0 0 1 0 1 0 0]"
7,0.7105490227316914,"[1 1 1 1 0 1 1 1 0 1 1 0 0 1 1 0 0 1 0 1 1 0 1 0 0 1 0 0 0 0 0 1 0 0 0 1 0 1 0 0]"
7,0.7105490227316914,"[1 1 1 1 0 1 1 1 0 1 1 0 0 1 1 0 0 1 0 1 1 0 1 0 0 1 0 0 0 0 0 1 0 0 0 1 0 1 0 0]"
7,0.7105490227316914,"[1 1 1 1 0 1 1 1 0 1 1 0 0 1 1 0 0 1 0 1 1 0 1 0 0 1 0 0 0 0 0 1 0 0 0 1 0 1 0 0]"
7,0.7105490227316914,"[1 1 1 1 0 1 1 1 0 1 1 0 0 1 1 0 0 1 0 1 1 0 1 0 0 1 0 0 0 0 0 1 0 0 0 1 0 1 0 0]"
7,0.7105490227316914,"[1 1 1 1 0 1 1 1 0 1 1 0 0 1 1 0 0 1 0 1 1 0 1 0 0 1 0 0 0 0 0 1 0 0 0 1 0 1 0 0]"
7,0.7105490227316914,"[1 1 1 1 0 1 1 1 0 1 1 0 0 1 1 0 0 1 0 1 1 0 1 0 0 1 0 0 0 0 0 1 0 0 0 1 0 1 0 0]"
7,0.7105490227316914,"[1 1 1 1 0 1 1 1 0 1 1 0 0 1 1 0 0 1 0 1 1 0 1 0 0 1 0 0 0 0 0 1 0 0 0 1 0 1 0 0]"
7,0.7105490227316914,"[1 1 1 1 0 1 1 1 0 1 1 0 0 1 1 0 0 1 0 1 1 0 1 0 0 1 0 0 0 0 0 1 0 0 0 1 0 1 0 0]"
7,0.7105490227316914,"[1 1 1 1 0 1 1 1 0 1 1 0 0 1 1 0 0 1 0 1 1 0 1 0 0 1 0 0 0 0 0 1 0 0 0 1 0 1 0 0]"
7,0.7105490227316914,"[1 1 1 1 0 1 1 1 0 1 1 0 0 1 1 0 0 1 0 1 1 0 1 0 0 1 0 0 0 0 0 1 0 0 0 1 0 1 0 0]"
7,0.7105490227316914,"[1 1 1 1 0 1 1 1 0 1 1 0 0 1 1 0 0 1 0 1 1 0 1 0 0 1 0 0 0 0 0 1 0 0 0 1 0 1 0 0]"
7,0.7105490227316914,"[1 1 1 1 0 1 1 1 0 1 1 0 0 1 1 0 0 1 0 1 1 0 1 0 0 1 0 0 0 0 0 1 0 0 0 1 0 1 0 0]"
7,0.7105490227316914,"[1 1 1 1 0 1 1 1 0 1 1 0 0 1 1 0 0 1 0 1 1 0 1 0 0 1 0 0 0 0 0 1 0 0 0 1 0 1 0 0]"
7,0.7105490227316914,"[1 1 1 1 0 1 1 1 0 1 1 0 0 1 1 0 0 1 0 1 1 0 1 0 0 1 0 0 0 0 0 1 0 0 0 1 0 1 0 0]"
7,0.7105490227316914,"[1 1 1 1 0 1 1 1 0 1 1 0 0 1 1 0 0 1 0 1 1 0 1 0 0 1 0 0 0 0 0 1 0 0 0 1 0 1 0 0]"
7,0.7105490227316914,"[1 1 1 1 0 1 1 1 0 1 1 0 0 1 1 0 0 1 0 1 1 0 1 0 0 1 0 0 0 0 0 1 0 0 0 1 0 1 0 0]"
7,0.7105490227316914,"[1 1 1 1 0 1 1 1 0 1 1 0 0 1 1 0 0 1 0 1 1 0 1 0 0 1 0 0 0 0 0 1 0 0 0 1 0 1 0 0]"
7,0.7105490227316914,"[1 1 1 1 0 1 1 1 0 1 1 0 0 1 1 0 0 1 0 1 1 0 1 0 0 1 0 0 0 0 0 1 0 0 0 1 0 1 0 0]"
8,0.7105490227316914,"[1 1 1 1 0 1 1 1 0 1 1 0 0 1 1 0 0 1 0 1 1 0 1 0 0 1 0 0 0 0 0 1 0 0 0 1 0 1 0 0]"
8,0.7105490227316914,"[1 1 1 1 0 1 1 1 0 1 1 0 0 1 1 0 0 1 0 1 1 0 1 0 0 1 0 0 0 0 0 1 0 0 0 1 0 1 0 0]"
8,0.7105490227316914,"[1 1 1 1 0 1 1 1 0 1 1 0 0 1 1 0 0 1 0 1 1 0 1 0 0 1 0 0 0 0 0 1 0 0 0 1 0 1 0 0]"
8,0.7105490227316914,"[1 1 1 1 0 1 1 1 0 1 1 0 0 1 1 0 0 1 0 1 1 0 1 0 0 1 0 0 0 0 0 1 0 0 0 1 0 1 0 0]"
8,0.7105490227316914,"[1 1 1 1 0 1 1 1 0 1 1 0 0 1 1 0 0 1 0 1 1 0 1 0 0 1 0 0 0 0 0 1 0 0 0 1 0 1 0 0]"
8,0.7105490227316914,"[1 1 1 1 0 1 1 1 0 1 1 0 0 1 1 0 0 1 0 1 1 0 1 0 0 1 0 0 0 0 0 1 0 0 0 1 0 1 0 0]"
8,0.7105490227316914,"[1 1 1 1 0 1 1 1 0 1 1 0 0 1 1 0 0 1 0 1 1 0 1 0 0 1 0 0 0 0 0 1 0 0 0 1 0 1 0 0]"
8,0.7105490227316914,"[1 1 1 1 0 1 1 1 0 1 1 0 0 1 1 0 0 1 0 1 1 0 1 0 0 1 0 0 0 0 0 1 0 0 0 1 0 1 0 0]"
8,0.7105490227316914,"[1 1 1 1 0 1 1 1 0 1 1 0 0 1 1 0 0 1 0 1 1 0 1 0 0 1 0 0 0 0 0 1 0 0 0 1 0 1 0 0]"
8,0.7105490227316914,"[1 1 1 1 0 1 1 1 0 1 1 0 0 1 1 0 0 1 0 1 1 0 1 0 0 1 0 0 0 0 0 1 0 0 0 1 0 1 0 0]"
8,0.7105490227316914,"[1 1 1 1 0 1 1 1 0 1 1 0 0 1 1 0 0 1 0 1 1 0 1 0 0 1 0 0 0 0 0 1 0 0 0 1 0 1 0 0]"
8,0.7105490227316914,"[1 1 1 1 0 1 1 1 0 1 1 0 0 1 1 0 0 1 0 1 1 0 1 0 0 1 0 0 0 0 0 1 0 0 0 1 0 1 0 0]"
8,0.7105490227316914,"[1 1 1 1 0 1 1 1 0 1 1 0 0 1 1 0 0 1 0 1 1 0 1 0 0 1 0 0 0 0 0 1 0 0 0 1 0 1 0 0]"
8,0.7105490227316914,"[1 1 1 1 0 1 1 1 0 1 1 0 0 1 1 0 0 1 0 1 1 0 1 0 0 1 0 0 0 0 0 1 0 0 0 1 0 1 0 0]"
8,0.7105490227316914,"[1 1 1 1 0 1 1 1 0 1 1 0 0 1 1 0 0 1 0 1 1 0 1 0 0 1 0 0 0 0 0 1 0 0 0 1 0 1 0 0]"
8,0.7105490227316914,"[1 1 1 1 0 1 1 1 0 1 1 0 0 1 1 0 0 1 0 1 1 0 1 0 0 1 0 0 0 0 0 1 0 0 0 1 0 1 0 0]"
8,0.7105490227316914,"[1 1 1 1 0 1 1 1 0 1 1 0 0 1 1 0 0 1 0 1 1 0 1 0 0 1 0 0 0 0 0 1 0 0 0 1 0 1 0 0]"
8,0.7105490227316914,"[1 1 1 1 0 1 1 1 0 1 1 0 0 1 1 0 0 1 0 1 1 0 1 0 0 1 0 0 0 0 0 1 0 0 0 1 0 1 0 0]"
8,0.7105490227316914,"[1 1 1 1 0 1 1 1 0 1 1 0 0 1 1 0 0 1 0 1 1 0 1 0 0 1 0 0 0 0 0 1 0 0 0 1 0 1 0 0]"
8,0.7105490227316914,"[1 1 1 1 0 1 1 1 0 1 1 0 0 1 1 0 0 1 0 1 1 0 1 0 0 1 0 0 0 0 0 1 0 0 0 1 0 1 0 0]"
8,0.7105490227316914,"[1 1 1 1 0 1 1 1 0 1 1 0 0 1 1 0 0 1 0 1 1 0 1 0 0 1 0 0 0 0 0 1 0 0 0 1 0 1 0 0]"
8,0.7105490227316914,"[1 1 1 1 0 1 1 1 0 1 1 0 0 1 1 0 0 1 0 1 1 0 1 0 0 1 0 0 0 0 0 1 0 0 0 1 0 1 0 0]"
8,0.7105490227316914,"[1 1 1 1 0 1 1 1 0 1 1 0 0 1 1 0 0 1 0 1 1 0 1 0 0 1 0 0 0 0 0 1 0 0 0 1 0 1 0 0]"
8,0.7105490227316914,"[1 1 1 1 0 1 1 1 0 1 1 0 0 1 1 0 0 1 0 1 1 0 1 0 0 1 0 0 0 0 0 1 0 0 0 1 0 1 0 0]"
8,0.7105490227316914,"[1 1 1 1 0 1 1 1 0 1 1 0 0 1 1 0 0 1 0 1 1 0 1 0 0 1 0 0 0 0 0 1 0 0 0 1 0 1 0 0]"
8,0.7105490227316914,"[1 1 1 1 0 1 1 1 0 1 1 0 0 1 1 0 0 1 0 1 1 0 1 0 0 1 0 0 0 0 0 1 0 0 0 1 0 1 0 0]"
8,0.7105490227316914,"[1 1 1 1 0 1 1 1 0 1 1 0 0 1 1 0 0 1 0 1 1 0 1 0 0 1 0 0 0 0 0 1 0 0 0 1 0 1 0 0]"
8,0.7105490227316914,"[1 1 1 1 0 1 1 1 0 1 1 0 0 1 1 0 0 1 0 1 1 0 1 0 0 1 0 0 0 0 0 1 0 0 0 1 0 1 0 0]"
8,0.7105490227316914,"[1 1 1 1 0 1 1 1 0 1 1 0 0 1 1 0 0 1 0 1 1 0 1 0 0 1 0 0 0 0 0 1 0 0 0 1 0 1 0 0]"
8,0.7105490227316914,"[1 1 1 1 0 1 1 1 0 1 1 0 0 1 1 0 0 1 0 1 1 0 1 0 0 1 0 0 0 0 0 1 0 0 0 1 0 1 0 0]"
8,0.7105490227316914,"[1 1 1 1 0 1 1 1 0 1 1 0 0 1 1 0 0 1 0 1 1 0 1 0 0 1 0 0 0 0 0 1 0 0 0 1 0 1 0 0]"
8,0.7105490227316914,"[1 1 1 1 0 1 1 1 0 1 1 0 0 1 1 0 0 1 0 1 1 0 1 0 0 1 0 0 0 0 0 1 0 0 0 1 0 1 0 0]"
8,0.7105490227316914,"[1 1 1 1 0 1 1 1 0 1 1 0 0 1 1 0 0 1 0 1 1 0 1 0 0 1 0 0 0 0 0 1 0 0 0 1 0 1 0 0]"
8,0.7105490227316914,"[1 1 1 1 0 1 1 1 0 1 1 0 0 1 1 0 0 1 0 1 1 0 1 0 0 1 0 0 0 0 0 1 0 0 0 1 0 1 0 0]"
8,0.7105490227316914,"[1 1 1 1 0 1 1 1 0 1 1 0 0 1 1 0 0 1 0 1 1 0 1 0 0 1 0 0 0 0 0 1 0 0 0 1 0 1 0 0]"
8,0.7105490227316914,"[1 1 1 1 0 1 1 1 0 1 1 0 0 1 1 0 0 1 0 1 1 0 1 0 0 1 0 0 0 0 0 1 0 0 0 1 0 1 0 0]"
8,0.7105490227316914,"[1 1 1 1 0 1 1 1 0 1 1 0 0 1 1 0 0 1 0 1 1 0 1 0 0 1 0 0 0 0 0 1 0 0 0 1 0 1 0 0]"
8,0.7105490227316914,"[1 1 1 1 0 1 1 1 0 1 1 0 0 1 1 0 0 1 0 1 1 0 1 0 0 1 0 0 0 0 0 1 0 0 0 1 0 1 0 0]"
8,0.7105490227316914,"[1 1 1 1 0 1 1 1 0 1 1 0 0 1 1 0 0 1 0 1 1 0 1 0 0 1 0 0 0 0 0 1 0 0 0 1 0 1 0 0]"
8,0.7105490227316914,"[1 1 1 1 0 1 1 1 0 1 1 0 0 1 1 0 0 1 0 1 1 0 1 0 0 1 0 0 0 0 0 1 0 0 0 1 0 1 0 0]"
8,0.7105490227316914,"[1 1 1 1 0 1 1 1 0 1 1 0 0 1 1 0 0 1 0 1 1 0 1 0 0 1 0 0 0 0 0 1 0 0 0 1 0 1 0 0]"
8,0.7105490227316914,"[1 1 1 1 0 1 1 1 0 1 1 0 0 1 1 0 0 1 0 1 1 0 1 0 0 1 0 0 0 0 0 1 0 0 0 1 0 1 0 0]"
8,0.7105490227316914,"[1 1 1 1 0 1 1 1 0 1 1 0 0 1 1 0 0 1 0 1 1 0 1 0 0 1 0 0 0 0 0 1 0 0 0 1 0 1 0 0]"
8,0.7105490227316914,"[1 1 1 1 0 1 1 1 0 1 1 0 0 1 1 0 0 1 0 1 1 0 1 0 0 1 0 0 0 0 0 1 0 0 0 1 0 1 0 0]"
8,0.7105490227316914,"[1 1 1 1 0 1 1 1 0 1 1 0 0 1 1 0 0 1 0 1 1 0 1 0 0 1 0 0 0 0 0 1 0 0 0 1 0 1 0 0]"
8,0.7105490227316914,"[1 1 1 1 0 1 1 1 0 1 1 0 0 1 1 0 0 1 0 1 1 0 1 0 0 1 0 0 0 0 0 1 0 0 0 1 0 1 0 0]"
8,0.7105490227316914,"[1 1 1 1 0 1 1 1 0 1 1 0 0 1 1 0 0 1 0 1 1 0 1 0 0 1 0 0 0 0 0 1 0 0 0 1 0 1 0 0]"
8,0.7105490227316914,"[1 1 1 1 0 1 1 1 0 1 1 0 0 1 1 0 0 1 0 1 1 0 1 0 0 1 0 0 0 0 0 1 0 0 0 1 0 1 0 0]"
8,0.7105490227316914,"[1 1 1 1 0 1 1 1 0 1 1 0 0 1 1 0 0 1 0 1 1 0 1 0 0 1 0 0 0 0 0 1 0 0 0 1 0 1 0 0]"
8,0.7105490227316914,"[1 1 1 1 0 1 1 1 0 1 1 0 0 1 1 0 0 1 0 1 1 0 1 0 0 1 0 0 0 0 0 1 0 0 0 1 0 1 0 0]"
8,0.7105490227316914,"[1 1 1 1 0 1 1 1 0 1 1 0 0 1 1 0 0 1 0 1 1 0 1 0 0 1 0 0 0 0 0 1 0 0 0 1 0 1 0 0]"
8,0.7105490227316914,"[1 1 1 1 0 1 1 1 0 1 1 0 0 1 1 0 0 1 0 1 1 0 1 0 0 1 0 0 0 0 0 1 0 0 0 1 0 1 0 0]"
8,0.7105490227316914,"[1 1 1 1 0 1 1 1 0 1 1 0 0 1 1 0 0 1 0 1 1 0 1 0 0 1 0 0 0 0 0 1 0 0 0 1 0 1 0 0]"
8,0.7105490227316914,"[1 1 1 1 0 1 1 1 0 1 1 0 0 1 1 0 0 1 0 1 1 0 1 0 0 1 0 0 0 0 0 1 0 0 0 1 0 1 0 0]"
8,0.7105490227316914,"[1 1 1 1 0 1 1 1 0 1 1 0 0 1 1 0 0 1 0 1 1 0 1 0 0 1 0 0 0 0 0 1 0 0 0 1 0 1 0 0]"
8,0.7105490227316914,"[1 1 1 1 0 1 1 1 0 1 1 0 0 1 1 0 0 1 0 1 1 0 1 0 0 1 0 0 0 0 0 1 0 0 0 1 0 1 0 0]"
8,0.7105490227316914,"[1 1 1 1 0 1 1 1 0 1 1 0 0 1 1 0 0 1 0 1 1 0 1 0 0 1 0 0 0 0 0 1 0 0 0 1 0 1 0 0]"
8,0.7105490227316914,"[1 1 1 1 0 1 1 1 0 1 1 0 0 1 1 0 0 1 0 1 1 0 1 0 0 1 0 0 0 0 0 1 0 0 0 1 0 1 0 0]"
8,0.7105490227316914,"[1 1 1 1 0 1 1 1 0 1 1 0 0 1 1 0 0 1 0 1 1 0 1 0 0 1 0 0 0 0 0 1 0 0 0 1 0 1 0 0]"
8,0.7105490227316914,"[1 1 1 1 0 1 1 1 0 1 1 0 0 1 1 0 0 1 0 1 1 0 1 0 0 1 0 0 0 0 0 1 0 0 0 1 0 1 0 0]"
8,0.7105490227316914,"[1 1 1 1 0 1 1 1 0 1 1 0 0 1 1 0 0 1 0 1 1 0 1 0 0 1 0 0 0 0 0 1 0 0 0 1 0 1 0 0]"
8,0.7105490227316914,"[1 1 1 1 0 1 1 1 0 1 1 0 0 1 1 0 0 1 0 1 1 0 1 0 0 1 0 0 0 0 0 1 0 0 0 1 0 1 0 0]"
8,0.7105490227316914,"[1 1 1 1 0 1 1 1 0 1 1 0 0 1 1 0 0 1 0 1 1 0 1 0 0 1 0 0 0 0 0 1 0 0 0 1 0 1 0 0]"
8,0.7105490227316914,"[1 1 1 1 0 1 1 1 0 1 1 0 0 1 1 0 0 1 0 1 1 0 1 0 0 1 0 0 0 0 0 1 0 0 0 1 0 1 0 0]"
8,0.7105490227316914,"[1 1 1 1 0 1 1 1 0 1 1 0 0 1 1 0 0 1 0 1 1 0 1 0 0 1 0 0 0 0 0 1 0 0 0 1 0 1 0 0]"
8,0.7105490227316914,"[1 1 1 1 0 1 1 1 0 1 1 0 0 1 1 0 0 1 0 1 1 0 1 0 0 1 0 0 0 0 0 1 0 0 0 1 0 1 0 0]"
8,0.7105490227316914,"[1 1 1 1 0 1 1 1 0 1 1 0 0 1 1 0 0 1 0 1 1 0 1 0 0 1 0 0 0 0 0 1 0 0 0 1 0 1 0 0]"
8,0.7105490227316914,"[1 1 1 1 0 1 1 1 0 1 1 0 0 1 1 0 0 1 0 1 1 0 1 0 0 1 0 0 0 0 0 1 0 0 0 1 0 1 0 0]"
8,0.7105490227316914,"[1 1 1 1 0 1 1 1 0 1 1 0 0 1 1 0 0 1 0 1 1 0 1 0 0 1 0 0 0 0 0 1 0 0 0 1 0 1 0 0]"
8,0.7105490227316914,"[1 1 1 1 0 1 1 1 0 1 1 0 0 1 1 0 0 1 0 1 1 0 1 0 0 1 0 0 0 0 0 1 0 0 0 1 0 1 0 0]"
8,0.7105490227316914,"[1 1 1 1 0 1 1 1 0 1 1 0 0 1 1 0 0 1 0 1 1 0 1 0 0 1 0 0 0 0 0 1 0 0 0 1 0 1 0 0]"
8,0.7105490227316914,"[1 1 1 1 0 1 1 1 0 1 1 0 0 1 1 0 0 1 0 1 1 0 1 0 0 1 0 0 0 0 0 1 0 0 0 1 0 1 0 0]"
8,0.7105490227316914,"[1 1 1 1 0 1 1 1 0 1 1 0 0 1 1 0 0 1 0 1 1 0 1 0 0 1 0 0 0 0 0 1 0 0 0 1 0 1 0 0]"
8,0.7105490227316914,"[1 1 1 1 0 1 1 1 0 1 1 0 0 1 1 0 0 1 0 1 1 0 1 0 0 1 0 0 0 0 0 1 0 0 0 1 0 1 0 0]"
8,0.7105490227316914,"[1 1 1 1 0 1 1 1 0 1 1 0 0 1 1 0 0 1 0 1 1 0 1 0 0 1 0 0 0 0 0 1 0 0 0 1 0 1 0 0]"
8,0.7105490227316914,"[1 1 1 1 0 1 1 1 0 1 1 0 0 1 1 0 0 1 0 1 1 0 1 0 0 1 0 0 0 0 0 1 0 0 0 1 0 1 0 0]"
8,0.7105490227316914,"[1 1 1 1 0 1 1 1 0 1 1 0 0 1 1 0 0 1 0 1 1 0 1 0 0 1 0 0 0 0 0 1 0 0 0 1 0 1 0 0]"
8,0.7105490227316914,"[1 1 1 1 0 1 1 1 0 1 1 0 0 1 1 0 0 1 0 1 1 0 1 0 0 1 0 0 0 0 0 1 0 0 0 1 0 1 0 0]"
8,0.7105490227316914,"[1 1 1 1 0 1 1 1 0 1 1 0 0 1 1 0 0 1 0 1 1 0 1 0 0 1 0 0 0 0 0 1 0 0 0 1 0 1 0 0]"
8,0.7105490227316914,"[1 1 1 1 0 1 1 1 0 1 1 0 0 1 1 0 0 1 0 1 1 0 1 0 0 1 0 0 0 0 0 1 0 0 0 1 0 1 0 0]"
8,0.7105490227316914,"[1 1 1 1 0 1 1 1 0 1 1 0 0 1 1 0 0 1 0 1 1 0 1 0 0 1 0 0 0 0 0 1 0 0 0 1 0 1 0 0]"
8,0.7105490227316914,"[1 1 1 1 0 1 1 1 0 1 1 0 0 1 1 0 0 1 0 1 1 0 1 0 0 1 0 0 0 0 0 1 0 0 0 1 0 1 0 0]"
8,0.7105490227316914,"[1 1 1 1 0 1 1 1 0 1 1 0 0 1 1 0 0 1 0 1 1 0 1 0 0 1 0 0 0 0 0 1 0 0 0 1 0 1 0 0]"
8,0.7105490227316914,"[1 1 1 1 0 1 1 1 0 1 1 0 0 1 1 0 0 1 0 1 1 0 1 0 0 1 0 0 0 0 0 1 0 0 0 1 0 1 0 0]"
8,0.7105490227316914,"[1 1 1 1 0 1 1 1 0 1 1 0 0 1 1 0 0 1 0 1 1 0 1 0 0 1 0 0 0 0 0 1 0 0 0 1 0 1 0 0]"
8,0.7105490227316914,"[1 1 1 1 0 1 1 1 0 1 1 0 0 1 1 0 0 1 0 1 1 0 1 0 0 1 0 0 0 0 0 1 0 0 0 1 0 1 0 0]"
8,0.7105490227316914,"[1 1 1 1 0 1 1 1 0 1 1 0 0 1 1 0 0 1 0 1 1 0 1 0 0 1 0 0 0 0 0 1 0 0 0 1 0 1 0 0]"
8,0.7105490227316914,"[1 1 1 1 0 1 1 1 0 1 1 0 0 1 1 0 0 1 0 1 1 0 1 0 0 1 0 0 0 0 0 1 0 0 0 1 0 1 0 0]"
8,0.7105490227316914,"[1 1 1 1 0 1 1 1 0 1 1 0 0 1 1 0 0 1 0 1 1 0 1 0 0 1 0 0 0 0 0 1 0 0 0 1 0 1 0 0]"
8,0.7105490227316914,"[1 1 1 1 0 1 1 1 0 1 1 0 0 1 1 0 0 1 0 1 1 0 1 0 0 1 0 0 0 0 0 1 0 0 0 1 0 1 0 0]"
8,0.7105490227316914,"[1 1 1 1 0 1 1 1 0 1 1 0 0 1 1 0 0 1 0 1 1 0 1 0 0 1 0 0 0 0 0 1 0 0 0 1 0 1 0 0]"
8,0.7105490227316914,"[1 1 1 1 0 1 1 1 0 1 1 0 0 1 1 0 0 1 0 1 1 0 1 0 0 1 0 0 0 0 0 1 0 0 0 1 0 1 0 0]"
8,0.7105490227316914,"[1 1 1 1 0 1 1 1 0 1 1 0 0 1 1 0 0 1 0 1 1 0 1 0 0 1 0 0 0 0 0 1 0 0 0 1 0 1 0 0]"
8,0.7105490227316914,"[1 1 1 1 0 1 1 1 0 1 1 0 0 1 1 0 0 1 0 1 1 0 1 0 0 1 0 0 0 0 0 1 0 0 0 1 0 1 0 0]"
8,0.7105490227316914,"[1 1 1 1 0 1 1 1 0 1 1 0 0 1 1 0 0 1 0 1 1 0 1 0 0 1 0 0 0 0 0 1 0 0 0 1 0 1 0 0]"
8,0.7105490227316914,"[1 1 1 1 0 1 1 1 0 1 1 0 0 1 1 0 0 1 0 1 1 0 1 0 0 1 0 0 0 0 0 1 0 0 0 1 0 1 0 0]"
8,0.7105490227316914,"[1 1 1 1 0 1 1 1 0 1 1 0 0 1 1 0 0 1 0 1 1 0 1 0 0 1 0 0 0 0 0 1 0 0 0 1 0 1 0 0]"
8,0.7105490227316914,"[1 1 1 1 0 1 1 1 0 1 1 0 0 1 1 0 0 1 0 1 1 0 1 0 0 1 0 0 0 0 0 1 0 0 0 1 0 1 0 0]"
8,0.7105490227316914,"[1 1 1 1 0 1 1 1 0 1 1 0 0 1 1 0 0 1 0 1 1 0 1 0 0 1 0 0 0 0 0 1 0 0 0 1 0 1 0 0]"
8,0.7105490227316914,"[1 1 1 1 0 1 1 1 0 1 1 0 0 1 1 0 0 1 0 1 1 0 1 0 0 1 0 0 0 0 0 1 0 0 0 1 0 1 0 0]"
9,0.7105490227316914,"[1 1 1 1 0 1 1 1 0 1 1 0 0 1 1 0 0 1 0 1 1 0 1 0 0 1 0 0 0 0 0 1 0 0 0 1 0 1 0 0]"
9,0.7105490227316914,"[1 1 1 1 0 1 1 1 0 1 1 0 0 1 1 0 0 1 0 1 1 0 1 0 0 1 0 0 0 0 0 1 0 0 0 1 0 1 0 0]"
9,0.7105490227316914,"[1 1 1 1 0 1 1 1 0 1 1 0 0 1 1 0 0 1 0 1 1 0 1 0 0 1 0 0 0 0 0 1 0 0 0 1 0 1 0 0]"
9,0.7105490227316914,"[1 1 1 1 0 1 1 1 0 1 1 0 0 1 1 0 0 1 0 1 1 0 1 0 0 1 0 0 0 0 0 1 0 0 0 1 0 1 0 0]"
9,0.7105490227316914,"[1 1 1 1 0 1 1 1 0 1 1 0 0 1 1 0 0 1 0 1 1 0 1 0 0 1 0 0 0 0 0 1 0 0 0 1 0 1 0 0]"
9,0.7105490227316914,"[1 1 1 1 0 1 1 1 0 1 1 0 0 1 1 0 0 1 0 1 1 0 1 0 0 1 0 0 0 0 0 1 0 0 0 1 0 1 0 0]"
9,0.7105490227316914,"[1 1 1 1 0 1 1 1 0 1 1 0 0 1 1 0 0 1 0 1 1 0 1 0 0 1 0 0 0 0 0 1 0 0 0 1 0 1 0 0]"
9,0.7105490227316914,"[1 1 1 1 0 1 1 1 0 1 1 0 0 1 1 0 0 1 0 1 1 0 1 0 0 1 0 0 0 0 0 1 0 0 0 1 0 1 0 0]"
9,0.7105490227316914,"[1 1 1 1 0 1 1 1 0 1 1 0 0 1 1 0 0 1 0 1 1 0 1 0 0 1 0 0 0 0 0 1 0 0 0 1 0 1 0 0]"
9,0.7105490227316914,"[1 1 1 1 0 1 1 1 0 1 1 0 0 1 1 0 0 1 0 1 1 0 1 0 0 1 0 0 0 0 0 1 0 0 0 1 0 1 0 0]"
9,0.7105490227316914,"[1 1 1 1 0 1 1 1 0 1 1 0 0 1 1 0 0 1 0 1 1 0 1 0 0 1 0 0 0 0 0 1 0 0 0 1 0 1 0 0]"
9,0.7105490227316914,"[1 1 1 1 0 1 1 1 0 1 1 0 0 1 1 0 0 1 0 1 1 0 1 0 0 1 0 0 0 0 0 1 0 0 0 1 0 1 0 0]"
9,0.7105490227316914,"[1 1 1 1 0 1 1 1 0 1 1 0 0 1 1 0 0 1 0 1 1 0 1 0 0 1 0 0 0 0 0 1 0 0 0 1 0 1 0 0]"
9,0.7105490227316914,"[1 1 1 1 0 1 1 1 0 1 1 0 0 1 1 0 0 1 0 1 1 0 1 0 0 1 0 0 0 0 0 1 0 0 0 1 0 1 0 0]"
9,0.7105490227316914,"[1 1 1 1 0 1 1 1 0 1 1 0 0 1 1 0 0 1 0 1 1 0 1 0 0 1 0 0 0 0 0 1 0 0 0 1 0 1 0 0]"
9,0.7105490227316914,"[1 1 1 1 0 1 1 1 0 1 1 0 0 1 1 0 0 1 0 1 1 0 1 0 0 1 0 0 0 0 0 1 0 0 0 1 0 1 0 0]"
9,0.7105490227316914,"[1 1 1 1 0 1 1 1 0 1 1 0 0 1 1 0 0 1 0 1 1 0 1 0 0 1 0 0 0 0 0 1 0 0 0 1 0 1 0 0]"
9,0.7105490227316914,"[1 1 1 1 0 1 1 1 0 1 1 0 0 1 1 0 0 1 0 1 1 0 1 0 0 1 0 0 0 0 0 1 0 0 0 1 0 1 0 0]"
9,0.7105490227316914,"[1 1 1 1 0 1 1 1 0 1 1 0 0 1 1 0 0 1 0 1 1 0 1 0 0 1 0 0 0 0 0 1 0 0 0 1 0 1 0 0]"
9,0.7105490227316914,"[1 1 1 1 0 1 1 1 0 1 1 0 0 1 1 0 0 1 0 1 1 0 1 0 0 1 0 0 0 0 0 1 0 0 0 1 0 1 0 0]"
9,0.7105490227316914,"[1 1 1 1 0 1 1 1 0 1 1 0 0 1 1 0 0 1 0 1 1 0 1 0 0 1 0 0 0 0 0 1 0 0 0 1 0 1 0 0]"
9,0.7105490227316914,"[1 1 1 1 0 1 1 1 0 1 1 0 0 1 1 0 0 1 0 1 1 0 1 0 0 1 0 0 0 0 0 1 0 0 0 1 0 1 0 0]"
9,0.7105490227316914,"[1 1 1 1 0 1 1 1 0 1 1 0 0 1 1 0 0 1 0 1 1 0 1 0 0 1 0 0 0 0 0 1 0 0 0 1 0 1 0 0]"
9,0.7105490227316914,"[1 1 1 1 0 1 1 1 0 1 1 0 0 1 1 0 0 1 0 1 1 0 1 0 0 1 0 0 0 0 0 1 0 0 0 1 0 1 0 0]"
9,0.7105490227316914,"[1 1 1 1 0 1 1 1 0 1 1 0 0 1 1 0 0 1 0 1 1 0 1 0 0 1 0 0 0 0 0 1 0 0 0 1 0 1 0 0]"
9,0.7105490227316914,"[1 1 1 1 0 1 1 1 0 1 1 0 0 1 1 0 0 1 0 1 1 0 1 0 0 1 0 0 0 0 0 1 0 0 0 1 0 1 0 0]"
9,0.7105490227316914,"[1 1 1 1 0 1 1 1 0 1 1 0 0 1 1 0 0 1 0 1 1 0 1 0 0 1 0 0 0 0 0 1 0 0 0 1 0 1 0 0]"
9,0.7105490227316914,"[1 1 1 1 0 1 1 1 0 1 1 0 0 1 1 0 0 1 0 1 1 0 1 0 0 1 0 0 0 0 0 1 0 0 0 1 0 1 0 0]"
9,0.7105490227316914,"[1 1 1 1 0 1 1 1 0 1 1 0 0 1 1 0 0 1 0 1 1 0 1 0 0 1 0 0 0 0 0 1 0 0 0 1 0 1 0 0]"
9,0.7105490227316914,"[1 1 1 1 0 1 1 1 0 1 1 0 0 1 1 0 0 1 0 1 1 0 1 0 0 1 0 0 0 0 0 1 0 0 0 1 0 1 0 0]"
9,0.7105490227316914,"[1 1 1 1 0 1 1 1 0 1 1 0 0 1 1 0 0 1 0 1 1 0 1 0 0 1 0 0 0 0 0 1 0 0 0 1 0 1 0 0]"
9,0.7105490227316914,"[1 1 1 1 0 1 1 1 0 1 1 0 0 1 1 0 0 1 0 1 1 0 1 0 0 1 0 0 0 0 0 1 0 0 0 1 0 1 0 0]"
9,0.7105490227316914,"[1 1 1 1 0 1 1 1 0 1 1 0 0 1 1 0 0 1 0 1 1 0 1 0 0 1 0 0 0 0 0 1 0 0 0 1 0 1 0 0]"
9,0.7105490227316914,"[1 1 1 1 0 1 1 1 0 1 1 0 0 1 1 0 0 1 0 1 1 0 1 0 0 1 0 0 0 0 0 1 0 0 0 1 0 1 0 0]"
9,0.7105490227316914,"[1 1 1 1 0 1 1 1 0 1 1 0 0 1 1 0 0 1 0 1 1 0 1 0 0 1 0 0 0 0 0 1 0 0 0 1 0 1 0 0]"
9,0.7105490227316914,"[1 1 1 1 0 1 1 1 0 1 1 0 0 1 1 0 0 1 0 1 1 0 1 0 0 1 0 0 0 0 0 1 0 0 0 1 0 1 0 0]"
9,0.7105490227316914,"[1 1 1 1 0 1 1 1 0 1 1 0 0 1 1 0 0 1 0 1 1 0 1 0 0 1 0 0 0 0 0 1 0 0 0 1 0 1 0 0]"
9,0.7105490227316914,"[1 1 1 1 0 1 1 1 0 1 1 0 0 1 1 0 0 1 0 1 1 0 1 0 0 1 0 0 0 0 0 1 0 0 0 1 0 1 0 0]"
9,0.7105490227316914,"[1 1 1 1 0 1 1 1 0 1 1 0 0 1 1 0 0 1 0 1 1 0 1 0 0 1 0 0 0 0 0 1 0 0 0 1 0 1 0 0]"
9,0.7105490227316914,"[1 1 1 1 0 1 1 1 0 1 1 0 0 1 1 0 0 1 0 1 1 0 1 0 0 1 0 0 0 0 0 1 0 0 0 1 0 1 0 0]"
9,0.7105490227316914,"[1 1 1 1 0 1 1 1 0 1 1 0 0 1 1 0 0 1 0 1 1 0 1 0 0 1 0 0 0 0 0 1 0 0 0 1 0 1 0 0]"
9,0.7105490227316914,"[1 1 1 1 0 1 1 1 0 1 1 0 0 1 1 0 0 1 0 1 1 0 1 0 0 1 0 0 0 0 0 1 0 0 0 1 0 1 0 0]"
9,0.7105490227316914,"[1 1 1 1 0 1 1 1 0 1 1 0 0 1 1 0 0 1 0 1 1 0 1 0 0 1 0 0 0 0 0 1 0 0 0 1 0 1 0 0]"
9,0.7105490227316914,"[1 1 1 1 0 1 1 1 0 1 1 0 0 1 1 0 0 1 0 1 1 0 1 0 0 1 0 0 0 0 0 1 0 0 0 1 0 1 0 0]"
9,0.7105490227316914,"[1 1 1 1 0 1 1 1 0 1 1 0 0 1 1 0 0 1 0 1 1 0 1 0 0 1 0 0 0 0 0 1 0 0 0 1 0 1 0 0]"
9,0.7105490227316914,"[1 1 1 1 0 1 1 1 0 1 1 0 0 1 1 0 0 1 0 1 1 0 1 0 0 1 0 0 0 0 0 1 0 0 0 1 0 1 0 0]"
9,0.7105490227316914,"[1 1 1 1 0 1 1 1 0 1 1 0 0 1 1 0 0 1 0 1 1 0 1 0 0 1 0 0 0 0 0 1 0 0 0 1 0 1 0 0]"
9,0.7105490227316914,"[1 1 1 1 0 1 1 1 0 1 1 0 0 1 1 0 0 1 0 1 1 0 1 0 0 1 0 0 0 0 0 1 0 0 0 1 0 1 0 0]"
9,0.7105490227316914,"[1 1 1 1 0 1 1 1 0 1 1 0 0 1 1 0 0 1 0 1 1 0 1 0 0 1 0 0 0 0 0 1 0 0 0 1 0 1 0 0]"
9,0.7105490227316914,"[1 1 1 1 0 1 1 1 0 1 1 0 0 1 1 0 0 1 0 1 1 0 1 0 0 1 0 0 0 0 0 1 0 0 0 1 0 1 0 0]"
9,0.7105490227316914,"[1 1 1 1 0 1 1 1 0 1 1 0 0 1 1 0 0 1 0 1 1 0 1 0 0 1 0 0 0 0 0 1 0 0 0 1 0 1 0 0]"
9,0.7105490227316914,"[1 1 1 1 0 1 1 1 0 1 1 0 0 1 1 0 0 1 0 1 1 0 1 0 0 1 0 0 0 0 0 1 0 0 0 1 0 1 0 0]"
9,0.7105490227316914,"[1 1 1 1 0 1 1 1 0 1 1 0 0 1 1 0 0 1 0 1 1 0 1 0 0 1 0 0 0 0 0 1 0 0 0 1 0 1 0 0]"
9,0.7105490227316914,"[1 1 1 1 0 1 1 1 0 1 1 0 0 1 1 0 0 1 0 1 1 0 1 0 0 1 0 0 0 0 0 1 0 0 0 1 0 1 0 0]"
9,0.7105490227316914,"[1 1 1 1 0 1 1 1 0 1 1 0 0 1 1 0 0 1 0 1 1 0 1 0 0 1 0 0 0 0 0 1 0 0 0 1 0 1 0 0]"
9,0.7105490227316914,"[1 1 1 1 0 1 1 1 0 1 1 0 0 1 1 0 0 1 0 1 1 0 1 0 0 1 0 0 0 0 0 1 0 0 0 1 0 1 0 0]"
9,0.7105490227316914,"[1 1 1 1 0 1 1 1 0 1 1 0 0 1 1 0 0 1 0 1 1 0 1 0 0 1 0 0 0 0 0 1 0 0 0 1 0 1 0 0]"
9,0.7105490227316914,"[1 1 1 1 0 1 1 1 0 1 1 0 0 1 1 0 0 1 0 1 1 0 1 0 0 1 0 0 0 0 0 1 0 0 0 1 0 1 0 0]"
9,0.7105490227316914,"[1 1 1 1 0 1 1 1 0 1 1 0 0 1 1 0 0 1 0 1 1 0 1 0 0 1 0 0 0 0 0 1 0 0 0 1 0 1 0 0]"
9,0.7105490227316914,"[1 1 1 1 0 1 1 1 0 1 1 0 0 1 1 0 0 1 0 1 1 0 1 0 0 1 0 0 0 0 0 1 0 0 0 1 0 1 0 0]"
9,0.7105490227316914,"[1 1 1 1 0 1 1 1 0 1 1 0 0 1 1 0 0 1 0 1 1 0 1 0 0 1 0 0 0 0 0 1 0 0 0 1 0 1 0 0]"
9,0.7105490227316914,"[1 1 1 1 0 1 1 1 0 1 1 0 0 1 1 0 0 1 0 1 1 0 1 0 0 1 0 0 0 0 0 1 0 0 0 1 0 1 0 0]"
9,0.7105490227316914,"[1 1 1 1 0 1 1 1 0 1 1 0 0 1 1 0 0 1 0 1 1 0 1 0 0 1 0 0 0 0 0 1 0 0 0 1 0 1 0 0]"
9,0.7105490227316914,"[1 1 1 1 0 1 1 1 0 1 1 0 0 1 1 0 0 1 0 1 1 0 1 0 0 1 0 0 0 0 0 1 0 0 0 1 0 1 0 0]"
9,0.7105490227316914,"[1 1 1 1 0 1 1 1 0 1 1 0 0 1 1 0 0 1 0 1 1 0 1 0 0 1 0 0 0 0 0 1 0 0 0 1 0 1 0 0]"
9,0.7105490227316914,"[1 1 1 1 0 1 1 1 0 1 1 0 0 1 1 0 0 1 0 1 1 0 1 0 0 1 0 0 0 0 0 1 0 0 0 1 0 1 0 0]"
9,0.7105490227316914,"[1 1 1 1 0 1 1 1 0 1 1 0 0 1 1 0 0 1 0 1 1 0 1 0 0 1 0 0 0 0 0 1 0 0 0 1 0 1 0 0]"
9,0.7105490227316914,"[1 1 1 1 0 1 1 1 0 1 1 0 0 1 1 0 0 1 0 1 1 0 1 0 0 1 0 0 0 0 0 1 0 0 0 1 0 1 0 0]"
9,0.7105490227316914,"[1 1 1 1 0 1 1 1 0 1 1 0 0 1 1 0 0 1 0 1 1 0 1 0 0 1 0 0 0 0 0 1 0 0 0 1 0 1 0 0]"
9,0.7105490227316914,"[1 1 1 1 0 1 1 1 0 1 1 0 0 1 1 0 0 1 0 1 1 0 1 0 0 1 0 0 0 0 0 1 0 0 0 1 0 1 0 0]"
9,0.7105490227316914,"[1 1 1 1 0 1 1 1 0 1 1 0 0 1 1 0 0 1 0 1 1 0 1 0 0 1 0 0 0 0 0 1 0 0 0 1 0 1 0 0]"
9,0.7105490227316914,"[1 1 1 1 0 1 1 1 0 1 1 0 0 1 1 0 0 1 0 1 1 0 1 0 0 1 0 0 0 0 0 1 0 0 0 1 0 1 0 0]"
9,0.7105490227316914,"[1 1 1 1 0 1 1 1 0 1 1 0 0 1 1 0 0 1 0 1 1 0 1 0 0 1 0 0 0 0 0 1 0 0 0 1 0 1 0 0]"
9,0.7105490227316914,"[1 1 1 1 0 1 1 1 0 1 1 0 0 1 1 0 0 1 0 1 1 0 1 0 0 1 0 0 0 0 0 1 0 0 0 1 0 1 0 0]"
9,0.7105490227316914,"[1 1 1 1 0 1 1 1 0 1 1 0 0 1 1 0 0 1 0 1 1 0 1 0 0 1 0 0 0 0 0 1 0 0 0 1 0 1 0 0]"
9,0.7105490227316914,"[1 1 1 1 0 1 1 1 0 1 1 0 0 1 1 0 0 1 0 1 1 0 1 0 0 1 0 0 0 0 0 1 0 0 0 1 0 1 0 0]"
9,0.7105490227316914,"[1 1 1 1 0 1 1 1 0 1 1 0 0 1 1 0 0 1 0 1 1 0 1 0 0 1 0 0 0 0 0 1 0 0 0 1 0 1 0 0]"
9,0.7105490227316914,"[1 1 1 1 0 1 1 1 0 1 1 0 0 1 1 0 0 1 0 1 1 0 1 0 0 1 0 0 0 0 0 1 0 0 0 1 0 1 0 0]"
9,0.7105490227316914,"[1 1 1 1 0 1 1 1 0 1 1 0 0 1 1 0 0 1 0 1 1 0 1 0 0 1 0 0 0 0 0 1 0 0 0 1 0 1 0 0]"
9,0.7105490227316914,"[1 1 1 1 0 1 1 1 0 1 1 0 0 1 1 0 0 1 0 1 1 0 1 0 0 1 0 0 0 0 0 1 0 0 0 1 0 1 0 0]"
9,0.7105490227316914,"[1 1 1 1 0 1 1 1 0 1 1 0 0 1 1 0 0 1 0 1 1 0 1 0 0 1 0 0 0 0 0 1 0 0 0 1 0 1 0 0]"
9,0.7105490227316914,"[1 1 1 1 0 1 1 1 0 1 1 0 0 1 1 0 0 1 0 1 1 0 1 0 0 1 0 0 0 0 0 1 0 0 0 1 0 1 0 0]"
9,0.7105490227316914,"[1 1 1 1 0 1 1 1 0 1 1 0 0 1 1 0 0 1 0 1 1 0 1 0 0 1 0 0 0 0 0 1 0 0 0 1 0 1 0 0]"
9,0.7105490227316914,"[1 1 1 1 0 1 1 1 0 1 1 0 0 1 1 0 0 1 0 1 1 0 1 0 0 1 0 0 0 0 0 1 0 0 0 1 0 1 0 0]"
9,0.7105490227316914,"[1 1 1 1 0 1 1 1 0 1 1 0 0 1 1 0 0 1 0 1 1 0 1 0 0 1 0 0 0 0 0 1 0 0 0 1 0 1 0 0]"
9,0.7105490227316914,"[1 1 1 1 0 1 1 1 0 1 1 0 0 1 1 0 0 1 0 1 1 0 1 0 0 1 0 0 0 0 0 1 0 0 0 1 0 1 0 0]"
9,0.7105490227316914,"[1 1 1 1 0 1 1 1 0 1 1 0 0 1 1 0 0 1 0 1 1 0 1 0 0 1 0 0 0 0 0 1 0 0 0 1 0 1 0 0]"
9,0.7105490227316914,"[1 1 1 1 0 1 1 1 0 1 1 0 0 1 1 0 0 1 0 1 1 0 1 0 0 1 0 0 0 0 0 1 0 0 0 1 0 1 0 0]"
9,0.7105490227316914,"[1 1 1 1 0 1 1 1 0 1 1 0 0 1 1 0 0 1 0 1 1 0 1 0 0 1 0 0 0 0 0 1 0 0 0 1 0 1 0 0]"
9,0.7105490227316914,"[1 1 1 1 0 1 1 1 0 1 1 0 0 1 1 0 0 1 0 1 1 0 1 0 0 1 0 0 0 0 0 1 0 0 0 1 0 1 0 0]"
9,0.7105490227316914,"[1 1 1 1 0 1 1 1 0 1 1 0 0 1 1 0 0 1 0 1 1 0 1 0 0 1 0 0 0 0 0 1 0 0 0 1 0 1 0 0]"
9,0.7105490227316914,"[1 1 1 1 0 1 1 1 0 1 1 0 0 1 1 0 0 1 0 1 1 0 1 0 0 1 0 0 0 0 0 1 0 0 0 1 0 1 0 0]"
9,0.7105490227316914,"[1 1 1 1 0 1 1 1 0 1 1 0 0 1 1 0 0 1 0 1 1 0 1 0 0 1 0 0 0 0 0 1 0 0 0 1 0 1 0 0]"
9,0.7105490227316914,"[1 1 1 1 0 1 1 1 0 1 1 0 0 1 1 0 0 1 0 1 1 0 1 0 0 1 0 0 0 0 0 1 0 0 0 1 0 1 0 0]"
9,0.7105490227316914,"[1 1 1 1 0 1 1 1 0 1 1 0 0 1 1 0 0 1 0 1 1 0 1 0 0 1 0 0 0 0 0 1 0 0 0 1 0 1 0 0]"
9,0.7105490227316914,"[1 1 1 1 0 1 1 1 0 1 1 0 0 1 1 0 0 1 0 1 1 0 1 0 0 1 0 0 0 0 0 1 0 0 0 1 0 1 0 0]"
9,0.7105490227316914,"[1 1 1 1 0 1 1 1 0 1 1 0 0 1 1 0 0 1 0 1 1 0 1 0 0 1 0 0 0 0 0 1 0 0 0 1 0 1 0 0]"
9,0.7105490227316914,"[1 1 1 1 0 1 1 1 0 1 1 0 0 1 1 0 0 1 0 1 1 0 1 0 0 1 0 0 0 0 0 1 0 0 0 1 0 1 0 0]"
9,0.7105490227316914,"[1 1 1 1 0 1 1 1 0 1 1 0 0 1 1 0 0 1 0 1 1 0 1 0 0 1 0 0 0 0 0 1 0 0 0 1 0 1 0 0]"
9,0.7105490227316914,"[1 1 1 1 0 1 1 1 0 1 1 0 0 1 1 0 0 1 0 1 1 0 1 0 0 1 0 0 0 0 0 1 0 0 0 1 0 1 0 0]"
10,0.7105490227316914,"[1 1 1 1 0 1 1 1 0 1 1 0 0 1 1 0 0 1 0 1 1 0 1 0 0 1 0 0 0 0 0 1 0 0 0 1 0 1 0 0]"
10,0.7105490227316914,"[1 1 1 1 0 1 1 1 0 1 1 0 0 1 1 0 0 1 0 1 1 0 1 0 0 1 0 0 0 0 0 1 0 0 0 1 0 1 0 0]"
10,0.7105490227316914,"[1 1 1 1 0 1 1 1 0 1 1 0 0 1 1 0 0 1 0 1 1 0 1 0 0 1 0 0 0 0 0 1 0 0 0 1 0 1 0 0]"
10,0.7105490227316914,"[1 1 1 1 0 1 1 1 0 1 1 0 0 1 1 0 0 1 0 1 1 0 1 0 0 1 0 0 0 0 0 1 0 0 0 1 0 1 0 0]"
10,0.7105490227316914,"[1 1 1 1 0 1 1 1 0 1 1 0 0 1 1 0 0 1 0 1 1 0 1 0 0 1 0 0 0 0 0 1 0 0 0 1 0 1 0 0]"
10,0.7105490227316914,"[1 1 1 1 0 1 1 1 0 1 1 0 0 1 1 0 0 1 0 1 1 0 1 0 0 1 0 0 0 0 0 1 0 0 0 1 0 1 0 0]"
10,0.7105490227316914,"[1 1 1 1 0 1 1 1 0 1 1 0 0 1 1 0 0 1 0 1 1 0 1 0 0 1 0 0 0 0 0 1 0 0 0 1 0 1 0 0]"
10,0.7105490227316914,"[1 1 1 1 0 1 1 1 0 1 1 0 0 1 1 0 0 1 0 1 1 0 1 0 0 1 0 0 0 0 0 1 0 0 0 1 0 1 0 0]"
10,0.7105490227316914,"[1 1 1 1 0 1 1 1 0 1 1 0 0 1 1 0 0 1 0 1 1 0 1 0 0 1 0 0 0 0 0 1 0 0 0 1 0 1 0 0]"
10,0.7105490227316914,"[1 1 1 1 0 1 1 1 0 1 1 0 0 1 1 0 0 1 0 1 1 0 1 0 0 1 0 0 0 0 0 1 0 0 0 1 0 1 0 0]"
10,0.7105490227316914,"[1 1 1 1 0 1 1 1 0 1 1 0 0 1 1 0 0 1 0 1 1 0 1 0 0 1 0 0 0 0 0 1 0 0 0 1 0 1 0 0]"
10,0.7105490227316914,"[1 1 1 1 0 1 1 1 0 1 1 0 0 1 1 0 0 1 0 1 1 0 1 0 0 1 0 0 0 0 0 1 0 0 0 1 0 1 0 0]"
10,0.7105490227316914,"[1 1 1 1 0 1 1 1 0 1 1 0 0 1 1 0 0 1 0 1 1 0 1 0 0 1 0 0 0 0 0 1 0 0 0 1 0 1 0 0]"
10,0.7105490227316914,"[1 1 1 1 0 1 1 1 0 1 1 0 0 1 1 0 0 1 0 1 1 0 1 0 0 1 0 0 0 0 0 1 0 0 0 1 0 1 0 0]"
10,0.7105490227316914,"[1 1 1 1 0 1 1 1 0 1 1 0 0 1 1 0 0 1 0 1 1 0 1 0 0 1 0 0 0 0 0 1 0 0 0 1 0 1 0 0]"
10,0.7105490227316914,"[1 1 1 1 0 1 1 1 0 1 1 0 0 1 1 0 0 1 0 1 1 0 1 0 0 1 0 0 0 0 0 1 0 0 0 1 0 1 0 0]"
10,0.7105490227316914,"[1 1 1 1 0 1 1 1 0 1 1 0 0 1 1 0 0 1 0 1 1 0 1 0 0 1 0 0 0 0 0 1 0 0 0 1 0 1 0 0]"
10,0.7105490227316914,"[1 1 1 1 0 1 1 1 0 1 1 0 0 1 1 0 0 1 0 1 1 0 1 0 0 1 0 0 0 0 0 1 0 0 0 1 0 1 0 0]"
10,0.7105490227316914,"[1 1 1 1 0 1 1 1 0 1 1 0 0 1 1 0 0 1 0 1 1 0 1 0 0 1 0 0 0 0 0 1 0 0 0 1 0 1 0 0]"
10,0.7105490227316914,"[1 1 1 1 0 1 1 1 0 1 1 0 0 1 1 0 0 1 0 1 1 0 1 0 0 1 0 0 0 0 0 1 0 0 0 1 0 1 0 0]"
10,0.7105490227316914,"[1 1 1 1 0 1 1 1 0 1 1 0 0 1 1 0 0 1 0 1 1 0 1 0 0 1 0 0 0 0 0 1 0 0 0 1 0 1 0 0]"
10,0.7105490227316914,"[1 1 1 1 0 1 1 1 0 1 1 0 0 1 1 0 0 1 0 1 1 0 1 0 0 1 0 0 0 0 0 1 0 0 0 1 0 1 0 0]"
10,0.7105490227316914,"[1 1 1 1 0 1 1 1 0 1 1 0 0 1 1 0 0 1 0 1 1 0 1 0 0 1 0 0 0 0 0 1 0 0 0 1 0 1 0 0]"
10,0.7105490227316914,"[1 1 1 1 0 1 1 1 0 1 1 0 0 1 1 0 0 1 0 1 1 0 1 0 0 1 0 0 0 0 0 1 0 0 0 1 0 1 0 0]"
10,0.7105490227316914,"[1 1 1 1 0 1 1 1 0 1 1 0 0 1 1 0 0 1 0 1 1 0 1 0 0 1 0 0 0 0 0 1 0 0 0 1 0 1 0 0]"
10,0.7105490227316914,"[1 1 1 1 0 1 1 1 0 1 1 0 0 1 1 0 0 1 0 1 1 0 1 0 0 1 0 0 0 0 0 1 0 0 0 1 0 1 0 0]"
10,0.7105490227316914,"[1 1 1 1 0 1 1 1 0 1 1 0 0 1 1 0 0 1 0 1 1 0 1 0 0 1 0 0 0 0 0 1 0 0 0 1 0 1 0 0]"
10,0.7105490227316914,"[1 1 1 1 0 1 1 1 0 1 1 0 0 1 1 0 0 1 0 1 1 0 1 0 0 1 0 0 0 0 0 1 0 0 0 1 0 1 0 0]"
10,0.7105490227316914,"[1 1 1 1 0 1 1 1 0 1 1 0 0 1 1 0 0 1 0 1 1 0 1 0 0 1 0 0 0 0 0 1 0 0 0 1 0 1 0 0]"
10,0.7105490227316914,"[1 1 1 1 0 1 1 1 0 1 1 0 0 1 1 0 0 1 0 1 1 0 1 0 0 1 0 0 0 0 0 1 0 0 0 1 0 1 0 0]"
10,0.7105490227316914,"[1 1 1 1 0 1 1 1 0 1 1 0 0 1 1 0 0 1 0 1 1 0 1 0 0 1 0 0 0 0 0 1 0 0 0 1 0 1 0 0]"
10,0.7105490227316914,"[1 1 1 1 0 1 1 1 0 1 1 0 0 1 1 0 0 1 0 1 1 0 1 0 0 1 0 0 0 0 0 1 0 0 0 1 0 1 0 0]"
10,0.7105490227316914,"[1 1 1 1 0 1 1 1 0 1 1 0 0 1 1 0 0 1 0 1 1 0 1 0 0 1 0 0 0 0 0 1 0 0 0 1 0 1 0 0]"
10,0.7105490227316914,"[1 1 1 1 0 1 1 1 0 1 1 0 0 1 1 0 0 1 0 1 1 0 1 0 0 1 0 0 0 0 0 1 0 0 0 1 0 1 0 0]"
10,0.7105490227316914,"[1 1 1 1 0 1 1 1 0 1 1 0 0 1 1 0 0 1 0 1 1 0 1 0 0 1 0 0 0 0 0 1 0 0 0 1 0 1 0 0]"
10,0.7105490227316914,"[1 1 1 1 0 1 1 1 0 1 1 0 0 1 1 0 0 1 0 1 1 0 1 0 0 1 0 0 0 0 0 1 0 0 0 1 0 1 0 0]"
10,0.7105490227316914,"[1 1 1 1 0 1 1 1 0 1 1 0 0 1 1 0 0 1 0 1 1 0 1 0 0 1 0 0 0 0 0 1 0 0 0 1 0 1 0 0]"
10,0.7105490227316914,"[1 1 1 1 0 1 1 1 0 1 1 0 0 1 1 0 0 1 0 1 1 0 1 0 0 1 0 0 0 0 0 1 0 0 0 1 0 1 0 0]"
10,0.7105490227316914,"[1 1 1 1 0 1 1 1 0 1 1 0 0 1 1 0 0 1 0 1 1 0 1 0 0 1 0 0 0 0 0 1 0 0 0 1 0 1 0 0]"
10,0.7105490227316914,"[1 1 1 1 0 1 1 1 0 1 1 0 0 1 1 0 0 1 0 1 1 0 1 0 0 1 0 0 0 0 0 1 0 0 0 1 0 1 0 0]"
10,0.7105490227316914,"[1 1 1 1 0 1 1 1 0 1 1 0 0 1 1 0 0 1 0 1 1 0 1 0 0 1 0 0 0 0 0 1 0 0 0 1 0 1 0 0]"
10,0.7105490227316914,"[1 1 1 1 0 1 1 1 0 1 1 0 0 1 1 0 0 1 0 1 1 0 1 0 0 1 0 0 0 0 0 1 0 0 0 1 0 1 0 0]"
10,0.7105490227316914,"[1 1 1 1 0 1 1 1 0 1 1 0 0 1 1 0 0 1 0 1 1 0 1 0 0 1 0 0 0 0 0 1 0 0 0 1 0 1 0 0]"
10,0.7105490227316914,"[1 1 1 1 0 1 1 1 0 1 1 0 0 1 1 0 0 1 0 1 1 0 1 0 0 1 0 0 0 0 0 1 0 0 0 1 0 1 0 0]"
10,0.7105490227316914,"[1 1 1 1 0 1 1 1 0 1 1 0 0 1 1 0 0 1 0 1 1 0 1 0 0 1 0 0 0 0 0 1 0 0 0 1 0 1 0 0]"
10,0.7105490227316914,"[1 1 1 1 0 1 1 1 0 1 1 0 0 1 1 0 0 1 0 1 1 0 1 0 0 1 0 0 0 0 0 1 0 0 0 1 0 1 0 0]"
10,0.7105490227316914,"[1 1 1 1 0 1 1 1 0 1 1 0 0 1 1 0 0 1 0 1 1 0 1 0 0 1 0 0 0 0 0 1 0 0 0 1 0 1 0 0]"
10,0.7105490227316914,"[1 1 1 1 0 1 1 1 0 1 1 0 0 1 1 0 0 1 0 1 1 0 1 0 0 1 0 0 0 0 0 1 0 0 0 1 0 1 0 0]"
10,0.7105490227316914,"[1 1 1 1 0 1 1 1 0 1 1 0 0 1 1 0 0 1 0 1 1 0 1 0 0 1 0 0 0 0 0 1 0 0 0 1 0 1 0 0]"
10,0.7105490227316914,"[1 1 1 1 0 1 1 1 0 1 1 0 0 1 1 0 0 1 0 1 1 0 1 0 0 1 0 0 0 0 0 1 0 0 0 1 0 1 0 0]"
10,0.7105490227316914,"[1 1 1 1 0 1 1 1 0 1 1 0 0 1 1 0 0 1 0 1 1 0 1 0 0 1 0 0 0 0 0 1 0 0 0 1 0 1 0 0]"
10,0.7105490227316914,"[1 1 1 1 0 1 1 1 0 1 1 0 0 1 1 0 0 1 0 1 1 0 1 0 0 1 0 0 0 0 0 1 0 0 0 1 0 1 0 0]"
10,0.7105490227316914,"[1 1 1 1 0 1 1 1 0 1 1 0 0 1 1 0 0 1 0 1 1 0 1 0 0 1 0 0 0 0 0 1 0 0 0 1 0 1 0 0]"
10,0.7105490227316914,"[1 1 1 1 0 1 1 1 0 1 1 0 0 1 1 0 0 1 0 1 1 0 1 0 0 1 0 0 0 0 0 1 0 0 0 1 0 1 0 0]"
10,0.7105490227316914,"[1 1 1 1 0 1 1 1 0 1 1 0 0 1 1 0 0 1 0 1 1 0 1 0 0 1 0 0 0 0 0 1 0 0 0 1 0 1 0 0]"
10,0.7105490227316914,"[1 1 1 1 0 1 1 1 0 1 1 0 0 1 1 0 0 1 0 1 1 0 1 0 0 1 0 0 0 0 0 1 0 0 0 1 0 1 0 0]"
10,0.7105490227316914,"[1 1 1 1 0 1 1 1 0 1 1 0 0 1 1 0 0 1 0 1 1 0 1 0 0 1 0 0 0 0 0 1 0 0 0 1 0 1 0 0]"
10,0.7105490227316914,"[1 1 1 1 0 1 1 1 0 1 1 0 0 1 1 0 0 1 0 1 1 0 1 0 0 1 0 0 0 0 0 1 0 0 0 1 0 1 0 0]"
10,0.7105490227316914,"[1 1 1 1 0 1 1 1 0 1 1 0 0 1 1 0 0 1 0 1 1 0 1 0 0 1 0 0 0 0 0 1 0 0 0 1 0 1 0 0]"
10,0.7105490227316914,"[1 1 1 1 0 1 1 1 0 1 1 0 0 1 1 0 0 1 0 1 1 0 1 0 0 1 0 0 0 0 0 1 0 0 0 1 0 1 0 0]"
10,0.7105490227316914,"[1 1 1 1 0 1 1 1 0 1 1 0 0 1 1 0 0 1 0 1 1 0 1 0 0 1 0 0 0 0 0 1 0 0 0 1 0 1 0 0]"
10,0.7105490227316914,"[1 1 1 1 0 1 1 1 0 1 1 0 0 1 1 0 0 1 0 1 1 0 1 0 0 1 0 0 0 0 0 1 0 0 0 1 0 1 0 0]"
10,0.7105490227316914,"[1 1 1 1 0 1 1 1 0 1 1 0 0 1 1 0 0 1 0 1 1 0 1 0 0 1 0 0 0 0 0 1 0 0 0 1 0 1 0 0]"
10,0.7105490227316914,"[1 1 1 1 0 1 1 1 0 1 1 0 0 1 1 0 0 1 0 1 1 0 1 0 0 1 0 0 0 0 0 1 0 0 0 1 0 1 0 0]"
10,0.7105490227316914,"[1 1 1 1 0 1 1 1 0 1 1 0 0 1 1 0 0 1 0 1 1 0 1 0 0 1 0 0 0 0 0 1 0 0 0 1 0 1 0 0]"
10,0.7105490227316914,"[1 1 1 1 0 1 1 1 0 1 1 0 0 1 1 0 0 1 0 1 1 0 1 0 0 1 0 0 0 0 0 1 0 0 0 1 0 1 0 0]"
10,0.7105490227316914,"[1 1 1 1 0 1 1 1 0 1 1 0 0 1 1 0 0 1 0 1 1 0 1 0 0 1 0 0 0 0 0 1 0 0 0 1 0 1 0 0]"
10,0.7105490227316914,"[1 1 1 1 0 1 1 1 0 1 1 0 0 1 1 0 0 1 0 1 1 0 1 0 0 1 0 0 0 0 0 1 0 0 0 1 0 1 0 0]"
10,0.7105490227316914,"[1 1 1 1 0 1 1 1 0 1 1 0 0 1 1 0 0 1 0 1 1 0 1 0 0 1 0 0 0 0 0 1 0 0 0 1 0 1 0 0]"
10,0.7105490227316914,"[1 1 1 1 0 1 1 1 0 1 1 0 0 1 1 0 0 1 0 1 1 0 1 0 0 1 0 0 0 0 0 1 0 0 0 1 0 1 0 0]"
10,0.7105490227316914,"[1 1 1 1 0 1 1 1 0 1 1 0 0 1 1 0 0 1 0 1 1 0 1 0 0 1 0 0 0 0 0 1 0 0 0 1 0 1 0 0]"
10,0.7105490227316914,"[1 1 1 1 0 1 1 1 0 1 1 0 0 1 1 0 0 1 0 1 1 0 1 0 0 1 0 0 0 0 0 1 0 0 0 1 0 1 0 0]"
10,0.7105490227316914,"[1 1 1 1 0 1 1 1 0 1 1 0 0 1 1 0 0 1 0 1 1 0 1 0 0 1 0 0 0 0 0 1 0 0 0 1 0 1 0 0]"
10,0.7105490227316914,"[1 1 1 1 0 1 1 1 0 1 1 0 0 1 1 0 0 1 0 1 1 0 1 0 0 1 0 0 0 0 0 1 0 0 0 1 0 1 0 0]"
10,0.7105490227316914,"[1 1 1 1 0 1 1 1 0 1 1 0 0 1 1 0 0 1 0 1 1 0 1 0 0 1 0 0 0 0 0 1 0 0 0 1 0 1 0 0]"
10,0.7105490227316914,"[1 1 1 1 0 1 1 1 0 1 1 0 0 1 1 0 0 1 0 1 1 0 1 0 0 1 0 0 0 0 0 1 0 0 0 1 0 1 0 0]"
10,0.7105490227316914,"[1 1 1 1 0 1 1 1 0 1 1 0 0 1 1 0 0 1 0 1 1 0 1 0 0 1 0 0 0 0 0 1 0 0 0 1 0 1 0 0]"
10,0.7105490227316914,"[1 1 1 1 0 1 1 1 0 1 1 0 0 1 1 0 0 1 0 1 1 0 1 0 0 1 0 0 0 0 0 1 0 0 0 1 0 1 0 0]"
10,0.7105490227316914,"[1 1 1 1 0 1 1 1 0 1 1 0 0 1 1 0 0 1 0 1 1 0 1 0 0 1 0 0 0 0 0 1 0 0 0 1 0 1 0 0]"
10,0.7105490227316914,"[1 1 1 1 0 1 1 1 0 1 1 0 0 1 1 0 0 1 0 1 1 0 1 0 0 1 0 0 0 0 0 1 0 0 0 1 0 1 0 0]"
10,0.7105490227316914,"[1 1 1 1 0 1 1 1 0 1 1 0 0 1 1 0 0 1 0 1 1 0 1 0 0 1 0 0 0 0 0 1 0 0 0 1 0 1 0 0]"
10,0.7105490227316914,"[1 1 1 1 0 1 1 1 0 1 1 0 0 1 1 0 0 1 0 1 1 0 1 0 0 1 0 0 0 0 0 1 0 0 0 1 0 1 0 0]"
10,0.7105490227316914,"[1 1 1 1 0 1 1 1 0 1 1 0 0 1 1 0 0 1 0 1 1 0 1 0 0 1 0 0 0 0 0 1 0 0 0 1 0 1 0 0]"
10,0.7105490227316914,"[1 1 1 1 0 1 1 1 0 1 1 0 0 1 1 0 0 1 0 1 1 0 1 0 0 1 0 0 0 0 0 1 0 0 0 1 0 1 0 0]"
10,0.7105490227316914,"[1 1 1 1 0 1 1 1 0 1 1 0 0 1 1 0 0 1 0 1 1 0 1 0 0 1 0 0 0 0 0 1 0 0 0 1 0 1 0 0]"
10,0.7105490227316914,"[1 1 1 1 0 1 1 1 0 1 1 0 0 1 1 0 0 1 0 1 1 0 1 0 0 1 0 0 0 0 0 1 0 0 0 1 0 1 0 0]"
10,0.7105490227316914,"[1 1 1 1 0 1 1 1 0 1 1 0 0 1 1 0 0 1 0 1 1 0 1 0 0 1 0 0 0 0 0 1 0 0 0 1 0 1 0 0]"
10,0.7105490227316914,"[1 1 1 1 0 1 1 1 0 1 1 0 0 1 1 0 0 1 0 1 1 0 1 0 0 1 0 0 0 0 0 1 0 0 0 1 0 1 0 0]"
10,0.7105490227316914,"[1 1 1 1 0 1 1 1 0 1 1 0 0 1 1 0 0 1 0 1 1 0 1 0 0 1 0 0 0 0 0 1 0 0 0 1 0 1 0 0]"
10,0.7105490227316914,"[1 1 1 1 0 1 1 1 0 1 1 0 0 1 1 0 0 1 0 1 1 0 1 0 0 1 0 0 0 0 0 1 0 0 0 1 0 1 0 0]"
10,0.7105490227316914,"[1 1 1 1 0 1 1 1 0 1 1 0 0 1 1 0 0 1 0 1 1 0 1 0 0 1 0 0 0 0 0 1 0 0 0 1 0 1 0 0]"
10,0.7105490227316914,"[1 1 1 1 0 1 1 1 0 1 1 0 0 1 1 0 0 1 0 1 1 0 1 0 0 1 0 0 0 0 0 1 0 0 0 1 0 1 0 0]"
10,0.7105490227316914,"[1 1 1 1 0 1 1 1 0 1 1 0 0 1 1 0 0 1 0 1 1 0 1 0 0 1 0 0 0 0 0 1 0 0 0 1 0 1 0 0]"
10,0.7105490227316914,"[1 1 1 1 0 1 1 1 0 1 1 0 0 1 1 0 0 1 0 1 1 0 1 0 0 1 0 0 0 0 0 1 0 0 0 1 0 1 0 0]"
10,0.7105490227316914,"[1 1 1 1 0 1 1 1 0 1 1 0 0 1 1 0 0 1 0 1 1 0 1 0 0 1 0 0 0 0 0 1 0 0 0 1 0 1 0 0]"
10,0.7105490227316914,"[1 1 1 1 0 1 1 1 0 1 1 0 0 1 1 0 0 1 0 1 1 0 1 0 0 1 0 0 0 0 0 1 0 0 0 1 0 1 0 0]"
10,0.7105490227316914,"[1 1 1 1 0 1 1 1 0 1 1 0 0 1 1 0 0 1 0 1 1 0 1 0 0 1 0 0 0 0 0 1 0 0 0 1 0 1 0 0]"
10,0.7105490227316914,"[1 1 1 1 0 1 1 1 0 1 1 0 0 1 1 0 0 1 0 1 1 0 1 0 0 1 0 0 0 0 0 1 0 0 0 1 0 1 0 0]"
10,0.7105490227316914,"[1 1 1 1 0 1 1 1 0 1 1 0 0 1 1 0 0 1 0 1 1 0 1 0 0 1 0 0 0 0 0 1 0 0 0 1 0 1 0 0]"
10,0.7105490227316914,"[1 1 1 1 0 1 1 1 0 1 1 0 0 1 1 0 0 1 0 1 1 0 1 0 0 1 0 0 0 0 0 1 0 0 0 1 0 1 0 0]"
11,0.7105490227316914,"[1 1 1 1 0 1 1 1 0 1 1 0 0 1 1 0 0 1 0 1 1 0 1 0 0 1 0 0 0 0 0 1 0 0 0 1 0 1 0 0]"
11,0.7105490227316914,"[1 1 1 1 0 1 1 1 0 1 1 0 0 1 1 0 0 1 0 1 1 0 1 0 0 1 0 0 0 0 0 1 0 0 0 1 0 1 0 0]"
11,0.7105490227316914,"[1 1 1 1 0 1 1 1 0 1 1 0 0 1 1 0 0 1 0 1 1 0 1 0 0 1 0 0 0 0 0 1 0 0 0 1 0 1 0 0]"
11,0.7105490227316914,"[1 1 1 1 0 1 1 1 0 1 1 0 0 1 1 0 0 1 0 1 1 0 1 0 0 1 0 0 0 0 0 1 0 0 0 1 0 1 0 0]"
11,0.7105490227316914,"[1 1 1 1 0 1 1 1 0 1 1 0 0 1 1 0 0 1 0 1 1 0 1 0 0 1 0 0 0 0 0 1 0 0 0 1 0 1 0 0]"
11,0.7105490227316914,"[1 1 1 1 0 1 1 1 0 1 1 0 0 1 1 0 0 1 0 1 1 0 1 0 0 1 0 0 0 0 0 1 0 0 0 1 0 1 0 0]"
11,0.7105490227316914,"[1 1 1 1 0 1 1 1 0 1 1 0 0 1 1 0 0 1 0 1 1 0 1 0 0 1 0 0 0 0 0 1 0 0 0 1 0 1 0 0]"
11,0.7105490227316914,"[1 1 1 1 0 1 1 1 0 1 1 0 0 1 1 0 0 1 0 1 1 0 1 0 0 1 0 0 0 0 0 1 0 0 0 1 0 1 0 0]"
11,0.7105490227316914,"[1 1 1 1 0 1 1 1 0 1 1 0 0 1 1 0 0 1 0 1 1 0 1 0 0 1 0 0 0 0 0 1 0 0 0 1 0 1 0 0]"
11,0.7105490227316914,"[1 1 1 1 0 1 1 1 0 1 1 0 0 1 1 0 0 1 0 1 1 0 1 0 0 1 0 0 0 0 0 1 0 0 0 1 0 1 0 0]"
11,0.7105490227316914,"[1 1 1 1 0 1 1 1 0 1 1 0 0 1 1 0 0 1 0 1 1 0 1 0 0 1 0 0 0 0 0 1 0 0 0 1 0 1 0 0]"
11,0.7105490227316914,"[1 1 1 1 0 1 1 1 0 1 1 0 0 1 1 0 0 1 0 1 1 0 1 0 0 1 0 0 0 0 0 1 0 0 0 1 0 1 0 0]"
11,0.7105490227316914,"[1 1 1 1 0 1 1 1 0 1 1 0 0 1 1 0 0 1 0 1 1 0 1 0 0 1 0 0 0 0 0 1 0 0 0 1 0 1 0 0]"
11,0.7105490227316914,"[1 1 1 1 0 1 1 1 0 1 1 0 0 1 1 0 0 1 0 1 1 0 1 0 0 1 0 0 0 0 0 1 0 0 0 1 0 1 0 0]"
11,0.7105490227316914,"[1 1 1 1 0 1 1 1 0 1 1 0 0 1 1 0 0 1 0 1 1 0 1 0 0 1 0 0 0 0 0 1 0 0 0 1 0 1 0 0]"
11,0.7105490227316914,"[1 1 1 1 0 1 1 1 0 1 1 0 0 1 1 0 0 1 0 1 1 0 1 0 0 1 0 0 0 0 0 1 0 0 0 1 0 1 0 0]"
11,0.7105490227316914,"[1 1 1 1 0 1 1 1 0 1 1 0 0 1 1 0 0 1 0 1 1 0 1 0 0 1 0 0 0 0 0 1 0 0 0 1 0 1 0 0]"
11,0.7105490227316914,"[1 1 1 1 0 1 1 1 0 1 1 0 0 1 1 0 0 1 0 1 1 0 1 0 0 1 0 0 0 0 0 1 0 0 0 1 0 1 0 0]"
11,0.7105490227316914,"[1 1 1 1 0 1 1 1 0 1 1 0 0 1 1 0 0 1 0 1 1 0 1 0 0 1 0 0 0 0 0 1 0 0 0 1 0 1 0 0]"
11,0.7105490227316914,"[1 1 1 1 0 1 1 1 0 1 1 0 0 1 1 0 0 1 0 1 1 0 1 0 0 1 0 0 0 0 0 1 0 0 0 1 0 1 0 0]"
11,0.7105490227316914,"[1 1 1 1 0 1 1 1 0 1 1 0 0 1 1 0 0 1 0 1 1 0 1 0 0 1 0 0 0 0 0 1 0 0 0 1 0 1 0 0]"
11,0.7105490227316914,"[1 1 1 1 0 1 1 1 0 1 1 0 0 1 1 0 0 1 0 1 1 0 1 0 0 1 0 0 0 0 0 1 0 0 0 1 0 1 0 0]"
11,0.7105490227316914,"[1 1 1 1 0 1 1 1 0 1 1 0 0 1 1 0 0 1 0 1 1 0 1 0 0 1 0 0 0 0 0 1 0 0 0 1 0 1 0 0]"
11,0.7105490227316914,"[1 1 1 1 0 1 1 1 0 1 1 0 0 1 1 0 0 1 0 1 1 0 1 0 0 1 0 0 0 0 0 1 0 0 0 1 0 1 0 0]"
11,0.7105490227316914,"[1 1 1 1 0 1 1 1 0 1 1 0 0 1 1 0 0 1 0 1 1 0 1 0 0 1 0 0 0 0 0 1 0 0 0 1 0 1 0 0]"
11,0.7105490227316914,"[1 1 1 1 0 1 1 1 0 1 1 0 0 1 1 0 0 1 0 1 1 0 1 0 0 1 0 0 0 0 0 1 0 0 0 1 0 1 0 0]"
11,0.7105490227316914,"[1 1 1 1 0 1 1 1 0 1 1 0 0 1 1 0 0 1 0 1 1 0 1 0 0 1 0 0 0 0 0 1 0 0 0 1 0 1 0 0]"
11,0.7105490227316914,"[1 1 1 1 0 1 1 1 0 1 1 0 0 1 1 0 0 1 0 1 1 0 1 0 0 1 0 0 0 0 0 1 0 0 0 1 0 1 0 0]"
11,0.7105490227316914,"[1 1 1 1 0 1 1 1 0 1 1 0 0 1 1 0 0 1 0 1 1 0 1 0 0 1 0 0 0 0 0 1 0 0 0 1 0 1 0 0]"
11,0.7105490227316914,"[1 1 1 1 0 1 1 1 0 1 1 0 0 1 1 0 0 1 0 1 1 0 1 0 0 1 0 0 0 0 0 1 0 0 0 1 0 1 0 0]"
11,0.7105490227316914,"[1 1 1 1 0 1 1 1 0 1 1 0 0 1 1 0 0 1 0 1 1 0 1 0 0 1 0 0 0 0 0 1 0 0 0 1 0 1 0 0]"
11,0.7105490227316914,"[1 1 1 1 0 1 1 1 0 1 1 0 0 1 1 0 0 1 0 1 1 0 1 0 0 1 0 0 0 0 0 1 0 0 0 1 0 1 0 0]"
11,0.7105490227316914,"[1 1 1 1 0 1 1 1 0 1 1 0 0 1 1 0 0 1 0 1 1 0 1 0 0 1 0 0 0 0 0 1 0 0 0 1 0 1 0 0]"
11,0.7105490227316914,"[1 1 1 1 0 1 1 1 0 1 1 0 0 1 1 0 0 1 0 1 1 0 1 0 0 1 0 0 0 0 0 1 0 0 0 1 0 1 0 0]"
11,0.7105490227316914,"[1 1 1 1 0 1 1 1 0 1 1 0 0 1 1 0 0 1 0 1 1 0 1 0 0 1 0 0 0 0 0 1 0 0 0 1 0 1 0 0]"
11,0.7105490227316914,"[1 1 1 1 0 1 1 1 0 1 1 0 0 1 1 0 0 1 0 1 1 0 1 0 0 1 0 0 0 0 0 1 0 0 0 1 0 1 0 0]"
11,0.7105490227316914,"[1 1 1 1 0 1 1 1 0 1 1 0 0 1 1 0 0 1 0 1 1 0 1 0 0 1 0 0 0 0 0 1 0 0 0 1 0 1 0 0]"
11,0.7105490227316914,"[1 1 1 1 0 1 1 1 0 1 1 0 0 1 1 0 0 1 0 1 1 0 1 0 0 1 0 0 0 0 0 1 0 0 0 1 0 1 0 0]"
11,0.7105490227316914,"[1 1 1 1 0 1 1 1 0 1 1 0 0 1 1 0 0 1 0 1 1 0 1 0 0 1 0 0 0 0 0 1 0 0 0 1 0 1 0 0]"
11,0.7105490227316914,"[1 1 1 1 0 1 1 1 0 1 1 0 0 1 1 0 0 1 0 1 1 0 1 0 0 1 0 0 0 0 0 1 0 0 0 1 0 1 0 0]"
11,0.7105490227316914,"[1 1 1 1 0 1 1 1 0 1 1 0 0 1 1 0 0 1 0 1 1 0 1 0 0 1 0 0 0 0 0 1 0 0 0 1 0 1 0 0]"
11,0.7105490227316914,"[1 1 1 1 0 1 1 1 0 1 1 0 0 1 1 0 0 1 0 1 1 0 1 0 0 1 0 0 0 0 0 1 0 0 0 1 0 1 0 0]"
11,0.7105490227316914,"[1 1 1 1 0 1 1 1 0 1 1 0 0 1 1 0 0 1 0 1 1 0 1 0 0 1 0 0 0 0 0 1 0 0 0 1 0 1 0 0]"
11,0.7105490227316914,"[1 1 1 1 0 1 1 1 0 1 1 0 0 1 1 0 0 1 0 1 1 0 1 0 0 1 0 0 0 0 0 1 0 0 0 1 0 1 0 0]"
11,0.7105490227316914,"[1 1 1 1 0 1 1 1 0 1 1 0 0 1 1 0 0 1 0 1 1 0 1 0 0 1 0 0 0 0 0 1 0 0 0 1 0 1 0 0]"
11,0.7105490227316914,"[1 1 1 1 0 1 1 1 0 1 1 0 0 1 1 0 0 1 0 1 1 0 1 0 0 1 0 0 0 0 0 1 0 0 0 1 0 1 0 0]"
11,0.7105490227316914,"[1 1 1 1 0 1 1 1 0 1 1 0 0 1 1 0 0 1 0 1 1 0 1 0 0 1 0 0 0 0 0 1 0 0 0 1 0 1 0 0]"
11,0.7105490227316914,"[1 1 1 1 0 1 1 1 0 1 1 0 0 1 1 0 0 1 0 1 1 0 1 0 0 1 0 0 0 0 0 1 0 0 0 1 0 1 0 0]"
11,0.7105490227316914,"[1 1 1 1 0 1 1 1 0 1 1 0 0 1 1 0 0 1 0 1 1 0 1 0 0 1 0 0 0 0 0 1 0 0 0 1 0 1 0 0]"
11,0.7105490227316914,"[1 1 1 1 0 1 1 1 0 1 1 0 0 1 1 0 0 1 0 1 1 0 1 0 0 1 0 0 0 0 0 1 0 0 0 1 0 1 0 0]"
11,0.7105490227316914,"[1 1 1 1 0 1 1 1 0 1 1 0 0 1 1 0 0 1 0 1 1 0 1 0 0 1 0 0 0 0 0 1 0 0 0 1 0 1 0 0]"
11,0.7105490227316914,"[1 1 1 1 0 1 1 1 0 1 1 0 0 1 1 0 0 1 0 1 1 0 1 0 0 1 0 0 0 0 0 1 0 0 0 1 0 1 0 0]"
11,0.7105490227316914,"[1 1 1 1 0 1 1 1 0 1 1 0 0 1 1 0 0 1 0 1 1 0 1 0 0 1 0 0 0 0 0 1 0 0 0 1 0 1 0 0]"
11,0.7105490227316914,"[1 1 1 1 0 1 1 1 0 1 1 0 0 1 1 0 0 1 0 1 1 0 1 0 0 1 0 0 0 0 0 1 0 0 0 1 0 1 0 0]"
11,0.7105490227316914,"[1 1 1 1 0 1 1 1 0 1 1 0 0 1 1 0 0 1 0 1 1 0 1 0 0 1 0 0 0 0 0 1 0 0 0 1 0 1 0 0]"
11,0.7105490227316914,"[1 1 1 1 0 1 1 1 0 1 1 0 0 1 1 0 0 1 0 1 1 0 1 0 0 1 0 0 0 0 0 1 0 0 0 1 0 1 0 0]"
11,0.7105490227316914,"[1 1 1 1 0 1 1 1 0 1 1 0 0 1 1 0 0 1 0 1 1 0 1 0 0 1 0 0 0 0 0 1 0 0 0 1 0 1 0 0]"
11,0.7105490227316914,"[1 1 1 1 0 1 1 1 0 1 1 0 0 1 1 0 0 1 0 1 1 0 1 0 0 1 0 0 0 0 0 1 0 0 0 1 0 1 0 0]"
11,0.7105490227316914,"[1 1 1 1 0 1 1 1 0 1 1 0 0 1 1 0 0 1 0 1 1 0 1 0 0 1 0 0 0 0 0 1 0 0 0 1 0 1 0 0]"
11,0.7105490227316914,"[1 1 1 1 0 1 1 1 0 1 1 0 0 1 1 0 0 1 0 1 1 0 1 0 0 1 0 0 0 0 0 1 0 0 0 1 0 1 0 0]"
11,0.7105490227316914,"[1 1 1 1 0 1 1 1 0 1 1 0 0 1 1 0 0 1 0 1 1 0 1 0 0 1 0 0 0 0 0 1 0 0 0 1 0 1 0 0]"
11,0.7105490227316914,"[1 1 1 1 0 1 1 1 0 1 1 0 0 1 1 0 0 1 0 1 1 0 1 0 0 1 0 0 0 0 0 1 0 0 0 1 0 1 0 0]"
11,0.7105490227316914,"[1 1 1 1 0 1 1 1 0 1 1 0 0 1 1 0 0 1 0 1 1 0 1 0 0 1 0 0 0 0 0 1 0 0 0 1 0 1 0 0]"
11,0.7105490227316914,"[1 1 1 1 0 1 1 1 0 1 1 0 0 1 1 0 0 1 0 1 1 0 1 0 0 1 0 0 0 0 0 1 0 0 0 1 0 1 0 0]"
11,0.7105490227316914,"[1 1 1 1 0 1 1 1 0 1 1 0 0 1 1 0 0 1 0 1 1 0 1 0 0 1 0 0 0 0 0 1 0 0 0 1 0 1 0 0]"
11,0.7105490227316914,"[1 1 1 1 0 1 1 1 0 1 1 0 0 1 1 0 0 1 0 1 1 0 1 0 0 1 0 0 0 0 0 1 0 0 0 1 0 1 0 0]"
11,0.7105490227316914,"[1 1 1 1 0 1 1 1 0 1 1 0 0 1 1 0 0 1 0 1 1 0 1 0 0 1 0 0 0 0 0 1 0 0 0 1 0 1 0 0]"
11,0.7105490227316914,"[1 1 1 1 0 1 1 1 0 1 1 0 0 1 1 0 0 1 0 1 1 0 1 0 0 1 0 0 0 0 0 1 0 0 0 1 0 1 0 0]"
11,0.7105490227316914,"[1 1 1 1 0 1 1 1 0 1 1 0 0 1 1 0 0 1 0 1 1 0 1 0 0 1 0 0 0 0 0 1 0 0 0 1 0 1 0 0]"
11,0.7105490227316914,"[1 1 1 1 0 1 1 1 0 1 1 0 0 1 1 0 0 1 0 1 1 0 1 0 0 1 0 0 0 0 0 1 0 0 0 1 0 1 0 0]"
11,0.7105490227316914,"[1 1 1 1 0 1 1 1 0 1 1 0 0 1 1 0 0 1 0 1 1 0 1 0 0 1 0 0 0 0 0 1 0 0 0 1 0 1 0 0]"
11,0.7105490227316914,"[1 1 1 1 0 1 1 1 0 1 1 0 0 1 1 0 0 1 0 1 1 0 1 0 0 1 0 0 0 0 0 1 0 0 0 1 0 1 0 0]"
11,0.7105490227316914,"[1 1 1 1 0 1 1 1 0 1 1 0 0 1 1 0 0 1 0 1 1 0 1 0 0 1 0 0 0 0 0 1 0 0 0 1 0 1 0 0]"
11,0.7105490227316914,"[1 1 1 1 0 1 1 1 0 1 1 0 0 1 1 0 0 1 0 1 1 0 1 0 0 1 0 0 0 0 0 1 0 0 0 1 0 1 0 0]"
11,0.7105490227316914,"[1 1 1 1 0 1 1 1 0 1 1 0 0 1 1 0 0 1 0 1 1 0 1 0 0 1 0 0 0 0 0 1 0 0 0 1 0 1 0 0]"
11,0.7105490227316914,"[1 1 1 1 0 1 1 1 0 1 1 0 0 1 1 0 0 1 0 1 1 0 1 0 0 1 0 0 0 0 0 1 0 0 0 1 0 1 0 0]"
11,0.7105490227316914,"[1 1 1 1 0 1 1 1 0 1 1 0 0 1 1 0 0 1 0 1 1 0 1 0 0 1 0 0 0 0 0 1 0 0 0 1 0 1 0 0]"
11,0.7105490227316914,"[1 1 1 1 0 1 1 1 0 1 1 0 0 1 1 0 0 1 0 1 1 0 1 0 0 1 0 0 0 0 0 1 0 0 0 1 0 1 0 0]"
11,0.7105490227316914,"[1 1 1 1 0 1 1 1 0 1 1 0 0 1 1 0 0 1 0 1 1 0 1 0 0 1 0 0 0 0 0 1 0 0 0 1 0 1 0 0]"
11,0.7105490227316914,"[1 1 1 1 0 1 1 1 0 1 1 0 0 1 1 0 0 1 0 1 1 0 1 0 0 1 0 0 0 0 0 1 0 0 0 1 0 1 0 0]"
11,0.7105490227316914,"[1 1 1 1 0 1 1 1 0 1 1 0 0 1 1 0 0 1 0 1 1 0 1 0 0 1 0 0 0 0 0 1 0 0 0 1 0 1 0 0]"
11,0.7105490227316914,"[1 1 1 1 0 1 1 1 0 1 1 0 0 1 1 0 0 1 0 1 1 0 1 0 0 1 0 0 0 0 0 1 0 0 0 1 0 1 0 0]"
11,0.7105490227316914,"[1 1 1 1 0 1 1 1 0 1 1 0 0 1 1 0 0 1 0 1 1 0 1 0 0 1 0 0 0 0 0 1 0 0 0 1 0 1 0 0]"
11,0.7105490227316914,"[1 1 1 1 0 1 1 1 0 1 1 0 0 1 1 0 0 1 0 1 1 0 1 0 0 1 0 0 0 0 0 1 0 0 0 1 0 1 0 0]"
11,0.7105490227316914,"[1 1 1 1 0 1 1 1 0 1 1 0 0 1 1 0 0 1 0 1 1 0 1 0 0 1 0 0 0 0 0 1 0 0 0 1 0 1 0 0]"
11,0.7105490227316914,"[1 1 1 1 0 1 1 1 0 1 1 0 0 1 1 0 0 1 0 1 1 0 1 0 0 1 0 0 0 0 0 1 0 0 0 1 0 1 0 0]"
11,0.7105490227316914,"[1 1 1 1 0 1 1 1 0 1 1 0 0 1 1 0 0 1 0 1 1 0 1 0 0 1 0 0 0 0 0 1 0 0 0 1 0 1 0 0]"
11,0.7105490227316914,"[1 1 1 1 0 1 1 1 0 1 1 0 0 1 1 0 0 1 0 1 1 0 1 0 0 1 0 0 0 0 0 1 0 0 0 1 0 1 0 0]"
11,0.7105490227316914,"[1 1 1 1 0 1 1 1 0 1 1 0 0 1 1 0 0 1 0 1 1 0 1 0 0 1 0 0 0 0 0 1 0 0 0 1 0 1 0 0]"
11,0.7105490227316914,"[1 1 1 1 0 1 1 1 0 1 1 0 0 1 1 0 0 1 0 1 1 0 1 0 0 1 0 0 0 0 0 1 0 0 0 1 0 1 0 0]"
11,0.7105490227316914,"[1 1 1 1 0 1 1 1 0 1 1 0 0 1 1 0 0 1 0 1 1 0 1 0 0 1 0 0 0 0 0 1 0 0 0 1 0 1 0 0]"
11,0.7105490227316914,"[1 1 1 1 0 1 1 1 0 1 1 0 0 1 1 0 0 1 0 1 1 0 1 0 0 1 0 0 0 0 0 1 0 0 0 1 0 1 0 0]"
11,0.7105490227316914,"[1 1 1 1 0 1 1 1 0 1 1 0 0 1 1 0 0 1 0 1 1 0 1 0 0 1 0 0 0 0 0 1 0 0 0 1 0 1 0 0]"
11,0.7105490227316914,"[1 1 1 1 0 1 1 1 0 1 1 0 0 1 1 0 0 1 0 1 1 0 1 0 0 1 0 0 0 0 0 1 0 0 0 1 0 1 0 0]"
11,0.7105490227316914,"[1 1 1 1 0 1 1 1 0 1 1 0 0 1 1 0 0 1 0 1 1 0 1 0 0 1 0 0 0 0 0 1 0 0 0 1 0 1 0 0]"
11,0.7105490227316914,"[1 1 1 1 0 1 1 1 0 1 1 0 0 1 1 0 0 1 0 1 1 0 1 0 0 1 0 0 0 0 0 1 0 0 0 1 0 1 0 0]"
11,0.7105490227316914,"[1 1 1 1 0 1 1 1 0 1 1 0 0 1 1 0 0 1 0 1 1 0 1 0 0 1 0 0 0 0 0 1 0 0 0 1 0 1 0 0]"
11,0.7105490227316914,"[1 1 1 1 0 1 1 1 0 1 1 0 0 1 1 0 0 1 0 1 1 0 1 0 0 1 0 0 0 0 0 1 0 0 0 1 0 1 0 0]"
11,0.7105490227316914,"[1 1 1 1 0 1 1 1 0 1 1 0 0 1 1 0 0 1 0 1 1 0 1 0 0 1 0 0 0 0 0 1 0 0 0 1 0 1 0 0]"
11,0.7105490227316914,"[1 1 1 1 0 1 1 1 0 1 1 0 0 1 1 0 0 1 0 1 1 0 1 0 0 1 0 0 0 0 0 1 0 0 0 1 0 1 0 0]"
12,0.7105490227316914,"[1 1 1 1 0 1 1 1 0 1 1 0 0 1 1 0 0 1 0 1 1 0 1 0 0 1 0 0 0 0 0 1 0 0 0 1 0 1 0 0]"
12,0.7105490227316914,"[1 1 1 1 0 1 1 1 0 1 1 0 0 1 1 0 0 1 0 1 1 0 1 0 0 1 0 0 0 0 0 1 0 0 0 1 0 1 0 0]"
12,0.7105490227316914,"[1 1 1 1 0 1 1 1 0 1 1 0 0 1 1 0 0 1 0 1 1 0 1 0 0 1 0 0 0 0 0 1 0 0 0 1 0 1 0 0]"
12,0.7105490227316914,"[1 1 1 1 0 1 1 1 0 1 1 0 0 1 1 0 0 1 0 1 1 0 1 0 0 1 0 0 0 0 0 1 0 0 0 1 0 1 0 0]"
12,0.7105490227316914,"[1 1 1 1 0 1 1 1 0 1 1 0 0 1 1 0 0 1 0 1 1 0 1 0 0 1 0 0 0 0 0 1 0 0 0 1 0 1 0 0]"
12,0.7105490227316914,"[1 1 1 1 0 1 1 1 0 1 1 0 0 1 1 0 0 1 0 1 1 0 1 0 0 1 0 0 0 0 0 1 0 0 0 1 0 1 0 0]"
12,0.7105490227316914,"[1 1 1 1 0 1 1 1 0 1 1 0 0 1 1 0 0 1 0 1 1 0 1 0 0 1 0 0 0 0 0 1 0 0 0 1 0 1 0 0]"
12,0.7105490227316914,"[1 1 1 1 0 1 1 1 0 1 1 0 0 1 1 0 0 1 0 1 1 0 1 0 0 1 0 0 0 0 0 1 0 0 0 1 0 1 0 0]"
12,0.7105490227316914,"[1 1 1 1 0 1 1 1 0 1 1 0 0 1 1 0 0 1 0 1 1 0 1 0 0 1 0 0 0 0 0 1 0 0 0 1 0 1 0 0]"
12,0.7105490227316914,"[1 1 1 1 0 1 1 1 0 1 1 0 0 1 1 0 0 1 0 1 1 0 1 0 0 1 0 0 0 0 0 1 0 0 0 1 0 1 0 0]"
12,0.7105490227316914,"[1 1 1 1 0 1 1 1 0 1 1 0 0 1 1 0 0 1 0 1 1 0 1 0 0 1 0 0 0 0 0 1 0 0 0 1 0 1 0 0]"
12,0.7105490227316914,"[1 1 1 1 0 1 1 1 0 1 1 0 0 1 1 0 0 1 0 1 1 0 1 0 0 1 0 0 0 0 0 1 0 0 0 1 0 1 0 0]"
12,0.7105490227316914,"[1 1 1 1 0 1 1 1 0 1 1 0 0 1 1 0 0 1 0 1 1 0 1 0 0 1 0 0 0 0 0 1 0 0 0 1 0 1 0 0]"
12,0.7105490227316914,"[1 1 1 1 0 1 1 1 0 1 1 0 0 1 1 0 0 1 0 1 1 0 1 0 0 1 0 0 0 0 0 1 0 0 0 1 0 1 0 0]"
12,0.7105490227316914,"[1 1 1 1 0 1 1 1 0 1 1 0 0 1 1 0 0 1 0 1 1 0 1 0 0 1 0 0 0 0 0 1 0 0 0 1 0 1 0 0]"
12,0.7105490227316914,"[1 1 1 1 0 1 1 1 0 1 1 0 0 1 1 0 0 1 0 1 1 0 1 0 0 1 0 0 0 0 0 1 0 0 0 1 0 1 0 0]"
12,0.7105490227316914,"[1 1 1 1 0 1 1 1 0 1 1 0 0 1 1 0 0 1 0 1 1 0 1 0 0 1 0 0 0 0 0 1 0 0 0 1 0 1 0 0]"
12,0.7105490227316914,"[1 1 1 1 0 1 1 1 0 1 1 0 0 1 1 0 0 1 0 1 1 0 1 0 0 1 0 0 0 0 0 1 0 0 0 1 0 1 0 0]"
12,0.7105490227316914,"[1 1 1 1 0 1 1 1 0 1 1 0 0 1 1 0 0 1 0 1 1 0 1 0 0 1 0 0 0 0 0 1 0 0 0 1 0 1 0 0]"
12,0.7105490227316914,"[1 1 1 1 0 1 1 1 0 1 1 0 0 1 1 0 0 1 0 1 1 0 1 0 0 1 0 0 0 0 0 1 0 0 0 1 0 1 0 0]"
12,0.7105490227316914,"[1 1 1 1 0 1 1 1 0 1 1 0 0 1 1 0 0 1 0 1 1 0 1 0 0 1 0 0 0 0 0 1 0 0 0 1 0 1 0 0]"
12,0.7105490227316914,"[1 1 1 1 0 1 1 1 0 1 1 0 0 1 1 0 0 1 0 1 1 0 1 0 0 1 0 0 0 0 0 1 0 0 0 1 0 1 0 0]"
12,0.7105490227316914,"[1 1 1 1 0 1 1 1 0 1 1 0 0 1 1 0 0 1 0 1 1 0 1 0 0 1 0 0 0 0 0 1 0 0 0 1 0 1 0 0]"
12,0.7105490227316914,"[1 1 1 1 0 1 1 1 0 1 1 0 0 1 1 0 0 1 0 1 1 0 1 0 0 1 0 0 0 0 0 1 0 0 0 1 0 1 0 0]"
12,0.7105490227316914,"[1 1 1 1 0 1 1 1 0 1 1 0 0 1 1 0 0 1 0 1 1 0 1 0 0 1 0 0 0 0 0 1 0 0 0 1 0 1 0 0]"
12,0.7105490227316914,"[1 1 1 1 0 1 1 1 0 1 1 0 0 1 1 0 0 1 0 1 1 0 1 0 0 1 0 0 0 0 0 1 0 0 0 1 0 1 0 0]"
12,0.7105490227316914,"[1 1 1 1 0 1 1 1 0 1 1 0 0 1 1 0 0 1 0 1 1 0 1 0 0 1 0 0 0 0 0 1 0 0 0 1 0 1 0 0]"
12,0.7105490227316914,"[1 1 1 1 0 1 1 1 0 1 1 0 0 1 1 0 0 1 0 1 1 0 1 0 0 1 0 0 0 0 0 1 0 0 0 1 0 1 0 0]"
12,0.7105490227316914,"[1 1 1 1 0 1 1 1 0 1 1 0 0 1 1 0 0 1 0 1 1 0 1 0 0 1 0 0 0 0 0 1 0 0 0 1 0 1 0 0]"
12,0.7105490227316914,"[1 1 1 1 0 1 1 1 0 1 1 0 0 1 1 0 0 1 0 1 1 0 1 0 0 1 0 0 0 0 0 1 0 0 0 1 0 1 0 0]"
12,0.7105490227316914,"[1 1 1 1 0 1 1 1 0 1 1 0 0 1 1 0 0 1 0 1 1 0 1 0 0 1 0 0 0 0 0 1 0 0 0 1 0 1 0 0]"
12,0.7105490227316914,"[1 1 1 1 0 1 1 1 0 1 1 0 0 1 1 0 0 1 0 1 1 0 1 0 0 1 0 0 0 0 0 1 0 0 0 1 0 1 0 0]"
12,0.7105490227316914,"[1 1 1 1 0 1 1 1 0 1 1 0 0 1 1 0 0 1 0 1 1 0 1 0 0 1 0 0 0 0 0 1 0 0 0 1 0 1 0 0]"
12,0.7105490227316914,"[1 1 1 1 0 1 1 1 0 1 1 0 0 1 1 0 0 1 0 1 1 0 1 0 0 1 0 0 0 0 0 1 0 0 0 1 0 1 0 0]"
12,0.7105490227316914,"[1 1 1 1 0 1 1 1 0 1 1 0 0 1 1 0 0 1 0 1 1 0 1 0 0 1 0 0 0 0 0 1 0 0 0 1 0 1 0 0]"
12,0.7105490227316914,"[1 1 1 1 0 1 1 1 0 1 1 0 0 1 1 0 0 1 0 1 1 0 1 0 0 1 0 0 0 0 0 1 0 0 0 1 0 1 0 0]"
12,0.7105490227316914,"[1 1 1 1 0 1 1 1 0 1 1 0 0 1 1 0 0 1 0 1 1 0 1 0 0 1 0 0 0 0 0 1 0 0 0 1 0 1 0 0]"
12,0.7105490227316914,"[1 1 1 1 0 1 1 1 0 1 1 0 0 1 1 0 0 1 0 1 1 0 1 0 0 1 0 0 0 0 0 1 0 0 0 1 0 1 0 0]"
12,0.7105490227316914,"[1 1 1 1 0 1 1 1 0 1 1 0 0 1 1 0 0 1 0 1 1 0 1 0 0 1 0 0 0 0 0 1 0 0 0 1 0 1 0 0]"
12,0.7105490227316914,"[1 1 1 1 0 1 1 1 0 1 1 0 0 1 1 0 0 1 0 1 1 0 1 0 0 1 0 0 0 0 0 1 0 0 0 1 0 1 0 0]"
12,0.7105490227316914,"[1 1 1 1 0 1 1 1 0 1 1 0 0 1 1 0 0 1 0 1 1 0 1 0 0 1 0 0 0 0 0 1 0 0 0 1 0 1 0 0]"
12,0.7105490227316914,"[1 1 1 1 0 1 1 1 0 1 1 0 0 1 1 0 0 1 0 1 1 0 1 0 0 1 0 0 0 0 0 1 0 0 0 1 0 1 0 0]"
12,0.7105490227316914,"[1 1 1 1 0 1 1 1 0 1 1 0 0 1 1 0 0 1 0 1 1 0 1 0 0 1 0 0 0 0 0 1 0 0 0 1 0 1 0 0]"
12,0.7105490227316914,"[1 1 1 1 0 1 1 1 0 1 1 0 0 1 1 0 0 1 0 1 1 0 1 0 0 1 0 0 0 0 0 1 0 0 0 1 0 1 0 0]"
12,0.7105490227316914,"[1 1 1 1 0 1 1 1 0 1 1 0 0 1 1 0 0 1 0 1 1 0 1 0 0 1 0 0 0 0 0 1 0 0 0 1 0 1 0 0]"
12,0.7105490227316914,"[1 1 1 1 0 1 1 1 0 1 1 0 0 1 1 0 0 1 0 1 1 0 1 0 0 1 0 0 0 0 0 1 0 0 0 1 0 1 0 0]"
12,0.7105490227316914,"[1 1 1 1 0 1 1 1 0 1 1 0 0 1 1 0 0 1 0 1 1 0 1 0 0 1 0 0 0 0 0 1 0 0 0 1 0 1 0 0]"
12,0.7105490227316914,"[1 1 1 1 0 1 1 1 0 1 1 0 0 1 1 0 0 1 0 1 1 0 1 0 0 1 0 0 0 0 0 1 0 0 0 1 0 1 0 0]"
12,0.7105490227316914,"[1 1 1 1 0 1 1 1 0 1 1 0 0 1 1 0 0 1 0 1 1 0 1 0 0 1 0 0 0 0 0 1 0 0 0 1 0 1 0 0]"
12,0.7105490227316914,"[1 1 1 1 0 1 1 1 0 1 1 0 0 1 1 0 0 1 0 1 1 0 1 0 0 1 0 0 0 0 0 1 0 0 0 1 0 1 0 0]"
12,0.7105490227316914,"[1 1 1 1 0 1 1 1 0 1 1 0 0 1 1 0 0 1 0 1 1 0 1 0 0 1 0 0 0 0 0 1 0 0 0 1 0 1 0 0]"
12,0.7105490227316914,"[1 1 1 1 0 1 1 1 0 1 1 0 0 1 1 0 0 1 0 1 1 0 1 0 0 1 0 0 0 0 0 1 0 0 0 1 0 1 0 0]"
12,0.7105490227316914,"[1 1 1 1 0 1 1 1 0 1 1 0 0 1 1 0 0 1 0 1 1 0 1 0 0 1 0 0 0 0 0 1 0 0 0 1 0 1 0 0]"
12,0.7105490227316914,"[1 1 1 1 0 1 1 1 0 1 1 0 0 1 1 0 0 1 0 1 1 0 1 0 0 1 0 0 0 0 0 1 0 0 0 1 0 1 0 0]"
12,0.7105490227316914,"[1 1 1 1 0 1 1 1 0 1 1 0 0 1 1 0 0 1 0 1 1 0 1 0 0 1 0 0 0 0 0 1 0 0 0 1 0 1 0 0]"
12,0.7105490227316914,"[1 1 1 1 0 1 1 1 0 1 1 0 0 1 1 0 0 1 0 1 1 0 1 0 0 1 0 0 0 0 0 1 0 0 0 1 0 1 0 0]"
12,0.7105490227316914,"[1 1 1 1 0 1 1 1 0 1 1 0 0 1 1 0 0 1 0 1 1 0 1 0 0 1 0 0 0 0 0 1 0 0 0 1 0 1 0 0]"
12,0.7105490227316914,"[1 1 1 1 0 1 1 1 0 1 1 0 0 1 1 0 0 1 0 1 1 0 1 0 0 1 0 0 0 0 0 1 0 0 0 1 0 1 0 0]"
12,0.7105490227316914,"[1 1 1 1 0 1 1 1 0 1 1 0 0 1 1 0 0 1 0 1 1 0 1 0 0 1 0 0 0 0 0 1 0 0 0 1 0 1 0 0]"
12,0.7105490227316914,"[1 1 1 1 0 1 1 1 0 1 1 0 0 1 1 0 0 1 0 1 1 0 1 0 0 1 0 0 0 0 0 1 0 0 0 1 0 1 0 0]"
12,0.7105490227316914,"[1 1 1 1 0 1 1 1 0 1 1 0 0 1 1 0 0 1 0 1 1 0 1 0 0 1 0 0 0 0 0 1 0 0 0 1 0 1 0 0]"
12,0.7105490227316914,"[1 1 1 1 0 1 1 1 0 1 1 0 0 1 1 0 0 1 0 1 1 0 1 0 0 1 0 0 0 0 0 1 0 0 0 1 0 1 0 0]"
12,0.7105490227316914,"[1 1 1 1 0 1 1 1 0 1 1 0 0 1 1 0 0 1 0 1 1 0 1 0 0 1 0 0 0 0 0 1 0 0 0 1 0 1 0 0]"
12,0.7105490227316914,"[1 1 1 1 0 1 1 1 0 1 1 0 0 1 1 0 0 1 0 1 1 0 1 0 0 1 0 0 0 0 0 1 0 0 0 1 0 1 0 0]"
12,0.7105490227316914,"[1 1 1 1 0 1 1 1 0 1 1 0 0 1 1 0 0 1 0 1 1 0 1 0 0 1 0 0 0 0 0 1 0 0 0 1 0 1 0 0]"
12,0.7105490227316914,"[1 1 1 1 0 1 1 1 0 1 1 0 0 1 1 0 0 1 0 1 1 0 1 0 0 1 0 0 0 0 0 1 0 0 0 1 0 1 0 0]"
12,0.7105490227316914,"[1 1 1 1 0 1 1 1 0 1 1 0 0 1 1 0 0 1 0 1 1 0 1 0 0 1 0 0 0 0 0 1 0 0 0 1 0 1 0 0]"
12,0.7105490227316914,"[1 1 1 1 0 1 1 1 0 1 1 0 0 1 1 0 0 1 0 1 1 0 1 0 0 1 0 0 0 0 0 1 0 0 0 1 0 1 0 0]"
12,0.7105490227316914,"[1 1 1 1 0 1 1 1 0 1 1 0 0 1 1 0 0 1 0 1 1 0 1 0 0 1 0 0 0 0 0 1 0 0 0 1 0 1 0 0]"
12,0.7105490227316914,"[1 1 1 1 0 1 1 1 0 1 1 0 0 1 1 0 0 1 0 1 1 0 1 0 0 1 0 0 0 0 0 1 0 0 0 1 0 1 0 0]"
12,0.7105490227316914,"[1 1 1 1 0 1 1 1 0 1 1 0 0 1 1 0 0 1 0 1 1 0 1 0 0 1 0 0 0 0 0 1 0 0 0 1 0 1 0 0]"
12,0.7105490227316914,"[1 1 1 1 0 1 1 1 0 1 1 0 0 1 1 0 0 1 0 1 1 0 1 0 0 1 0 0 0 0 0 1 0 0 0 1 0 1 0 0]"
12,0.7105490227316914,"[1 1 1 1 0 1 1 1 0 1 1 0 0 1 1 0 0 1 0 1 1 0 1 0 0 1 0 0 0 0 0 1 0 0 0 1 0 1 0 0]"
12,0.7105490227316914,"[1 1 1 1 0 1 1 1 0 1 1 0 0 1 1 0 0 1 0 1 1 0 1 0 0 1 0 0 0 0 0 1 0 0 0 1 0 1 0 0]"
12,0.7105490227316914,"[1 1 1 1 0 1 1 1 0 1 1 0 0 1 1 0 0 1 0 1 1 0 1 0 0 1 0 0 0 0 0 1 0 0 0 1 0 1 0 0]"
12,0.7105490227316914,"[1 1 1 1 0 1 1 1 0 1 1 0 0 1 1 0 0 1 0 1 1 0 1 0 0 1 0 0 0 0 0 1 0 0 0 1 0 1 0 0]"
12,0.7105490227316914,"[1 1 1 1 0 1 1 1 0 1 1 0 0 1 1 0 0 1 0 1 1 0 1 0 0 1 0 0 0 0 0 1 0 0 0 1 0 1 0 0]"
12,0.7105490227316914,"[1 1 1 1 0 1 1 1 0 1 1 0 0 1 1 0 0 1 0 1 1 0 1 0 0 1 0 0 0 0 0 1 0 0 0 1 0 1 0 0]"
12,0.7105490227316914,"[1 1 1 1 0 1 1 1 0 1 1 0 0 1 1 0 0 1 0 1 1 0 1 0 0 1 0 0 0 0 0 1 0 0 0 1 0 1 0 0]"
12,0.7105490227316914,"[1 1 1 1 0 1 1 1 0 1 1 0 0 1 1 0 0 1 0 1 1 0 1 0 0 1 0 0 0 0 0 1 0 0 0 1 0 1 0 0]"
12,0.7105490227316914,"[1 1 1 1 0 1 1 1 0 1 1 0 0 1 1 0 0 1 0 1 1 0 1 0 0 1 0 0 0 0 0 1 0 0 0 1 0 1 0 0]"
12,0.7105490227316914,"[1 1 1 1 0 1 1 1 0 1 1 0 0 1 1 0 0 1 0 1 1 0 1 0 0 1 0 0 0 0 0 1 0 0 0 1 0 1 0 0]"
12,0.7105490227316914,"[1 1 1 1 0 1 1 1 0 1 1 0 0 1 1 0 0 1 0 1 1 0 1 0 0 1 0 0 0 0 0 1 0 0 0 1 0 1 0 0]"
12,0.7105490227316914,"[1 1 1 1 0 1 1 1 0 1 1 0 0 1 1 0 0 1 0 1 1 0 1 0 0 1 0 0 0 0 0 1 0 0 0 1 0 1 0 0]"
12,0.7105490227316914,"[1 1 1 1 0 1 1 1 0 1 1 0 0 1 1 0 0 1 0 1 1 0 1 0 0 1 0 0 0 0 0 1 0 0 0 1 0 1 0 0]"
12,0.7105490227316914,"[1 1 1 1 0 1 1 1 0 1 1 0 0 1 1 0 0 1 0 1 1 0 1 0 0 1 0 0 0 0 0 1 0 0 0 1 0 1 0 0]"
12,0.7105490227316914,"[1 1 1 1 0 1 1 1 0 1 1 0 0 1 1 0 0 1 0 1 1 0 1 0 0 1 0 0 0 0 0 1 0 0 0 1 0 1 0 0]"
12,0.7105490227316914,"[1 1 1 1 0 1 1 1 0 1 1 0 0 1 1 0 0 1 0 1 1 0 1 0 0 1 0 0 0 0 0 1 0 0 0 1 0 1 0 0]"
12,0.7105490227316914,"[1 1 1 1 0 1 1 1 0 1 1 0 0 1 1 0 0 1 0 1 1 0 1 0 0 1 0 0 0 0 0 1 0 0 0 1 0 1 0 0]"
12,0.7105490227316914,"[1 1 1 1 0 1 1 1 0 1 1 0 0 1 1 0 0 1 0 1 1 0 1 0 0 1 0 0 0 0 0 1 0 0 0 1 0 1 0 0]"
12,0.7105490227316914,"[1 1 1 1 0 1 1 1 0 1 1 0 0 1 1 0 0 1 0 1 1 0 1 0 0 1 0 0 0 0 0 1 0 0 0 1 0 1 0 0]"
12,0.7105490227316914,"[1 1 1 1 0 1 1 1 0 1 1 0 0 1 1 0 0 1 0 1 1 0 1 0 0 1 0 0 0 0 0 1 0 0 0 1 0 1 0 0]"
12,0.7105490227316914,"[1 1 1 1 0 1 1 1 0 1 1 0 0 1 1 0 0 1 0 1 1 0 1 0 0 1 0 0 0 0 0 1 0 0 0 1 0 1 0 0]"
12,0.7105490227316914,"[1 1 1 1 0 1 1 1 0 1 1 0 0 1 1 0 0 1 0 1 1 0 1 0 0 1 0 0 0 0 0 1 0 0 0 1 0 1 0 0]"
12,0.7105490227316914,"[1 1 1 1 0 1 1 1 0 1 1 0 0 1 1 0 0 1 0 1 1 0 1 0 0 1 0 0 0 0 0 1 0 0 0 1 0 1 0 0]"
12,0.7105490227316914,"[1 1 1 1 0 1 1 1 0 1 1 0 0 1 1 0 0 1 0 1 1 0 1 0 0 1 0 0 0 0 0 1 0 0 0 1 0 1 0 0]"
12,0.7105490227316914,"[1 1 1 1 0 1 1 1 0 1 1 0 0 1 1 0 0 1 0 1 1 0 1 0 0 1 0 0 0 0 0 1 0 0 0 1 0 1 0 0]"
12,0.7105490227316914,"[1 1 1 1 0 1 1 1 0 1 1 0 0 1 1 0 0 1 0 1 1 0 1 0 0 1 0 0 0 0 0 1 0 0 0 1 0 1 0 0]"
12,0.7105490227316914,"[1 1 1 1 0 1 1 1 0 1 1 0 0 1 1 0 0 1 0 1 1 0 1 0 0 1 0 0 0 0 0 1 0 0 0 1 0 1 0 0]"
12,0.7105490227316914,"[1 1 1 1 0 1 1 1 0 1 1 0 0 1 1 0 0 1 0 1 1 0 1 0 0 1 0 0 0 0 0 1 0 0 0 1 0 1 0 0]"
13,0.7105490227316914,"[1 1 1 1 0 1 1 1 0 1 1 0 0 1 1 0 0 1 0 1 1 0 1 0 0 1 0 0 0 0 0 1 0 0 0 1 0 1 0 0]"
13,0.7105490227316914,"[1 1 1 1 0 1 1 1 0 1 1 0 0 1 1 0 0 1 0 1 1 0 1 0 0 1 0 0 0 0 0 1 0 0 0 1 0 1 0 0]"
13,0.7105490227316914,"[1 1 1 1 0 1 1 1 0 1 1 0 0 1 1 0 0 1 0 1 1 0 1 0 0 1 0 0 0 0 0 1 0 0 0 1 0 1 0 0]"
13,0.7105490227316914,"[1 1 1 1 0 1 1 1 0 1 1 0 0 1 1 0 0 1 0 1 1 0 1 0 0 1 0 0 0 0 0 1 0 0 0 1 0 1 0 0]"
13,0.7105490227316914,"[1 1 1 1 0 1 1 1 0 1 1 0 0 1 1 0 0 1 0 1 1 0 1 0 0 1 0 0 0 0 0 1 0 0 0 1 0 1 0 0]"
13,0.7105490227316914,"[1 1 1 1 0 1 1 1 0 1 1 0 0 1 1 0 0 1 0 1 1 0 1 0 0 1 0 0 0 0 0 1 0 0 0 1 0 1 0 0]"
13,0.7105490227316914,"[1 1 1 1 0 1 1 1 0 1 1 0 0 1 1 0 0 1 0 1 1 0 1 0 0 1 0 0 0 0 0 1 0 0 0 1 0 1 0 0]"
13,0.7105490227316914,"[1 1 1 1 0 1 1 1 0 1 1 0 0 1 1 0 0 1 0 1 1 0 1 0 0 1 0 0 0 0 0 1 0 0 0 1 0 1 0 0]"
13,0.7105490227316914,"[1 1 1 1 0 1 1 1 0 1 1 0 0 1 1 0 0 1 0 1 1 0 1 0 0 1 0 0 0 0 0 1 0 0 0 1 0 1 0 0]"
13,0.7105490227316914,"[1 1 1 1 0 1 1 1 0 1 1 0 0 1 1 0 0 1 0 1 1 0 1 0 0 1 0 0 0 0 0 1 0 0 0 1 0 1 0 0]"
13,0.7105490227316914,"[1 1 1 1 0 1 1 1 0 1 1 0 0 1 1 0 0 1 0 1 1 0 1 0 0 1 0 0 0 0 0 1 0 0 0 1 0 1 0 0]"
13,0.7105490227316914,"[1 1 1 1 0 1 1 1 0 1 1 0 0 1 1 0 0 1 0 1 1 0 1 0 0 1 0 0 0 0 0 1 0 0 0 1 0 1 0 0]"
13,0.7105490227316914,"[1 1 1 1 0 1 1 1 0 1 1 0 0 1 1 0 0 1 0 1 1 0 1 0 0 1 0 0 0 0 0 1 0 0 0 1 0 1 0 0]"
13,0.7105490227316914,"[1 1 1 1 0 1 1 1 0 1 1 0 0 1 1 0 0 1 0 1 1 0 1 0 0 1 0 0 0 0 0 1 0 0 0 1 0 1 0 0]"
13,0.7105490227316914,"[1 1 1 1 0 1 1 1 0 1 1 0 0 1 1 0 0 1 0 1 1 0 1 0 0 1 0 0 0 0 0 1 0 0 0 1 0 1 0 0]"
13,0.7105490227316914,"[1 1 1 1 0 1 1 1 0 1 1 0 0 1 1 0 0 1 0 1 1 0 1 0 0 1 0 0 0 0 0 1 0 0 0 1 0 1 0 0]"
13,0.7105490227316914,"[1 1 1 1 0 1 1 1 0 1 1 0 0 1 1 0 0 1 0 1 1 0 1 0 0 1 0 0 0 0 0 1 0 0 0 1 0 1 0 0]"
13,0.7105490227316914,"[1 1 1 1 0 1 1 1 0 1 1 0 0 1 1 0 0 1 0 1 1 0 1 0 0 1 0 0 0 0 0 1 0 0 0 1 0 1 0 0]"
13,0.7105490227316914,"[1 1 1 1 0 1 1 1 0 1 1 0 0 1 1 0 0 1 0 1 1 0 1 0 0 1 0 0 0 0 0 1 0 0 0 1 0 1 0 0]"
13,0.7105490227316914,"[1 1 1 1 0 1 1 1 0 1 1 0 0 1 1 0 0 1 0 1 1 0 1 0 0 1 0 0 0 0 0 1 0 0 0 1 0 1 0 0]"
13,0.7105490227316914,"[1 1 1 1 0 1 1 1 0 1 1 0 0 1 1 0 0 1 0 1 1 0 1 0 0 1 0 0 0 0 0 1 0 0 0 1 0 1 0 0]"
13,0.7105490227316914,"[1 1 1 1 0 1 1 1 0 1 1 0 0 1 1 0 0 1 0 1 1 0 1 0 0 1 0 0 0 0 0 1 0 0 0 1 0 1 0 0]"
13,0.7105490227316914,"[1 1 1 1 0 1 1 1 0 1 1 0 0 1 1 0 0 1 0 1 1 0 1 0 0 1 0 0 0 0 0 1 0 0 0 1 0 1 0 0]"
13,0.7105490227316914,"[1 1 1 1 0 1 1 1 0 1 1 0 0 1 1 0 0 1 0 1 1 0 1 0 0 1 0 0 0 0 0 1 0 0 0 1 0 1 0 0]"
13,0.7105490227316914,"[1 1 1 1 0 1 1 1 0 1 1 0 0 1 1 0 0 1 0 1 1 0 1 0 0 1 0 0 0 0 0 1 0 0 0 1 0 1 0 0]"
13,0.7105490227316914,"[1 1 1 1 0 1 1 1 0 1 1 0 0 1 1 0 0 1 0 1 1 0 1 0 0 1 0 0 0 0 0 1 0 0 0 1 0 1 0 0]"
13,0.7105490227316914,"[1 1 1 1 0 1 1 1 0 1 1 0 0 1 1 0 0 1 0 1 1 0 1 0 0 1 0 0 0 0 0 1 0 0 0 1 0 1 0 0]"
13,0.7105490227316914,"[1 1 1 1 0 1 1 1 0 1 1 0 0 1 1 0 0 1 0 1 1 0 1 0 0 1 0 0 0 0 0 1 0 0 0 1 0 1 0 0]"
13,0.7105490227316914,"[1 1 1 1 0 1 1 1 0 1 1 0 0 1 1 0 0 1 0 1 1 0 1 0 0 1 0 0 0 0 0 1 0 0 0 1 0 1 0 0]"
13,0.7105490227316914,"[1 1 1 1 0 1 1 1 0 1 1 0 0 1 1 0 0 1 0 1 1 0 1 0 0 1 0 0 0 0 0 1 0 0 0 1 0 1 0 0]"
13,0.7105490227316914,"[1 1 1 1 0 1 1 1 0 1 1 0 0 1 1 0 0 1 0 1 1 0 1 0 0 1 0 0 0 0 0 1 0 0 0 1 0 1 0 0]"
13,0.7105490227316914,"[1 1 1 1 0 1 1 1 0 1 1 0 0 1 1 0 0 1 0 1 1 0 1 0 0 1 0 0 0 0 0 1 0 0 0 1 0 1 0 0]"
13,0.7105490227316914,"[1 1 1 1 0 1 1 1 0 1 1 0 0 1 1 0 0 1 0 1 1 0 1 0 0 1 0 0 0 0 0 1 0 0 0 1 0 1 0 0]"
13,0.7105490227316914,"[1 1 1 1 0 1 1 1 0 1 1 0 0 1 1 0 0 1 0 1 1 0 1 0 0 1 0 0 0 0 0 1 0 0 0 1 0 1 0 0]"
13,0.7105490227316914,"[1 1 1 1 0 1 1 1 0 1 1 0 0 1 1 0 0 1 0 1 1 0 1 0 0 1 0 0 0 0 0 1 0 0 0 1 0 1 0 0]"
13,0.7105490227316914,"[1 1 1 1 0 1 1 1 0 1 1 0 0 1 1 0 0 1 0 1 1 0 1 0 0 1 0 0 0 0 0 1 0 0 0 1 0 1 0 0]"
13,0.7105490227316914,"[1 1 1 1 0 1 1 1 0 1 1 0 0 1 1 0 0 1 0 1 1 0 1 0 0 1 0 0 0 0 0 1 0 0 0 1 0 1 0 0]"
13,0.7105490227316914,"[1 1 1 1 0 1 1 1 0 1 1 0 0 1 1 0 0 1 0 1 1 0 1 0 0 1 0 0 0 0 0 1 0 0 0 1 0 1 0 0]"
13,0.7105490227316914,"[1 1 1 1 0 1 1 1 0 1 1 0 0 1 1 0 0 1 0 1 1 0 1 0 0 1 0 0 0 0 0 1 0 0 0 1 0 1 0 0]"
13,0.7105490227316914,"[1 1 1 1 0 1 1 1 0 1 1 0 0 1 1 0 0 1 0 1 1 0 1 0 0 1 0 0 0 0 0 1 0 0 0 1 0 1 0 0]"
13,0.7105490227316914,"[1 1 1 1 0 1 1 1 0 1 1 0 0 1 1 0 0 1 0 1 1 0 1 0 0 1 0 0 0 0 0 1 0 0 0 1 0 1 0 0]"
13,0.7105490227316914,"[1 1 1 1 0 1 1 1 0 1 1 0 0 1 1 0 0 1 0 1 1 0 1 0 0 1 0 0 0 0 0 1 0 0 0 1 0 1 0 0]"
13,0.7105490227316914,"[1 1 1 1 0 1 1 1 0 1 1 0 0 1 1 0 0 1 0 1 1 0 1 0 0 1 0 0 0 0 0 1 0 0 0 1 0 1 0 0]"
13,0.7105490227316914,"[1 1 1 1 0 1 1 1 0 1 1 0 0 1 1 0 0 1 0 1 1 0 1 0 0 1 0 0 0 0 0 1 0 0 0 1 0 1 0 0]"
13,0.7105490227316914,"[1 1 1 1 0 1 1 1 0 1 1 0 0 1 1 0 0 1 0 1 1 0 1 0 0 1 0 0 0 0 0 1 0 0 0 1 0 1 0 0]"
13,0.7105490227316914,"[1 1 1 1 0 1 1 1 0 1 1 0 0 1 1 0 0 1 0 1 1 0 1 0 0 1 0 0 0 0 0 1 0 0 0 1 0 1 0 0]"
13,0.7105490227316914,"[1 1 1 1 0 1 1 1 0 1 1 0 0 1 1 0 0 1 0 1 1 0 1 0 0 1 0 0 0 0 0 1 0 0 0 1 0 1 0 0]"
13,0.7105490227316914,"[1 1 1 1 0 1 1 1 0 1 1 0 0 1 1 0 0 1 0 1 1 0 1 0 0 1 0 0 0 0 0 1 0 0 0 1 0 1 0 0]"
13,0.7105490227316914,"[1 1 1 1 0 1 1 1 0 1 1 0 0 1 1 0 0 1 0 1 1 0 1 0 0 1 0 0 0 0 0 1 0 0 0 1 0 1 0 0]"
13,0.7105490227316914,"[1 1 1 1 0 1 1 1 0 1 1 0 0 1 1 0 0 1 0 1 1 0 1 0 0 1 0 0 0 0 0 1 0 0 0 1 0 1 0 0]"
13,0.7105490227316914,"[1 1 1 1 0 1 1 1 0 1 1 0 0 1 1 0 0 1 0 1 1 0 1 0 0 1 0 0 0 0 0 1 0 0 0 1 0 1 0 0]"
13,0.7105490227316914,"[1 1 1 1 0 1 1 1 0 1 1 0 0 1 1 0 0 1 0 1 1 0 1 0 0 1 0 0 0 0 0 1 0 0 0 1 0 1 0 0]"
13,0.7105490227316914,"[1 1 1 1 0 1 1 1 0 1 1 0 0 1 1 0 0 1 0 1 1 0 1 0 0 1 0 0 0 0 0 1 0 0 0 1 0 1 0 0]"
13,0.7105490227316914,"[1 1 1 1 0 1 1 1 0 1 1 0 0 1 1 0 0 1 0 1 1 0 1 0 0 1 0 0 0 0 0 1 0 0 0 1 0 1 0 0]"
13,0.7105490227316914,"[1 1 1 1 0 1 1 1 0 1 1 0 0 1 1 0 0 1 0 1 1 0 1 0 0 1 0 0 0 0 0 1 0 0 0 1 0 1 0 0]"
13,0.7105490227316914,"[1 1 1 1 0 1 1 1 0 1 1 0 0 1 1 0 0 1 0 1 1 0 1 0 0 1 0 0 0 0 0 1 0 0 0 1 0 1 0 0]"
13,0.7105490227316914,"[1 1 1 1 0 1 1 1 0 1 1 0 0 1 1 0 0 1 0 1 1 0 1 0 0 1 0 0 0 0 0 1 0 0 0 1 0 1 0 0]"
13,0.7105490227316914,"[1 1 1 1 0 1 1 1 0 1 1 0 0 1 1 0 0 1 0 1 1 0 1 0 0 1 0 0 0 0 0 1 0 0 0 1 0 1 0 0]"
13,0.7105490227316914,"[1 1 1 1 0 1 1 1 0 1 1 0 0 1 1 0 0 1 0 1 1 0 1 0 0 1 0 0 0 0 0 1 0 0 0 1 0 1 0 0]"
13,0.7105490227316914,"[1 1 1 1 0 1 1 1 0 1 1 0 0 1 1 0 0 1 0 1 1 0 1 0 0 1 0 0 0 0 0 1 0 0 0 1 0 1 0 0]"
13,0.7105490227316914,"[1 1 1 1 0 1 1 1 0 1 1 0 0 1 1 0 0 1 0 1 1 0 1 0 0 1 0 0 0 0 0 1 0 0 0 1 0 1 0 0]"
13,0.7105490227316914,"[1 1 1 1 0 1 1 1 0 1 1 0 0 1 1 0 0 1 0 1 1 0 1 0 0 1 0 0 0 0 0 1 0 0 0 1 0 1 0 0]"
13,0.7105490227316914,"[1 1 1 1 0 1 1 1 0 1 1 0 0 1 1 0 0 1 0 1 1 0 1 0 0 1 0 0 0 0 0 1 0 0 0 1 0 1 0 0]"
13,0.7105490227316914,"[1 1 1 1 0 1 1 1 0 1 1 0 0 1 1 0 0 1 0 1 1 0 1 0 0 1 0 0 0 0 0 1 0 0 0 1 0 1 0 0]"
13,0.7105490227316914,"[1 1 1 1 0 1 1 1 0 1 1 0 0 1 1 0 0 1 0 1 1 0 1 0 0 1 0 0 0 0 0 1 0 0 0 1 0 1 0 0]"
13,0.7105490227316914,"[1 1 1 1 0 1 1 1 0 1 1 0 0 1 1 0 0 1 0 1 1 0 1 0 0 1 0 0 0 0 0 1 0 0 0 1 0 1 0 0]"
13,0.7105490227316914,"[1 1 1 1 0 1 1 1 0 1 1 0 0 1 1 0 0 1 0 1 1 0 1 0 0 1 0 0 0 0 0 1 0 0 0 1 0 1 0 0]"
13,0.7105490227316914,"[1 1 1 1 0 1 1 1 0 1 1 0 0 1 1 0 0 1 0 1 1 0 1 0 0 1 0 0 0 0 0 1 0 0 0 1 0 1 0 0]"
13,0.7105490227316914,"[1 1 1 1 0 1 1 1 0 1 1 0 0 1 1 0 0 1 0 1 1 0 1 0 0 1 0 0 0 0 0 1 0 0 0 1 0 1 0 0]"
13,0.7105490227316914,"[1 1 1 1 0 1 1 1 0 1 1 0 0 1 1 0 0 1 0 1 1 0 1 0 0 1 0 0 0 0 0 1 0 0 0 1 0 1 0 0]"
13,0.7105490227316914,"[1 1 1 1 0 1 1 1 0 1 1 0 0 1 1 0 0 1 0 1 1 0 1 0 0 1 0 0 0 0 0 1 0 0 0 1 0 1 0 0]"
13,0.7105490227316914,"[1 1 1 1 0 1 1 1 0 1 1 0 0 1 1 0 0 1 0 1 1 0 1 0 0 1 0 0 0 0 0 1 0 0 0 1 0 1 0 0]"
13,0.7105490227316914,"[1 1 1 1 0 1 1 1 0 1 1 0 0 1 1 0 0 1 0 1 1 0 1 0 0 1 0 0 0 0 0 1 0 0 0 1 0 1 0 0]"
13,0.7105490227316914,"[1 1 1 1 0 1 1 1 0 1 1 0 0 1 1 0 0 1 0 1 1 0 1 0 0 1 0 0 0 0 0 1 0 0 0 1 0 1 0 0]"
13,0.7105490227316914,"[1 1 1 1 0 1 1 1 0 1 1 0 0 1 1 0 0 1 0 1 1 0 1 0 0 1 0 0 0 0 0 1 0 0 0 1 0 1 0 0]"
13,0.7105490227316914,"[1 1 1 1 0 1 1 1 0 1 1 0 0 1 1 0 0 1 0 1 1 0 1 0 0 1 0 0 0 0 0 1 0 0 0 1 0 1 0 0]"
13,0.7105490227316914,"[1 1 1 1 0 1 1 1 0 1 1 0 0 1 1 0 0 1 0 1 1 0 1 0 0 1 0 0 0 0 0 1 0 0 0 1 0 1 0 0]"
13,0.7105490227316914,"[1 1 1 1 0 1 1 1 0 1 1 0 0 1 1 0 0 1 0 1 1 0 1 0 0 1 0 0 0 0 0 1 0 0 0 1 0 1 0 0]"
13,0.7105490227316914,"[1 1 1 1 0 1 1 1 0 1 1 0 0 1 1 0 0 1 0 1 1 0 1 0 0 1 0 0 0 0 0 1 0 0 0 1 0 1 0 0]"
13,0.7105490227316914,"[1 1 1 1 0 1 1 1 0 1 1 0 0 1 1 0 0 1 0 1 1 0 1 0 0 1 0 0 0 0 0 1 0 0 0 1 0 1 0 0]"
13,0.7105490227316914,"[1 1 1 1 0 1 1 1 0 1 1 0 0 1 1 0 0 1 0 1 1 0 1 0 0 1 0 0 0 0 0 1 0 0 0 1 0 1 0 0]"
13,0.7105490227316914,"[1 1 1 1 0 1 1 1 0 1 1 0 0 1 1 0 0 1 0 1 1 0 1 0 0 1 0 0 0 0 0 1 0 0 0 1 0 1 0 0]"
13,0.7105490227316914,"[1 1 1 1 0 1 1 1 0 1 1 0 0 1 1 0 0 1 0 1 1 0 1 0 0 1 0 0 0 0 0 1 0 0 0 1 0 1 0 0]"
13,0.7105490227316914,"[1 1 1 1 0 1 1 1 0 1 1 0 0 1 1 0 0 1 0 1 1 0 1 0 0 1 0 0 0 0 0 1 0 0 0 1 0 1 0 0]"
13,0.7105490227316914,"[1 1 1 1 0 1 1 1 0 1 1 0 0 1 1 0 0 1 0 1 1 0 1 0 0 1 0 0 0 0 0 1 0 0 0 1 0 1 0 0]"
13,0.7105490227316914,"[1 1 1 1 0 1 1 1 0 1 1 0 0 1 1 0 0 1 0 1 1 0 1 0 0 1 0 0 0 0 0 1 0 0 0 1 0 1 0 0]"
13,0.7105490227316914,"[1 1 1 1 0 1 1 1 0 1 1 0 0 1 1 0 0 1 0 1 1 0 1 0 0 1 0 0 0 0 0 1 0 0 0 1 0 1 0 0]"
13,0.7105490227316914,"[1 1 1 1 0 1 1 1 0 1 1 0 0 1 1 0 0 1 0 1 1 0 1 0 0 1 0 0 0 0 0 1 0 0 0 1 0 1 0 0]"
13,0.7105490227316914,"[1 1 1 1 0 1 1 1 0 1 1 0 0 1 1 0 0 1 0 1 1 0 1 0 0 1 0 0 0 0 0 1 0 0 0 1 0 1 0 0]"
13,0.7105490227316914,"[1 1 1 1 0 1 1 1 0 1 1 0 0 1 1 0 0 1 0 1 1 0 1 0 0 1 0 0 0 0 0 1 0 0 0 1 0 1 0 0]"
13,0.7105490227316914,"[1 1 1 1 0 1 1 1 0 1 1 0 0 1 1 0 0 1 0 1 1 0 1 0 0 1 0 0 0 0 0 1 0 0 0 1 0 1 0 0]"
13,0.7105490227316914,"[1 1 1 1 0 1 1 1 0 1 1 0 0 1 1 0 0 1 0 1 1 0 1 0 0 1 0 0 0 0 0 1 0 0 0 1 0 1 0 0]"
13,0.7105490227316914,"[1 1 1 1 0 1 1 1 0 1 1 0 0 1 1 0 0 1 0 1 1 0 1 0 0 1 0 0 0 0 0 1 0 0 0 1 0 1 0 0]"
13,0.7105490227316914,"[1 1 1 1 0 1 1 1 0 1 1 0 0 1 1 0 0 1 0 1 1 0 1 0 0 1 0 0 0 0 0 1 0 0 0 1 0 1 0 0]"
13,0.7105490227316914,"[1 1 1 1 0 1 1 1 0 1 1 0 0 1 1 0 0 1 0 1 1 0 1 0 0 1 0 0 0 0 0 1 0 0 0 1 0 1 0 0]"
13,0.7105490227316914,"[1 1 1 1 0 1 1 1 0 1 1 0 0 1 1 0 0 1 0 1 1 0 1 0 0 1 0 0 0 0 0 1 0 0 0 1 0 1 0 0]"
13,0.7105490227316914,"[1 1 1 1 0 1 1 1 0 1 1 0 0 1 1 0 0 1 0 1 1 0 1 0 0 1 0 0 0 0 0 1 0 0 0 1 0 1 0 0]"
13,0.7105490227316914,"[1 1 1 1 0 1 1 1 0 1 1 0 0 1 1 0 0 1 0 1 1 0 1 0 0 1 0 0 0 0 0 1 0 0 0 1 0 1 0 0]"
13,0.7105490227316914,"[1 1 1 1 0 1 1 1 0 1 1 0 0 1 1 0 0 1 0 1 1 0 1 0 0 1 0 0 0 0 0 1 0 0 0 1 0 1 0 0]"
13,0.7105490227316914,"[1 1 1 1 0 1 1 1 0 1 1 0 0 1 1 0 0 1 0 1 1 0 1 0 0 1 0 0 0 0 0 1 0 0 0 1 0 1 0 0]"
14,0.7105490227316914,"[1 1 1 1 0 1 1 1 0 1 1 0 0 1 1 0 0 1 0 1 1 0 1 0 0 1 0 0 0 0 0 1 0 0 0 1 0 1 0 0]"
14,0.7105490227316914,"[1 1 1 1 0 1 1 1 0 1 1 0 0 1 1 0 0 1 0 1 1 0 1 0 0 1 0 0 0 0 0 1 0 0 0 1 0 1 0 0]"
14,0.7105490227316914,"[1 1 1 1 0 1 1 1 0 1 1 0 0 1 1 0 0 1 0 1 1 0 1 0 0 1 0 0 0 0 0 1 0 0 0 1 0 1 0 0]"
14,0.7105490227316914,"[1 1 1 1 0 1 1 1 0 1 1 0 0 1 1 0 0 1 0 1 1 0 1 0 0 1 0 0 0 0 0 1 0 0 0 1 0 1 0 0]"
14,0.7105490227316914,"[1 1 1 1 0 1 1 1 0 1 1 0 0 1 1 0 0 1 0 1 1 0 1 0 0 1 0 0 0 0 0 1 0 0 0 1 0 1 0 0]"
14,0.7105490227316914,"[1 1 1 1 0 1 1 1 0 1 1 0 0 1 1 0 0 1 0 1 1 0 1 0 0 1 0 0 0 0 0 1 0 0 0 1 0 1 0 0]"
14,0.7105490227316914,"[1 1 1 1 0 1 1 1 0 1 1 0 0 1 1 0 0 1 0 1 1 0 1 0 0 1 0 0 0 0 0 1 0 0 0 1 0 1 0 0]"
14,0.7105490227316914,"[1 1 1 1 0 1 1 1 0 1 1 0 0 1 1 0 0 1 0 1 1 0 1 0 0 1 0 0 0 0 0 1 0 0 0 1 0 1 0 0]"
14,0.7105490227316914,"[1 1 1 1 0 1 1 1 0 1 1 0 0 1 1 0 0 1 0 1 1 0 1 0 0 1 0 0 0 0 0 1 0 0 0 1 0 1 0 0]"
14,0.7105490227316914,"[1 1 1 1 0 1 1 1 0 1 1 0 0 1 1 0 0 1 0 1 1 0 1 0 0 1 0 0 0 0 0 1 0 0 0 1 0 1 0 0]"
14,0.7105490227316914,"[1 1 1 1 0 1 1 1 0 1 1 0 0 1 1 0 0 1 0 1 1 0 1 0 0 1 0 0 0 0 0 1 0 0 0 1 0 1 0 0]"
14,0.7105490227316914,"[1 1 1 1 0 1 1 1 0 1 1 0 0 1 1 0 0 1 0 1 1 0 1 0 0 1 0 0 0 0 0 1 0 0 0 1 0 1 0 0]"
14,0.7105490227316914,"[1 1 1 1 0 1 1 1 0 1 1 0 0 1 1 0 0 1 0 1 1 0 1 0 0 1 0 0 0 0 0 1 0 0 0 1 0 1 0 0]"
14,0.7105490227316914,"[1 1 1 1 0 1 1 1 0 1 1 0 0 1 1 0 0 1 0 1 1 0 1 0 0 1 0 0 0 0 0 1 0 0 0 1 0 1 0 0]"
14,0.7105490227316914,"[1 1 1 1 0 1 1 1 0 1 1 0 0 1 1 0 0 1 0 1 1 0 1 0 0 1 0 0 0 0 0 1 0 0 0 1 0 1 0 0]"
14,0.7105490227316914,"[1 1 1 1 0 1 1 1 0 1 1 0 0 1 1 0 0 1 0 1 1 0 1 0 0 1 0 0 0 0 0 1 0 0 0 1 0 1 0 0]"
14,0.7105490227316914,"[1 1 1 1 0 1 1 1 0 1 1 0 0 1 1 0 0 1 0 1 1 0 1 0 0 1 0 0 0 0 0 1 0 0 0 1 0 1 0 0]"
14,0.7105490227316914,"[1 1 1 1 0 1 1 1 0 1 1 0 0 1 1 0 0 1 0 1 1 0 1 0 0 1 0 0 0 0 0 1 0 0 0 1 0 1 0 0]"
14,0.7105490227316914,"[1 1 1 1 0 1 1 1 0 1 1 0 0 1 1 0 0 1 0 1 1 0 1 0 0 1 0 0 0 0 0 1 0 0 0 1 0 1 0 0]"
14,0.7105490227316914,"[1 1 1 1 0 1 1 1 0 1 1 0 0 1 1 0 0 1 0 1 1 0 1 0 0 1 0 0 0 0 0 1 0 0 0 1 0 1 0 0]"
14,0.7105490227316914,"[1 1 1 1 0 1 1 1 0 1 1 0 0 1 1 0 0 1 0 1 1 0 1 0 0 1 0 0 0 0 0 1 0 0 0 1 0 1 0 0]"
14,0.7105490227316914,"[1 1 1 1 0 1 1 1 0 1 1 0 0 1 1 0 0 1 0 1 1 0 1 0 0 1 0 0 0 0 0 1 0 0 0 1 0 1 0 0]"
14,0.7105490227316914,"[1 1 1 1 0 1 1 1 0 1 1 0 0 1 1 0 0 1 0 1 1 0 1 0 0 1 0 0 0 0 0 1 0 0 0 1 0 1 0 0]"
14,0.7105490227316914,"[1 1 1 1 0 1 1 1 0 1 1 0 0 1 1 0 0 1 0 1 1 0 1 0 0 1 0 0 0 0 0 1 0 0 0 1 0 1 0 0]"
14,0.7105490227316914,"[1 1 1 1 0 1 1 1 0 1 1 0 0 1 1 0 0 1 0 1 1 0 1 0 0 1 0 0 0 0 0 1 0 0 0 1 0 1 0 0]"
14,0.7105490227316914,"[1 1 1 1 0 1 1 1 0 1 1 0 0 1 1 0 0 1 0 1 1 0 1 0 0 1 0 0 0 0 0 1 0 0 0 1 0 1 0 0]"
14,0.7105490227316914,"[1 1 1 1 0 1 1 1 0 1 1 0 0 1 1 0 0 1 0 1 1 0 1 0 0 1 0 0 0 0 0 1 0 0 0 1 0 1 0 0]"
14,0.7105490227316914,"[1 1 1 1 0 1 1 1 0 1 1 0 0 1 1 0 0 1 0 1 1 0 1 0 0 1 0 0 0 0 0 1 0 0 0 1 0 1 0 0]"
14,0.7105490227316914,"[1 1 1 1 0 1 1 1 0 1 1 0 0 1 1 0 0 1 0 1 1 0 1 0 0 1 0 0 0 0 0 1 0 0 0 1 0 1 0 0]"
14,0.7105490227316914,"[1 1 1 1 0 1 1 1 0 1 1 0 0 1 1 0 0 1 0 1 1 0 1 0 0 1 0 0 0 0 0 1 0 0 0 1 0 1 0 0]"
14,0.7105490227316914,"[1 1 1 1 0 1 1 1 0 1 1 0 0 1 1 0 0 1 0 1 1 0 1 0 0 1 0 0 0 0 0 1 0 0 0 1 0 1 0 0]"
14,0.7105490227316914,"[1 1 1 1 0 1 1 1 0 1 1 0 0 1 1 0 0 1 0 1 1 0 1 0 0 1 0 0 0 0 0 1 0 0 0 1 0 1 0 0]"
14,0.7105490227316914,"[1 1 1 1 0 1 1 1 0 1 1 0 0 1 1 0 0 1 0 1 1 0 1 0 0 1 0 0 0 0 0 1 0 0 0 1 0 1 0 0]"
14,0.7105490227316914,"[1 1 1 1 0 1 1 1 0 1 1 0 0 1 1 0 0 1 0 1 1 0 1 0 0 1 0 0 0 0 0 1 0 0 0 1 0 1 0 0]"
14,0.7105490227316914,"[1 1 1 1 0 1 1 1 0 1 1 0 0 1 1 0 0 1 0 1 1 0 1 0 0 1 0 0 0 0 0 1 0 0 0 1 0 1 0 0]"
14,0.7105490227316914,"[1 1 1 1 0 1 1 1 0 1 1 0 0 1 1 0 0 1 0 1 1 0 1 0 0 1 0 0 0 0 0 1 0 0 0 1 0 1 0 0]"
14,0.7105490227316914,"[1 1 1 1 0 1 1 1 0 1 1 0 0 1 1 0 0 1 0 1 1 0 1 0 0 1 0 0 0 0 0 1 0 0 0 1 0 1 0 0]"
14,0.7105490227316914,"[1 1 1 1 0 1 1 1 0 1 1 0 0 1 1 0 0 1 0 1 1 0 1 0 0 1 0 0 0 0 0 1 0 0 0 1 0 1 0 0]"
14,0.7105490227316914,"[1 1 1 1 0 1 1 1 0 1 1 0 0 1 1 0 0 1 0 1 1 0 1 0 0 1 0 0 0 0 0 1 0 0 0 1 0 1 0 0]"
14,0.7105490227316914,"[1 1 1 1 0 1 1 1 0 1 1 0 0 1 1 0 0 1 0 1 1 0 1 0 0 1 0 0 0 0 0 1 0 0 0 1 0 1 0 0]"
14,0.7105490227316914,"[1 1 1 1 0 1 1 1 0 1 1 0 0 1 1 0 0 1 0 1 1 0 1 0 0 1 0 0 0 0 0 1 0 0 0 1 0 1 0 0]"
14,0.7105490227316914,"[1 1 1 1 0 1 1 1 0 1 1 0 0 1 1 0 0 1 0 1 1 0 1 0 0 1 0 0 0 0 0 1 0 0 0 1 0 1 0 0]"
14,0.7105490227316914,"[1 1 1 1 0 1 1 1 0 1 1 0 0 1 1 0 0 1 0 1 1 0 1 0 0 1 0 0 0 0 0 1 0 0 0 1 0 1 0 0]"
14,0.7105490227316914,"[1 1 1 1 0 1 1 1 0 1 1 0 0 1 1 0 0 1 0 1 1 0 1 0 0 1 0 0 0 0 0 1 0 0 0 1 0 1 0 0]"
14,0.7105490227316914,"[1 1 1 1 0 1 1 1 0 1 1 0 0 1 1 0 0 1 0 1 1 0 1 0 0 1 0 0 0 0 0 1 0 0 0 1 0 1 0 0]"
14,0.7105490227316914,"[1 1 1 1 0 1 1 1 0 1 1 0 0 1 1 0 0 1 0 1 1 0 1 0 0 1 0 0 0 0 0 1 0 0 0 1 0 1 0 0]"
14,0.7105490227316914,"[1 1 1 1 0 1 1 1 0 1 1 0 0 1 1 0 0 1 0 1 1 0 1 0 0 1 0 0 0 0 0 1 0 0 0 1 0 1 0 0]"
14,0.7105490227316914,"[1 1 1 1 0 1 1 1 0 1 1 0 0 1 1 0 0 1 0 1 1 0 1 0 0 1 0 0 0 0 0 1 0 0 0 1 0 1 0 0]"
14,0.7105490227316914,"[1 1 1 1 0 1 1 1 0 1 1 0 0 1 1 0 0 1 0 1 1 0 1 0 0 1 0 0 0 0 0 1 0 0 0 1 0 1 0 0]"
14,0.7105490227316914,"[1 1 1 1 0 1 1 1 0 1 1 0 0 1 1 0 0 1 0 1 1 0 1 0 0 1 0 0 0 0 0 1 0 0 0 1 0 1 0 0]"
14,0.7105490227316914,"[1 1 1 1 0 1 1 1 0 1 1 0 0 1 1 0 0 1 0 1 1 0 1 0 0 1 0 0 0 0 0 1 0 0 0 1 0 1 0 0]"
14,0.7105490227316914,"[1 1 1 1 0 1 1 1 0 1 1 0 0 1 1 0 0 1 0 1 1 0 1 0 0 1 0 0 0 0 0 1 0 0 0 1 0 1 0 0]"
14,0.7105490227316914,"[1 1 1 1 0 1 1 1 0 1 1 0 0 1 1 0 0 1 0 1 1 0 1 0 0 1 0 0 0 0 0 1 0 0 0 1 0 1 0 0]"
14,0.7105490227316914,"[1 1 1 1 0 1 1 1 0 1 1 0 0 1 1 0 0 1 0 1 1 0 1 0 0 1 0 0 0 0 0 1 0 0 0 1 0 1 0 0]"
14,0.7105490227316914,"[1 1 1 1 0 1 1 1 0 1 1 0 0 1 1 0 0 1 0 1 1 0 1 0 0 1 0 0 0 0 0 1 0 0 0 1 0 1 0 0]"
14,0.7105490227316914,"[1 1 1 1 0 1 1 1 0 1 1 0 0 1 1 0 0 1 0 1 1 0 1 0 0 1 0 0 0 0 0 1 0 0 0 1 0 1 0 0]"
14,0.7105490227316914,"[1 1 1 1 0 1 1 1 0 1 1 0 0 1 1 0 0 1 0 1 1 0 1 0 0 1 0 0 0 0 0 1 0 0 0 1 0 1 0 0]"
14,0.7105490227316914,"[1 1 1 1 0 1 1 1 0 1 1 0 0 1 1 0 0 1 0 1 1 0 1 0 0 1 0 0 0 0 0 1 0 0 0 1 0 1 0 0]"
14,0.7105490227316914,"[1 1 1 1 0 1 1 1 0 1 1 0 0 1 1 0 0 1 0 1 1 0 1 0 0 1 0 0 0 0 0 1 0 0 0 1 0 1 0 0]"
14,0.7105490227316914,"[1 1 1 1 0 1 1 1 0 1 1 0 0 1 1 0 0 1 0 1 1 0 1 0 0 1 0 0 0 0 0 1 0 0 0 1 0 1 0 0]"
14,0.7105490227316914,"[1 1 1 1 0 1 1 1 0 1 1 0 0 1 1 0 0 1 0 1 1 0 1 0 0 1 0 0 0 0 0 1 0 0 0 1 0 1 0 0]"
14,0.7105490227316914,"[1 1 1 1 0 1 1 1 0 1 1 0 0 1 1 0 0 1 0 1 1 0 1 0 0 1 0 0 0 0 0 1 0 0 0 1 0 1 0 0]"
14,0.7105490227316914,"[1 1 1 1 0 1 1 1 0 1 1 0 0 1 1 0 0 1 0 1 1 0 1 0 0 1 0 0 0 0 0 1 0 0 0 1 0 1 0 0]"
14,0.7105490227316914,"[1 1 1 1 0 1 1 1 0 1 1 0 0 1 1 0 0 1 0 1 1 0 1 0 0 1 0 0 0 0 0 1 0 0 0 1 0 1 0 0]"
14,0.7105490227316914,"[1 1 1 1 0 1 1 1 0 1 1 0 0 1 1 0 0 1 0 1 1 0 1 0 0 1 0 0 0 0 0 1 0 0 0 1 0 1 0 0]"
14,0.7105490227316914,"[1 1 1 1 0 1 1 1 0 1 1 0 0 1 1 0 0 1 0 1 1 0 1 0 0 1 0 0 0 0 0 1 0 0 0 1 0 1 0 0]"
14,0.7105490227316914,"[1 1 1 1 0 1 1 1 0 1 1 0 0 1 1 0 0 1 0 1 1 0 1 0 0 1 0 0 0 0 0 1 0 0 0 1 0 1 0 0]"
14,0.7105490227316914,"[1 1 1 1 0 1 1 1 0 1 1 0 0 1 1 0 0 1 0 1 1 0 1 0 0 1 0 0 0 0 0 1 0 0 0 1 0 1 0 0]"
14,0.7105490227316914,"[1 1 1 1 0 1 1 1 0 1 1 0 0 1 1 0 0 1 0 1 1 0 1 0 0 1 0 0 0 0 0 1 0 0 0 1 0 1 0 0]"
14,0.7105490227316914,"[1 1 1 1 0 1 1 1 0 1 1 0 0 1 1 0 0 1 0 1 1 0 1 0 0 1 0 0 0 0 0 1 0 0 0 1 0 1 0 0]"
14,0.7105490227316914,"[1 1 1 1 0 1 1 1 0 1 1 0 0 1 1 0 0 1 0 1 1 0 1 0 0 1 0 0 0 0 0 1 0 0 0 1 0 1 0 0]"
14,0.7105490227316914,"[1 1 1 1 0 1 1 1 0 1 1 0 0 1 1 0 0 1 0 1 1 0 1 0 0 1 0 0 0 0 0 1 0 0 0 1 0 1 0 0]"
14,0.7105490227316914,"[1 1 1 1 0 1 1 1 0 1 1 0 0 1 1 0 0 1 0 1 1 0 1 0 0 1 0 0 0 0 0 1 0 0 0 1 0 1 0 0]"
14,0.7105490227316914,"[1 1 1 1 0 1 1 1 0 1 1 0 0 1 1 0 0 1 0 1 1 0 1 0 0 1 0 0 0 0 0 1 0 0 0 1 0 1 0 0]"
14,0.7105490227316914,"[1 1 1 1 0 1 1 1 0 1 1 0 0 1 1 0 0 1 0 1 1 0 1 0 0 1 0 0 0 0 0 1 0 0 0 1 0 1 0 0]"
14,0.7105490227316914,"[1 1 1 1 0 1 1 1 0 1 1 0 0 1 1 0 0 1 0 1 1 0 1 0 0 1 0 0 0 0 0 1 0 0 0 1 0 1 0 0]"
14,0.7105490227316914,"[1 1 1 1 0 1 1 1 0 1 1 0 0 1 1 0 0 1 0 1 1 0 1 0 0 1 0 0 0 0 0 1 0 0 0 1 0 1 0 0]"
14,0.7105490227316914,"[1 1 1 1 0 1 1 1 0 1 1 0 0 1 1 0 0 1 0 1 1 0 1 0 0 1 0 0 0 0 0 1 0 0 0 1 0 1 0 0]"
14,0.7105490227316914,"[1 1 1 1 0 1 1 1 0 1 1 0 0 1 1 0 0 1 0 1 1 0 1 0 0 1 0 0 0 0 0 1 0 0 0 1 0 1 0 0]"
14,0.7105490227316914,"[1 1 1 1 0 1 1 1 0 1 1 0 0 1 1 0 0 1 0 1 1 0 1 0 0 1 0 0 0 0 0 1 0 0 0 1 0 1 0 0]"
14,0.7105490227316914,"[1 1 1 1 0 1 1 1 0 1 1 0 0 1 1 0 0 1 0 1 1 0 1 0 0 1 0 0 0 0 0 1 0 0 0 1 0 1 0 0]"
14,0.7105490227316914,"[1 1 1 1 0 1 1 1 0 1 1 0 0 1 1 0 0 1 0 1 1 0 1 0 0 1 0 0 0 0 0 1 0 0 0 1 0 1 0 0]"
14,0.7105490227316914,"[1 1 1 1 0 1 1 1 0 1 1 0 0 1 1 0 0 1 0 1 1 0 1 0 0 1 0 0 0 0 0 1 0 0 0 1 0 1 0 0]"
14,0.7105490227316914,"[1 1 1 1 0 1 1 1 0 1 1 0 0 1 1 0 0 1 0 1 1 0 1 0 0 1 0 0 0 0 0 1 0 0 0 1 0 1 0 0]"
14,0.7105490227316914,"[1 1 1 1 0 1 1 1 0 1 1 0 0 1 1 0 0 1 0 1 1 0 1 0 0 1 0 0 0 0 0 1 0 0 0 1 0 1 0 0]"
14,0.7105490227316914,"[1 1 1 1 0 1 1 1 0 1 1 0 0 1 1 0 0 1 0 1 1 0 1 0 0 1 0 0 0 0 0 1 0 0 0 1 0 1 0 0]"
14,0.7105490227316914,"[1 1 1 1 0 1 1 1 0 1 1 0 0 1 1 0 0 1 0 1 1 0 1 0 0 1 0 0 0 0 0 1 0 0 0 1 0 1 0 0]"
14,0.7105490227316914,"[1 1 1 1 0 1 1 1 0 1 1 0 0 1 1 0 0 1 0 1 1 0 1 0 0 1 0 0 0 0 0 1 0 0 0 1 0 1 0 0]"
14,0.7105490227316914,"[1 1 1 1 0 1 1 1 0 1 1 0 0 1 1 0 0 1 0 1 1 0 1 0 0 1 0 0 0 0 0 1 0 0 0 1 0 1 0 0]"
14,0.7105490227316914,"[1 1 1 1 0 1 1 1 0 1 1 0 0 1 1 0 0 1 0 1 1 0 1 0 0 1 0 0 0 0 0 1 0 0 0 1 0 1 0 0]"
14,0.7105490227316914,"[1 1 1 1 0 1 1 1 0 1 1 0 0 1 1 0 0 1 0 1 1 0 1 0 0 1 0 0 0 0 0 1 0 0 0 1 0 1 0 0]"
14,0.7105490227316914,"[1 1 1 1 0 1 1 1 0 1 1 0 0 1 1 0 0 1 0 1 1 0 1 0 0 1 0 0 0 0 0 1 0 0 0 1 0 1 0 0]"
14,0.7105490227316914,"[1 1 1 1 0 1 1 1 0 1 1 0 0 1 1 0 0 1 0 1 1 0 1 0 0 1 0 0 0 0 0 1 0 0 0 1 0 1 0 0]"
14,0.7105490227316914,"[1 1 1 1 0 1 1 1 0 1 1 0 0 1 1 0 0 1 0 1 1 0 1 0 0 1 0 0 0 0 0 1 0 0 0 1 0 1 0 0]"
14,0.7105490227316914,"[1 1 1 1 0 1 1 1 0 1 1 0 0 1 1 0 0 1 0 1 1 0 1 0 0 1 0 0 0 0 0 1 0 0 0 1 0 1 0 0]"
14,0.7105490227316914,"[1 1 1 1 0 1 1 1 0 1 1 0 0 1 1 0 0 1 0 1 1 0 1 0 0 1 0 0 0 0 0 1 0 0 0 1 0 1 0 0]"
14,0.7105490227316914,"[1 1 1 1 0 1 1 1 0 1 1 0 0 1 1 0 0 1 0 1 1 0 1 0 0 1 0 0 0 0 0 1 0 0 0 1 0 1 0 0]"
14,0.7105490227316914,"[1 1 1 1 0 1 1 1 0 1 1 0 0 1 1 0 0 1 0 1 1 0 1 0 0 1 0 0 0 0 0 1 0 0 0 1 0 1 0 0]"
14,0.7105490227316914,"[1 1 1 1 0 1 1 1 0 1 1 0 0 1 1 0 0 1 0 1 1 0 1 0 0 1 0 0 0 0 0 1 0 0 0 1 0 1 0 0]"
14,0.7105490227316914,"[1 1 1 1 0 1 1 1 0 1 1 0 0 1 1 0 0 1 0 1 1 0 1 0 0 1 0 0 0 0 0 1 0 0 0 1 0 1 0 0]"
15,0.7105490227316914,"[1 1 1 1 0 1 1 1 0 1 1 0 0 1 1 0 0 1 0 1 1 0 1 0 0 1 0 0 0 0 0 1 0 0 0 1 0 1 0 0]"
15,0.7105490227316914,"[1 1 1 1 0 1 1 1 0 1 1 0 0 1 1 0 0 1 0 1 1 0 1 0 0 1 0 0 0 0 0 1 0 0 0 1 0 1 0 0]"
15,0.7105490227316914,"[1 1 1 1 0 1 1 1 0 1 1 0 0 1 1 0 0 1 0 1 1 0 1 0 0 1 0 0 0 0 0 1 0 0 0 1 0 1 0 0]"
15,0.7105490227316914,"[1 1 1 1 0 1 1 1 0 1 1 0 0 1 1 0 0 1 0 1 1 0 1 0 0 1 0 0 0 0 0 1 0 0 0 1 0 1 0 0]"
15,0.7105490227316914,"[1 1 1 1 0 1 1 1 0 1 1 0 0 1 1 0 0 1 0 1 1 0 1 0 0 1 0 0 0 0 0 1 0 0 0 1 0 1 0 0]"
15,0.7105490227316914,"[1 1 1 1 0 1 1 1 0 1 1 0 0 1 1 0 0 1 0 1 1 0 1 0 0 1 0 0 0 0 0 1 0 0 0 1 0 1 0 0]"
15,0.7105490227316914,"[1 1 1 1 0 1 1 1 0 1 1 0 0 1 1 0 0 1 0 1 1 0 1 0 0 1 0 0 0 0 0 1 0 0 0 1 0 1 0 0]"
15,0.7105490227316914,"[1 1 1 1 0 1 1 1 0 1 1 0 0 1 1 0 0 1 0 1 1 0 1 0 0 1 0 0 0 0 0 1 0 0 0 1 0 1 0 0]"
15,0.7105490227316914,"[1 1 1 1 0 1 1 1 0 1 1 0 0 1 1 0 0 1 0 1 1 0 1 0 0 1 0 0 0 0 0 1 0 0 0 1 0 1 0 0]"
15,0.7105490227316914,"[1 1 1 1 0 1 1 1 0 1 1 0 0 1 1 0 0 1 0 1 1 0 1 0 0 1 0 0 0 0 0 1 0 0 0 1 0 1 0 0]"
15,0.7105490227316914,"[1 1 1 1 0 1 1 1 0 1 1 0 0 1 1 0 0 1 0 1 1 0 1 0 0 1 0 0 0 0 0 1 0 0 0 1 0 1 0 0]"
15,0.7105490227316914,"[1 1 1 1 0 1 1 1 0 1 1 0 0 1 1 0 0 1 0 1 1 0 1 0 0 1 0 0 0 0 0 1 0 0 0 1 0 1 0 0]"
15,0.7105490227316914,"[1 1 1 1 0 1 1 1 0 1 1 0 0 1 1 0 0 1 0 1 1 0 1 0 0 1 0 0 0 0 0 1 0 0 0 1 0 1 0 0]"
15,0.7105490227316914,"[1 1 1 1 0 1 1 1 0 1 1 0 0 1 1 0 0 1 0 1 1 0 1 0 0 1 0 0 0 0 0 1 0 0 0 1 0 1 0 0]"
15,0.7105490227316914,"[1 1 1 1 0 1 1 1 0 1 1 0 0 1 1 0 0 1 0 1 1 0 1 0 0 1 0 0 0 0 0 1 0 0 0 1 0 1 0 0]"
15,0.7105490227316914,"[1 1 1 1 0 1 1 1 0 1 1 0 0 1 1 0 0 1 0 1 1 0 1 0 0 1 0 0 0 0 0 1 0 0 0 1 0 1 0 0]"
15,0.7105490227316914,"[1 1 1 1 0 1 1 1 0 1 1 0 0 1 1 0 0 1 0 1 1 0 1 0 0 1 0 0 0 0 0 1 0 0 0 1 0 1 0 0]"
15,0.7105490227316914,"[1 1 1 1 0 1 1 1 0 1 1 0 0 1 1 0 0 1 0 1 1 0 1 0 0 1 0 0 0 0 0 1 0 0 0 1 0 1 0 0]"
15,0.7105490227316914,"[1 1 1 1 0 1 1 1 0 1 1 0 0 1 1 0 0 1 0 1 1 0 1 0 0 1 0 0 0 0 0 1 0 0 0 1 0 1 0 0]"
15,0.7105490227316914,"[1 1 1 1 0 1 1 1 0 1 1 0 0 1 1 0 0 1 0 1 1 0 1 0 0 1 0 0 0 0 0 1 0 0 0 1 0 1 0 0]"
15,0.7105490227316914,"[1 1 1 1 0 1 1 1 0 1 1 0 0 1 1 0 0 1 0 1 1 0 1 0 0 1 0 0 0 0 0 1 0 0 0 1 0 1 0 0]"
15,0.7105490227316914,"[1 1 1 1 0 1 1 1 0 1 1 0 0 1 1 0 0 1 0 1 1 0 1 0 0 1 0 0 0 0 0 1 0 0 0 1 0 1 0 0]"
15,0.7105490227316914,"[1 1 1 1 0 1 1 1 0 1 1 0 0 1 1 0 0 1 0 1 1 0 1 0 0 1 0 0 0 0 0 1 0 0 0 1 0 1 0 0]"
15,0.7105490227316914,"[1 1 1 1 0 1 1 1 0 1 1 0 0 1 1 0 0 1 0 1 1 0 1 0 0 1 0 0 0 0 0 1 0 0 0 1 0 1 0 0]"
15,0.7105490227316914,"[1 1 1 1 0 1 1 1 0 1 1 0 0 1 1 0 0 1 0 1 1 0 1 0 0 1 0 0 0 0 0 1 0 0 0 1 0 1 0 0]"
15,0.7105490227316914,"[1 1 1 1 0 1 1 1 0 1 1 0 0 1 1 0 0 1 0 1 1 0 1 0 0 1 0 0 0 0 0 1 0 0 0 1 0 1 0 0]"
15,0.7105490227316914,"[1 1 1 1 0 1 1 1 0 1 1 0 0 1 1 0 0 1 0 1 1 0 1 0 0 1 0 0 0 0 0 1 0 0 0 1 0 1 0 0]"
15,0.7105490227316914,"[1 1 1 1 0 1 1 1 0 1 1 0 0 1 1 0 0 1 0 1 1 0 1 0 0 1 0 0 0 0 0 1 0 0 0 1 0 1 0 0]"
15,0.7105490227316914,"[1 1 1 1 0 1 1 1 0 1 1 0 0 1 1 0 0 1 0 1 1 0 1 0 0 1 0 0 0 0 0 1 0 0 0 1 0 1 0 0]"
15,0.7105490227316914,"[1 1 1 1 0 1 1 1 0 1 1 0 0 1 1 0 0 1 0 1 1 0 1 0 0 1 0 0 0 0 0 1 0 0 0 1 0 1 0 0]"
15,0.7105490227316914,"[1 1 1 1 0 1 1 1 0 1 1 0 0 1 1 0 0 1 0 1 1 0 1 0 0 1 0 0 0 0 0 1 0 0 0 1 0 1 0 0]"
15,0.7105490227316914,"[1 1 1 1 0 1 1 1 0 1 1 0 0 1 1 0 0 1 0 1 1 0 1 0 0 1 0 0 0 0 0 1 0 0 0 1 0 1 0 0]"
15,0.7105490227316914,"[1 1 1 1 0 1 1 1 0 1 1 0 0 1 1 0 0 1 0 1 1 0 1 0 0 1 0 0 0 0 0 1 0 0 0 1 0 1 0 0]"
15,0.7105490227316914,"[1 1 1 1 0 1 1 1 0 1 1 0 0 1 1 0 0 1 0 1 1 0 1 0 0 1 0 0 0 0 0 1 0 0 0 1 0 1 0 0]"
15,0.7105490227316914,"[1 1 1 1 0 1 1 1 0 1 1 0 0 1 1 0 0 1 0 1 1 0 1 0 0 1 0 0 0 0 0 1 0 0 0 1 0 1 0 0]"
15,0.7105490227316914,"[1 1 1 1 0 1 1 1 0 1 1 0 0 1 1 0 0 1 0 1 1 0 1 0 0 1 0 0 0 0 0 1 0 0 0 1 0 1 0 0]"
15,0.7105490227316914,"[1 1 1 1 0 1 1 1 0 1 1 0 0 1 1 0 0 1 0 1 1 0 1 0 0 1 0 0 0 0 0 1 0 0 0 1 0 1 0 0]"
15,0.7105490227316914,"[1 1 1 1 0 1 1 1 0 1 1 0 0 1 1 0 0 1 0 1 1 0 1 0 0 1 0 0 0 0 0 1 0 0 0 1 0 1 0 0]"
15,0.7105490227316914,"[1 1 1 1 0 1 1 1 0 1 1 0 0 1 1 0 0 1 0 1 1 0 1 0 0 1 0 0 0 0 0 1 0 0 0 1 0 1 0 0]"
15,0.7105490227316914,"[1 1 1 1 0 1 1 1 0 1 1 0 0 1 1 0 0 1 0 1 1 0 1 0 0 1 0 0 0 0 0 1 0 0 0 1 0 1 0 0]"
15,0.7105490227316914,"[1 1 1 1 0 1 1 1 0 1 1 0 0 1 1 0 0 1 0 1 1 0 1 0 0 1 0 0 0 0 0 1 0 0 0 1 0 1 0 0]"
15,0.7105490227316914,"[1 1 1 1 0 1 1 1 0 1 1 0 0 1 1 0 0 1 0 1 1 0 1 0 0 1 0 0 0 0 0 1 0 0 0 1 0 1 0 0]"
15,0.7105490227316914,"[1 1 1 1 0 1 1 1 0 1 1 0 0 1 1 0 0 1 0 1 1 0 1 0 0 1 0 0 0 0 0 1 0 0 0 1 0 1 0 0]"
15,0.7105490227316914,"[1 1 1 1 0 1 1 1 0 1 1 0 0 1 1 0 0 1 0 1 1 0 1 0 0 1 0 0 0 0 0 1 0 0 0 1 0 1 0 0]"
15,0.7105490227316914,"[1 1 1 1 0 1 1 1 0 1 1 0 0 1 1 0 0 1 0 1 1 0 1 0 0 1 0 0 0 0 0 1 0 0 0 1 0 1 0 0]"
15,0.7105490227316914,"[1 1 1 1 0 1 1 1 0 1 1 0 0 1 1 0 0 1 0 1 1 0 1 0 0 1 0 0 0 0 0 1 0 0 0 1 0 1 0 0]"
15,0.7105490227316914,"[1 1 1 1 0 1 1 1 0 1 1 0 0 1 1 0 0 1 0 1 1 0 1 0 0 1 0 0 0 0 0 1 0 0 0 1 0 1 0 0]"
15,0.7105490227316914,"[1 1 1 1 0 1 1 1 0 1 1 0 0 1 1 0 0 1 0 1 1 0 1 0 0 1 0 0 0 0 0 1 0 0 0 1 0 1 0 0]"
15,0.7105490227316914,"[1 1 1 1 0 1 1 1 0 1 1 0 0 1 1 0 0 1 0 1 1 0 1 0 0 1 0 0 0 0 0 1 0 0 0 1 0 1 0 0]"
15,0.7105490227316914,"[1 1 1 1 0 1 1 1 0 1 1 0 0 1 1 0 0 1 0 1 1 0 1 0 0 1 0 0 0 0 0 1 0 0 0 1 0 1 0 0]"
15,0.7105490227316914,"[1 1 1 1 0 1 1 1 0 1 1 0 0 1 1 0 0 1 0 1 1 0 1 0 0 1 0 0 0 0 0 1 0 0 0 1 0 1 0 0]"
15,0.7105490227316914,"[1 1 1 1 0 1 1 1 0 1 1 0 0 1 1 0 0 1 0 1 1 0 1 0 0 1 0 0 0 0 0 1 0 0 0 1 0 1 0 0]"
15,0.7105490227316914,"[1 1 1 1 0 1 1 1 0 1 1 0 0 1 1 0 0 1 0 1 1 0 1 0 0 1 0 0 0 0 0 1 0 0 0 1 0 1 0 0]"
15,0.7105490227316914,"[1 1 1 1 0 1 1 1 0 1 1 0 0 1 1 0 0 1 0 1 1 0 1 0 0 1 0 0 0 0 0 1 0 0 0 1 0 1 0 0]"
15,0.7105490227316914,"[1 1 1 1 0 1 1 1 0 1 1 0 0 1 1 0 0 1 0 1 1 0 1 0 0 1 0 0 0 0 0 1 0 0 0 1 0 1 0 0]"
15,0.7105490227316914,"[1 1 1 1 0 1 1 1 0 1 1 0 0 1 1 0 0 1 0 1 1 0 1 0 0 1 0 0 0 0 0 1 0 0 0 1 0 1 0 0]"
15,0.7105490227316914,"[1 1 1 1 0 1 1 1 0 1 1 0 0 1 1 0 0 1 0 1 1 0 1 0 0 1 0 0 0 0 0 1 0 0 0 1 0 1 0 0]"
15,0.7105490227316914,"[1 1 1 1 0 1 1 1 0 1 1 0 0 1 1 0 0 1 0 1 1 0 1 0 0 1 0 0 0 0 0 1 0 0 0 1 0 1 0 0]"
15,0.7105490227316914,"[1 1 1 1 0 1 1 1 0 1 1 0 0 1 1 0 0 1 0 1 1 0 1 0 0 1 0 0 0 0 0 1 0 0 0 1 0 1 0 0]"
15,0.7105490227316914,"[1 1 1 1 0 1 1 1 0 1 1 0 0 1 1 0 0 1 0 1 1 0 1 0 0 1 0 0 0 0 0 1 0 0 0 1 0 1 0 0]"
15,0.7105490227316914,"[1 1 1 1 0 1 1 1 0 1 1 0 0 1 1 0 0 1 0 1 1 0 1 0 0 1 0 0 0 0 0 1 0 0 0 1 0 1 0 0]"
15,0.7105490227316914,"[1 1 1 1 0 1 1 1 0 1 1 0 0 1 1 0 0 1 0 1 1 0 1 0 0 1 0 0 0 0 0 1 0 0 0 1 0 1 0 0]"
15,0.7105490227316914,"[1 1 1 1 0 1 1 1 0 1 1 0 0 1 1 0 0 1 0 1 1 0 1 0 0 1 0 0 0 0 0 1 0 0 0 1 0 1 0 0]"
15,0.7105490227316914,"[1 1 1 1 0 1 1 1 0 1 1 0 0 1 1 0 0 1 0 1 1 0 1 0 0 1 0 0 0 0 0 1 0 0 0 1 0 1 0 0]"
15,0.7105490227316914,"[1 1 1 1 0 1 1 1 0 1 1 0 0 1 1 0 0 1 0 1 1 0 1 0 0 1 0 0 0 0 0 1 0 0 0 1 0 1 0 0]"
15,0.7105490227316914,"[1 1 1 1 0 1 1 1 0 1 1 0 0 1 1 0 0 1 0 1 1 0 1 0 0 1 0 0 0 0 0 1 0 0 0 1 0 1 0 0]"
15,0.7105490227316914,"[1 1 1 1 0 1 1 1 0 1 1 0 0 1 1 0 0 1 0 1 1 0 1 0 0 1 0 0 0 0 0 1 0 0 0 1 0 1 0 0]"
15,0.7105490227316914,"[1 1 1 1 0 1 1 1 0 1 1 0 0 1 1 0 0 1 0 1 1 0 1 0 0 1 0 0 0 0 0 1 0 0 0 1 0 1 0 0]"
15,0.7105490227316914,"[1 1 1 1 0 1 1 1 0 1 1 0 0 1 1 0 0 1 0 1 1 0 1 0 0 1 0 0 0 0 0 1 0 0 0 1 0 1 0 0]"
15,0.7105490227316914,"[1 1 1 1 0 1 1 1 0 1 1 0 0 1 1 0 0 1 0 1 1 0 1 0 0 1 0 0 0 0 0 1 0 0 0 1 0 1 0 0]"
15,0.7105490227316914,"[1 1 1 1 0 1 1 1 0 1 1 0 0 1 1 0 0 1 0 1 1 0 1 0 0 1 0 0 0 0 0 1 0 0 0 1 0 1 0 0]"
15,0.7105490227316914,"[1 1 1 1 0 1 1 1 0 1 1 0 0 1 1 0 0 1 0 1 1 0 1 0 0 1 0 0 0 0 0 1 0 0 0 1 0 1 0 0]"
15,0.7105490227316914,"[1 1 1 1 0 1 1 1 0 1 1 0 0 1 1 0 0 1 0 1 1 0 1 0 0 1 0 0 0 0 0 1 0 0 0 1 0 1 0 0]"
15,0.7105490227316914,"[1 1 1 1 0 1 1 1 0 1 1 0 0 1 1 0 0 1 0 1 1 0 1 0 0 1 0 0 0 0 0 1 0 0 0 1 0 1 0 0]"
15,0.7105490227316914,"[1 1 1 1 0 1 1 1 0 1 1 0 0 1 1 0 0 1 0 1 1 0 1 0 0 1 0 0 0 0 0 1 0 0 0 1 0 1 0 0]"
15,0.7105490227316914,"[1 1 1 1 0 1 1 1 0 1 1 0 0 1 1 0 0 1 0 1 1 0 1 0 0 1 0 0 0 0 0 1 0 0 0 1 0 1 0 0]"
15,0.7105490227316914,"[1 1 1 1 0 1 1 1 0 1 1 0 0 1 1 0 0 1 0 1 1 0 1 0 0 1 0 0 0 0 0 1 0 0 0 1 0 1 0 0]"
15,0.7105490227316914,"[1 1 1 1 0 1 1 1 0 1 1 0 0 1 1 0 0 1 0 1 1 0 1 0 0 1 0 0 0 0 0 1 0 0 0 1 0 1 0 0]"
15,0.7105490227316914,"[1 1 1 1 0 1 1 1 0 1 1 0 0 1 1 0 0 1 0 1 1 0 1 0 0 1 0 0 0 0 0 1 0 0 0 1 0 1 0 0]"
15,0.7105490227316914,"[1 1 1 1 0 1 1 1 0 1 1 0 0 1 1 0 0 1 0 1 1 0 1 0 0 1 0 0 0 0 0 1 0 0 0 1 0 1 0 0]"
15,0.7105490227316914,"[1 1 1 1 0 1 1 1 0 1 1 0 0 1 1 0 0 1 0 1 1 0 1 0 0 1 0 0 0 0 0 1 0 0 0 1 0 1 0 0]"
15,0.7105490227316914,"[1 1 1 1 0 1 1 1 0 1 1 0 0 1 1 0 0 1 0 1 1 0 1 0 0 1 0 0 0 0 0 1 0 0 0 1 0 1 0 0]"
15,0.7105490227316914,"[1 1 1 1 0 1 1 1 0 1 1 0 0 1 1 0 0 1 0 1 1 0 1 0 0 1 0 0 0 0 0 1 0 0 0 1 0 1 0 0]"
15,0.7105490227316914,"[1 1 1 1 0 1 1 1 0 1 1 0 0 1 1 0 0 1 0 1 1 0 1 0 0 1 0 0 0 0 0 1 0 0 0 1 0 1 0 0]"
15,0.7105490227316914,"[1 1 1 1 0 1 1 1 0 1 1 0 0 1 1 0 0 1 0 1 1 0 1 0 0 1 0 0 0 0 0 1 0 0 0 1 0 1 0 0]"
15,0.7105490227316914,"[1 1 1 1 0 1 1 1 0 1 1 0 0 1 1 0 0 1 0 1 1 0 1 0 0 1 0 0 0 0 0 1 0 0 0 1 0 1 0 0]"
15,0.7105490227316914,"[1 1 1 1 0 1 1 1 0 1 1 0 0 1 1 0 0 1 0 1 1 0 1 0 0 1 0 0 0 0 0 1 0 0 0 1 0 1 0 0]"
15,0.7105490227316914,"[1 1 1 1 0 1 1 1 0 1 1 0 0 1 1 0 0 1 0 1 1 0 1 0 0 1 0 0 0 0 0 1 0 0 0 1 0 1 0 0]"
15,0.7105490227316914,"[1 1 1 1 0 1 1 1 0 1 1 0 0 1 1 0 0 1 0 1 1 0 1 0 0 1 0 0 0 0 0 1 0 0 0 1 0 1 0 0]"
15,0.7105490227316914,"[1 1 1 1 0 1 1 1 0 1 1 0 0 1 1 0 0 1 0 1 1 0 1 0 0 1 0 0 0 0 0 1 0 0 0 1 0 1 0 0]"
15,0.7105490227316914,"[1 1 1 1 0 1 1 1 0 1 1 0 0 1 1 0 0 1 0 1 1 0 1 0 0 1 0 0 0 0 0 1 0 0 0 1 0 1 0 0]"
15,0.7105490227316914,"[1 1 1 1 0 1 1 1 0 1 1 0 0 1 1 0 0 1 0 1 1 0 1 0 0 1 0 0 0 0 0 1 0 0 0 1 0 1 0 0]"
15,0.7105490227316914,"[1 1 1 1 0 1 1 1 0 1 1 0 0 1 1 0 0 1 0 1 1 0 1 0 0 1 0 0 0 0 0 1 0 0 0 1 0 1 0 0]"
15,0.7105490227316914,"[1 1 1 1 0 1 1 1 0 1 1 0 0 1 1 0 0 1 0 1 1 0 1 0 0 1 0 0 0 0 0 1 0 0 0 1 0 1 0 0]"
15,0.7105490227316914,"[1 1 1 1 0 1 1 1 0 1 1 0 0 1 1 0 0 1 0 1 1 0 1 0 0 1 0 0 0 0 0 1 0 0 0 1 0 1 0 0]"
15,0.7105490227316914,"[1 1 1 1 0 1 1 1 0 1 1 0 0 1 1 0 0 1 0 1 1 0 1 0 0 1 0 0 0 0 0 1 0 0 0 1 0 1 0 0]"
15,0.7105490227316914,"[1 1 1 1 0 1 1 1 0 1 1 0 0 1 1 0 0 1 0 1 1 0 1 0 0 1 0 0 0 0 0 1 0 0 0 1 0 1 0 0]"
15,0.7105490227316914,"[1 1 1 1 0 1 1 1 0 1 1 0 0 1 1 0 0 1 0 1 1 0 1 0 0 1 0 0 0 0 0 1 0 0 0 1 0 1 0 0]"
15,0.7105490227316914,"[1 1 1 1 0 1 1 1 0 1 1 0 0 1 1 0 0 1 0 1 1 0 1 0 0 1 0 0 0 0 0 1 0 0 0 1 0 1 0 0]"
15,0.7105490227316914,"[1 1 1 1 0 1 1 1 0 1 1 0 0 1 1 0 0 1 0 1 1 0 1 0 0 1 0 0 0 0 0 1 0 0 0 1 0 1 0 0]"
16,0.7105490227316914,"[1 1 1 1 0 1 1 1 0 1 1 0 0 1 1 0 0 1 0 1 1 0 1 0 0 1 0 0 0 0 0 1 0 0 0 1 0 1 0 0]"
16,0.7105490227316914,"[1 1 1 1 0 1 1 1 0 1 1 0 0 1 1 0 0 1 0 1 1 0 1 0 0 1 0 0 0 0 0 1 0 0 0 1 0 1 0 0]"
16,0.7105490227316914,"[1 1 1 1 0 1 1 1 0 1 1 0 0 1 1 0 0 1 0 1 1 0 1 0 0 1 0 0 0 0 0 1 0 0 0 1 0 1 0 0]"
16,0.7105490227316914,"[1 1 1 1 0 1 1 1 0 1 1 0 0 1 1 0 0 1 0 1 1 0 1 0 0 1 0 0 0 0 0 1 0 0 0 1 0 1 0 0]"
16,0.7105490227316914,"[1 1 1 1 0 1 1 1 0 1 1 0 0 1 1 0 0 1 0 1 1 0 1 0 0 1 0 0 0 0 0 1 0 0 0 1 0 1 0 0]"
16,0.7105490227316914,"[1 1 1 1 0 1 1 1 0 1 1 0 0 1 1 0 0 1 0 1 1 0 1 0 0 1 0 0 0 0 0 1 0 0 0 1 0 1 0 0]"
16,0.7105490227316914,"[1 1 1 1 0 1 1 1 0 1 1 0 0 1 1 0 0 1 0 1 1 0 1 0 0 1 0 0 0 0 0 1 0 0 0 1 0 1 0 0]"
16,0.7105490227316914,"[1 1 1 1 0 1 1 1 0 1 1 0 0 1 1 0 0 1 0 1 1 0 1 0 0 1 0 0 0 0 0 1 0 0 0 1 0 1 0 0]"
16,0.7105490227316914,"[1 1 1 1 0 1 1 1 0 1 1 0 0 1 1 0 0 1 0 1 1 0 1 0 0 1 0 0 0 0 0 1 0 0 0 1 0 1 0 0]"
16,0.7105490227316914,"[1 1 1 1 0 1 1 1 0 1 1 0 0 1 1 0 0 1 0 1 1 0 1 0 0 1 0 0 0 0 0 1 0 0 0 1 0 1 0 0]"
16,0.7105490227316914,"[1 1 1 1 0 1 1 1 0 1 1 0 0 1 1 0 0 1 0 1 1 0 1 0 0 1 0 0 0 0 0 1 0 0 0 1 0 1 0 0]"
16,0.7105490227316914,"[1 1 1 1 0 1 1 1 0 1 1 0 0 1 1 0 0 1 0 1 1 0 1 0 0 1 0 0 0 0 0 1 0 0 0 1 0 1 0 0]"
16,0.7105490227316914,"[1 1 1 1 0 1 1 1 0 1 1 0 0 1 1 0 0 1 0 1 1 0 1 0 0 1 0 0 0 0 0 1 0 0 0 1 0 1 0 0]"
16,0.7105490227316914,"[1 1 1 1 0 1 1 1 0 1 1 0 0 1 1 0 0 1 0 1 1 0 1 0 0 1 0 0 0 0 0 1 0 0 0 1 0 1 0 0]"
16,0.7105490227316914,"[1 1 1 1 0 1 1 1 0 1 1 0 0 1 1 0 0 1 0 1 1 0 1 0 0 1 0 0 0 0 0 1 0 0 0 1 0 1 0 0]"
16,0.7105490227316914,"[1 1 1 1 0 1 1 1 0 1 1 0 0 1 1 0 0 1 0 1 1 0 1 0 0 1 0 0 0 0 0 1 0 0 0 1 0 1 0 0]"
16,0.7105490227316914,"[1 1 1 1 0 1 1 1 0 1 1 0 0 1 1 0 0 1 0 1 1 0 1 0 0 1 0 0 0 0 0 1 0 0 0 1 0 1 0 0]"
16,0.7105490227316914,"[1 1 1 1 0 1 1 1 0 1 1 0 0 1 1 0 0 1 0 1 1 0 1 0 0 1 0 0 0 0 0 1 0 0 0 1 0 1 0 0]"
16,0.7105490227316914,"[1 1 1 1 0 1 1 1 0 1 1 0 0 1 1 0 0 1 0 1 1 0 1 0 0 1 0 0 0 0 0 1 0 0 0 1 0 1 0 0]"
16,0.7105490227316914,"[1 1 1 1 0 1 1 1 0 1 1 0 0 1 1 0 0 1 0 1 1 0 1 0 0 1 0 0 0 0 0 1 0 0 0 1 0 1 0 0]"
16,0.7105490227316914,"[1 1 1 1 0 1 1 1 0 1 1 0 0 1 1 0 0 1 0 1 1 0 1 0 0 1 0 0 0 0 0 1 0 0 0 1 0 1 0 0]"
16,0.7105490227316914,"[1 1 1 1 0 1 1 1 0 1 1 0 0 1 1 0 0 1 0 1 1 0 1 0 0 1 0 0 0 0 0 1 0 0 0 1 0 1 0 0]"
16,0.7105490227316914,"[1 1 1 1 0 1 1 1 0 1 1 0 0 1 1 0 0 1 0 1 1 0 1 0 0 1 0 0 0 0 0 1 0 0 0 1 0 1 0 0]"
16,0.7105490227316914,"[1 1 1 1 0 1 1 1 0 1 1 0 0 1 1 0 0 1 0 1 1 0 1 0 0 1 0 0 0 0 0 1 0 0 0 1 0 1 0 0]"
16,0.7105490227316914,"[1 1 1 1 0 1 1 1 0 1 1 0 0 1 1 0 0 1 0 1 1 0 1 0 0 1 0 0 0 0 0 1 0 0 0 1 0 1 0 0]"
16,0.7105490227316914,"[1 1 1 1 0 1 1 1 0 1 1 0 0 1 1 0 0 1 0 1 1 0 1 0 0 1 0 0 0 0 0 1 0 0 0 1 0 1 0 0]"
16,0.7105490227316914,"[1 1 1 1 0 1 1 1 0 1 1 0 0 1 1 0 0 1 0 1 1 0 1 0 0 1 0 0 0 0 0 1 0 0 0 1 0 1 0 0]"
16,0.7105490227316914,"[1 1 1 1 0 1 1 1 0 1 1 0 0 1 1 0 0 1 0 1 1 0 1 0 0 1 0 0 0 0 0 1 0 0 0 1 0 1 0 0]"
16,0.7105490227316914,"[1 1 1 1 0 1 1 1 0 1 1 0 0 1 1 0 0 1 0 1 1 0 1 0 0 1 0 0 0 0 0 1 0 0 0 1 0 1 0 0]"
16,0.7105490227316914,"[1 1 1 1 0 1 1 1 0 1 1 0 0 1 1 0 0 1 0 1 1 0 1 0 0 1 0 0 0 0 0 1 0 0 0 1 0 1 0 0]"
16,0.7105490227316914,"[1 1 1 1 0 1 1 1 0 1 1 0 0 1 1 0 0 1 0 1 1 0 1 0 0 1 0 0 0 0 0 1 0 0 0 1 0 1 0 0]"
16,0.7105490227316914,"[1 1 1 1 0 1 1 1 0 1 1 0 0 1 1 0 0 1 0 1 1 0 1 0 0 1 0 0 0 0 0 1 0 0 0 1 0 1 0 0]"
16,0.7105490227316914,"[1 1 1 1 0 1 1 1 0 1 1 0 0 1 1 0 0 1 0 1 1 0 1 0 0 1 0 0 0 0 0 1 0 0 0 1 0 1 0 0]"
16,0.7105490227316914,"[1 1 1 1 0 1 1 1 0 1 1 0 0 1 1 0 0 1 0 1 1 0 1 0 0 1 0 0 0 0 0 1 0 0 0 1 0 1 0 0]"
16,0.7105490227316914,"[1 1 1 1 0 1 1 1 0 1 1 0 0 1 1 0 0 1 0 1 1 0 1 0 0 1 0 0 0 0 0 1 0 0 0 1 0 1 0 0]"
16,0.7105490227316914,"[1 1 1 1 0 1 1 1 0 1 1 0 0 1 1 0 0 1 0 1 1 0 1 0 0 1 0 0 0 0 0 1 0 0 0 1 0 1 0 0]"
16,0.7105490227316914,"[1 1 1 1 0 1 1 1 0 1 1 0 0 1 1 0 0 1 0 1 1 0 1 0 0 1 0 0 0 0 0 1 0 0 0 1 0 1 0 0]"
16,0.7105490227316914,"[1 1 1 1 0 1 1 1 0 1 1 0 0 1 1 0 0 1 0 1 1 0 1 0 0 1 0 0 0 0 0 1 0 0 0 1 0 1 0 0]"
16,0.7105490227316914,"[1 1 1 1 0 1 1 1 0 1 1 0 0 1 1 0 0 1 0 1 1 0 1 0 0 1 0 0 0 0 0 1 0 0 0 1 0 1 0 0]"
16,0.7105490227316914,"[1 1 1 1 0 1 1 1 0 1 1 0 0 1 1 0 0 1 0 1 1 0 1 0 0 1 0 0 0 0 0 1 0 0 0 1 0 1 0 0]"
16,0.7105490227316914,"[1 1 1 1 0 1 1 1 0 1 1 0 0 1 1 0 0 1 0 1 1 0 1 0 0 1 0 0 0 0 0 1 0 0 0 1 0 1 0 0]"
16,0.7105490227316914,"[1 1 1 1 0 1 1 1 0 1 1 0 0 1 1 0 0 1 0 1 1 0 1 0 0 1 0 0 0 0 0 1 0 0 0 1 0 1 0 0]"
16,0.7105490227316914,"[1 1 1 1 0 1 1 1 0 1 1 0 0 1 1 0 0 1 0 1 1 0 1 0 0 1 0 0 0 0 0 1 0 0 0 1 0 1 0 0]"
16,0.7105490227316914,"[1 1 1 1 0 1 1 1 0 1 1 0 0 1 1 0 0 1 0 1 1 0 1 0 0 1 0 0 0 0 0 1 0 0 0 1 0 1 0 0]"
16,0.7105490227316914,"[1 1 1 1 0 1 1 1 0 1 1 0 0 1 1 0 0 1 0 1 1 0 1 0 0 1 0 0 0 0 0 1 0 0 0 1 0 1 0 0]"
16,0.7105490227316914,"[1 1 1 1 0 1 1 1 0 1 1 0 0 1 1 0 0 1 0 1 1 0 1 0 0 1 0 0 0 0 0 1 0 0 0 1 0 1 0 0]"
16,0.7105490227316914,"[1 1 1 1 0 1 1 1 0 1 1 0 0 1 1 0 0 1 0 1 1 0 1 0 0 1 0 0 0 0 0 1 0 0 0 1 0 1 0 0]"
16,0.7105490227316914,"[1 1 1 1 0 1 1 1 0 1 1 0 0 1 1 0 0 1 0 1 1 0 1 0 0 1 0 0 0 0 0 1 0 0 0 1 0 1 0 0]"
16,0.7105490227316914,"[1 1 1 1 0 1 1 1 0 1 1 0 0 1 1 0 0 1 0 1 1 0 1 0 0 1 0 0 0 0 0 1 0 0 0 1 0 1 0 0]"
16,0.7105490227316914,"[1 1 1 1 0 1 1 1 0 1 1 0 0 1 1 0 0 1 0 1 1 0 1 0 0 1 0 0 0 0 0 1 0 0 0 1 0 1 0 0]"
16,0.7105490227316914,"[1 1 1 1 0 1 1 1 0 1 1 0 0 1 1 0 0 1 0 1 1 0 1 0 0 1 0 0 0 0 0 1 0 0 0 1 0 1 0 0]"
16,0.7105490227316914,"[1 1 1 1 0 1 1 1 0 1 1 0 0 1 1 0 0 1 0 1 1 0 1 0 0 1 0 0 0 0 0 1 0 0 0 1 0 1 0 0]"
16,0.7105490227316914,"[1 1 1 1 0 1 1 1 0 1 1 0 0 1 1 0 0 1 0 1 1 0 1 0 0 1 0 0 0 0 0 1 0 0 0 1 0 1 0 0]"
16,0.7105490227316914,"[1 1 1 1 0 1 1 1 0 1 1 0 0 1 1 0 0 1 0 1 1 0 1 0 0 1 0 0 0 0 0 1 0 0 0 1 0 1 0 0]"
16,0.7105490227316914,"[1 1 1 1 0 1 1 1 0 1 1 0 0 1 1 0 0 1 0 1 1 0 1 0 0 1 0 0 0 0 0 1 0 0 0 1 0 1 0 0]"
16,0.7105490227316914,"[1 1 1 1 0 1 1 1 0 1 1 0 0 1 1 0 0 1 0 1 1 0 1 0 0 1 0 0 0 0 0 1 0 0 0 1 0 1 0 0]"
16,0.7105490227316914,"[1 1 1 1 0 1 1 1 0 1 1 0 0 1 1 0 0 1 0 1 1 0 1 0 0 1 0 0 0 0 0 1 0 0 0 1 0 1 0 0]"
16,0.7105490227316914,"[1 1 1 1 0 1 1 1 0 1 1 0 0 1 1 0 0 1 0 1 1 0 1 0 0 1 0 0 0 0 0 1 0 0 0 1 0 1 0 0]"
16,0.7105490227316914,"[1 1 1 1 0 1 1 1 0 1 1 0 0 1 1 0 0 1 0 1 1 0 1 0 0 1 0 0 0 0 0 1 0 0 0 1 0 1 0 0]"
16,0.7105490227316914,"[1 1 1 1 0 1 1 1 0 1 1 0 0 1 1 0 0 1 0 1 1 0 1 0 0 1 0 0 0 0 0 1 0 0 0 1 0 1 0 0]"
16,0.7105490227316914,"[1 1 1 1 0 1 1 1 0 1 1 0 0 1 1 0 0 1 0 1 1 0 1 0 0 1 0 0 0 0 0 1 0 0 0 1 0 1 0 0]"
16,0.7105490227316914,"[1 1 1 1 0 1 1 1 0 1 1 0 0 1 1 0 0 1 0 1 1 0 1 0 0 1 0 0 0 0 0 1 0 0 0 1 0 1 0 0]"
16,0.7105490227316914,"[1 1 1 1 0 1 1 1 0 1 1 0 0 1 1 0 0 1 0 1 1 0 1 0 0 1 0 0 0 0 0 1 0 0 0 1 0 1 0 0]"
16,0.7105490227316914,"[1 1 1 1 0 1 1 1 0 1 1 0 0 1 1 0 0 1 0 1 1 0 1 0 0 1 0 0 0 0 0 1 0 0 0 1 0 1 0 0]"
16,0.7105490227316914,"[1 1 1 1 0 1 1 1 0 1 1 0 0 1 1 0 0 1 0 1 1 0 1 0 0 1 0 0 0 0 0 1 0 0 0 1 0 1 0 0]"
16,0.7105490227316914,"[1 1 1 1 0 1 1 1 0 1 1 0 0 1 1 0 0 1 0 1 1 0 1 0 0 1 0 0 0 0 0 1 0 0 0 1 0 1 0 0]"
16,0.7105490227316914,"[1 1 1 1 0 1 1 1 0 1 1 0 0 1 1 0 0 1 0 1 1 0 1 0 0 1 0 0 0 0 0 1 0 0 0 1 0 1 0 0]"
16,0.7105490227316914,"[1 1 1 1 0 1 1 1 0 1 1 0 0 1 1 0 0 1 0 1 1 0 1 0 0 1 0 0 0 0 0 1 0 0 0 1 0 1 0 0]"
16,0.7105490227316914,"[1 1 1 1 0 1 1 1 0 1 1 0 0 1 1 0 0 1 0 1 1 0 1 0 0 1 0 0 0 0 0 1 0 0 0 1 0 1 0 0]"
16,0.7105490227316914,"[1 1 1 1 0 1 1 1 0 1 1 0 0 1 1 0 0 1 0 1 1 0 1 0 0 1 0 0 0 0 0 1 0 0 0 1 0 1 0 0]"
16,0.7105490227316914,"[1 1 1 1 0 1 1 1 0 1 1 0 0 1 1 0 0 1 0 1 1 0 1 0 0 1 0 0 0 0 0 1 0 0 0 1 0 1 0 0]"
16,0.7105490227316914,"[1 1 1 1 0 1 1 1 0 1 1 0 0 1 1 0 0 1 0 1 1 0 1 0 0 1 0 0 0 0 0 1 0 0 0 1 0 1 0 0]"
16,0.7105490227316914,"[1 1 1 1 0 1 1 1 0 1 1 0 0 1 1 0 0 1 0 1 1 0 1 0 0 1 0 0 0 0 0 1 0 0 0 1 0 1 0 0]"
16,0.7105490227316914,"[1 1 1 1 0 1 1 1 0 1 1 0 0 1 1 0 0 1 0 1 1 0 1 0 0 1 0 0 0 0 0 1 0 0 0 1 0 1 0 0]"
16,0.7105490227316914,"[1 1 1 1 0 1 1 1 0 1 1 0 0 1 1 0 0 1 0 1 1 0 1 0 0 1 0 0 0 0 0 1 0 0 0 1 0 1 0 0]"
16,0.7105490227316914,"[1 1 1 1 0 1 1 1 0 1 1 0 0 1 1 0 0 1 0 1 1 0 1 0 0 1 0 0 0 0 0 1 0 0 0 1 0 1 0 0]"
16,0.7105490227316914,"[1 1 1 1 0 1 1 1 0 1 1 0 0 1 1 0 0 1 0 1 1 0 1 0 0 1 0 0 0 0 0 1 0 0 0 1 0 1 0 0]"
16,0.7105490227316914,"[1 1 1 1 0 1 1 1 0 1 1 0 0 1 1 0 0 1 0 1 1 0 1 0 0 1 0 0 0 0 0 1 0 0 0 1 0 1 0 0]"
16,0.7105490227316914,"[1 1 1 1 0 1 1 1 0 1 1 0 0 1 1 0 0 1 0 1 1 0 1 0 0 1 0 0 0 0 0 1 0 0 0 1 0 1 0 0]"
16,0.7105490227316914,"[1 1 1 1 0 1 1 1 0 1 1 0 0 1 1 0 0 1 0 1 1 0 1 0 0 1 0 0 0 0 0 1 0 0 0 1 0 1 0 0]"
16,0.7105490227316914,"[1 1 1 1 0 1 1 1 0 1 1 0 0 1 1 0 0 1 0 1 1 0 1 0 0 1 0 0 0 0 0 1 0 0 0 1 0 1 0 0]"
16,0.7105490227316914,"[1 1 1 1 0 1 1 1 0 1 1 0 0 1 1 0 0 1 0 1 1 0 1 0 0 1 0 0 0 0 0 1 0 0 0 1 0 1 0 0]"
16,0.7105490227316914,"[1 1 1 1 0 1 1 1 0 1 1 0 0 1 1 0 0 1 0 1 1 0 1 0 0 1 0 0 0 0 0 1 0 0 0 1 0 1 0 0]"
16,0.7105490227316914,"[1 1 1 1 0 1 1 1 0 1 1 0 0 1 1 0 0 1 0 1 1 0 1 0 0 1 0 0 0 0 0 1 0 0 0 1 0 1 0 0]"
16,0.7105490227316914,"[1 1 1 1 0 1 1 1 0 1 1 0 0 1 1 0 0 1 0 1 1 0 1 0 0 1 0 0 0 0 0 1 0 0 0 1 0 1 0 0]"
16,0.7105490227316914,"[1 1 1 1 0 1 1 1 0 1 1 0 0 1 1 0 0 1 0 1 1 0 1 0 0 1 0 0 0 0 0 1 0 0 0 1 0 1 0 0]"
16,0.7105490227316914,"[1 1 1 1 0 1 1 1 0 1 1 0 0 1 1 0 0 1 0 1 1 0 1 0 0 1 0 0 0 0 0 1 0 0 0 1 0 1 0 0]"
16,0.7105490227316914,"[1 1 1 1 0 1 1 1 0 1 1 0 0 1 1 0 0 1 0 1 1 0 1 0 0 1 0 0 0 0 0 1 0 0 0 1 0 1 0 0]"
16,0.7105490227316914,"[1 1 1 1 0 1 1 1 0 1 1 0 0 1 1 0 0 1 0 1 1 0 1 0 0 1 0 0 0 0 0 1 0 0 0 1 0 1 0 0]"
16,0.7105490227316914,"[1 1 1 1 0 1 1 1 0 1 1 0 0 1 1 0 0 1 0 1 1 0 1 0 0 1 0 0 0 0 0 1 0 0 0 1 0 1 0 0]"
16,0.7105490227316914,"[1 1 1 1 0 1 1 1 0 1 1 0 0 1 1 0 0 1 0 1 1 0 1 0 0 1 0 0 0 0 0 1 0 0 0 1 0 1 0 0]"
16,0.7105490227316914,"[1 1 1 1 0 1 1 1 0 1 1 0 0 1 1 0 0 1 0 1 1 0 1 0 0 1 0 0 0 0 0 1 0 0 0 1 0 1 0 0]"
16,0.7105490227316914,"[1 1 1 1 0 1 1 1 0 1 1 0 0 1 1 0 0 1 0 1 1 0 1 0 0 1 0 0 0 0 0 1 0 0 0 1 0 1 0 0]"
16,0.7105490227316914,"[1 1 1 1 0 1 1 1 0 1 1 0 0 1 1 0 0 1 0 1 1 0 1 0 0 1 0 0 0 0 0 1 0 0 0 1 0 1 0 0]"
16,0.7105490227316914,"[1 1 1 1 0 1 1 1 0 1 1 0 0 1 1 0 0 1 0 1 1 0 1 0 0 1 0 0 0 0 0 1 0 0 0 1 0 1 0 0]"
16,0.7105490227316914,"[1 1 1 1 0 1 1 1 0 1 1 0 0 1 1 0 0 1 0 1 1 0 1 0 0 1 0 0 0 0 0 1 0 0 0 1 0 1 0 0]"
16,0.7105490227316914,"[1 1 1 1 0 1 1 1 0 1 1 0 0 1 1 0 0 1 0 1 1 0 1 0 0 1 0 0 0 0 0 1 0 0 0 1 0 1 0 0]"
16,0.7105490227316914,"[1 1 1 1 0 1 1 1 0 1 1 0 0 1 1 0 0 1 0 1 1 0 1 0 0 1 0 0 0 0 0 1 0 0 0 1 0 1 0 0]"
16,0.7105490227316914,"[1 1 1 1 0 1 1 1 0 1 1 0 0 1 1 0 0 1 0 1 1 0 1 0 0 1 0 0 0 0 0 1 0 0 0 1 0 1 0 0]"
16,0.7105490227316914,"[1 1 1 1 0 1 1 1 0 1 1 0 0 1 1 0 0 1 0 1 1 0 1 0 0 1 0 0 0 0 0 1 0 0 0 1 0 1 0 0]"
17,0.7105490227316914,"[1 1 1 1 0 1 1 1 0 1 1 0 0 1 1 0 0 1 0 1 1 0 1 0 0 1 0 0 0 0 0 1 0 0 0 1 0 1 0 0]"
17,0.7105490227316914,"[1 1 1 1 0 1 1 1 0 1 1 0 0 1 1 0 0 1 0 1 1 0 1 0 0 1 0 0 0 0 0 1 0 0 0 1 0 1 0 0]"
17,0.7105490227316914,"[1 1 1 1 0 1 1 1 0 1 1 0 0 1 1 0 0 1 0 1 1 0 1 0 0 1 0 0 0 0 0 1 0 0 0 1 0 1 0 0]"
17,0.7105490227316914,"[1 1 1 1 0 1 1 1 0 1 1 0 0 1 1 0 0 1 0 1 1 0 1 0 0 1 0 0 0 0 0 1 0 0 0 1 0 1 0 0]"
17,0.7105490227316914,"[1 1 1 1 0 1 1 1 0 1 1 0 0 1 1 0 0 1 0 1 1 0 1 0 0 1 0 0 0 0 0 1 0 0 0 1 0 1 0 0]"
17,0.7105490227316914,"[1 1 1 1 0 1 1 1 0 1 1 0 0 1 1 0 0 1 0 1 1 0 1 0 0 1 0 0 0 0 0 1 0 0 0 1 0 1 0 0]"
17,0.7105490227316914,"[1 1 1 1 0 1 1 1 0 1 1 0 0 1 1 0 0 1 0 1 1 0 1 0 0 1 0 0 0 0 0 1 0 0 0 1 0 1 0 0]"
17,0.7105490227316914,"[1 1 1 1 0 1 1 1 0 1 1 0 0 1 1 0 0 1 0 1 1 0 1 0 0 1 0 0 0 0 0 1 0 0 0 1 0 1 0 0]"
17,0.7105490227316914,"[1 1 1 1 0 1 1 1 0 1 1 0 0 1 1 0 0 1 0 1 1 0 1 0 0 1 0 0 0 0 0 1 0 0 0 1 0 1 0 0]"
17,0.7105490227316914,"[1 1 1 1 0 1 1 1 0 1 1 0 0 1 1 0 0 1 0 1 1 0 1 0 0 1 0 0 0 0 0 1 0 0 0 1 0 1 0 0]"
17,0.7105490227316914,"[1 1 1 1 0 1 1 1 0 1 1 0 0 1 1 0 0 1 0 1 1 0 1 0 0 1 0 0 0 0 0 1 0 0 0 1 0 1 0 0]"
17,0.7105490227316914,"[1 1 1 1 0 1 1 1 0 1 1 0 0 1 1 0 0 1 0 1 1 0 1 0 0 1 0 0 0 0 0 1 0 0 0 1 0 1 0 0]"
17,0.7105490227316914,"[1 1 1 1 0 1 1 1 0 1 1 0 0 1 1 0 0 1 0 1 1 0 1 0 0 1 0 0 0 0 0 1 0 0 0 1 0 1 0 0]"
17,0.7105490227316914,"[1 1 1 1 0 1 1 1 0 1 1 0 0 1 1 0 0 1 0 1 1 0 1 0 0 1 0 0 0 0 0 1 0 0 0 1 0 1 0 0]"
17,0.7105490227316914,"[1 1 1 1 0 1 1 1 0 1 1 0 0 1 1 0 0 1 0 1 1 0 1 0 0 1 0 0 0 0 0 1 0 0 0 1 0 1 0 0]"
17,0.7105490227316914,"[1 1 1 1 0 1 1 1 0 1 1 0 0 1 1 0 0 1 0 1 1 0 1 0 0 1 0 0 0 0 0 1 0 0 0 1 0 1 0 0]"
17,0.7105490227316914,"[1 1 1 1 0 1 1 1 0 1 1 0 0 1 1 0 0 1 0 1 1 0 1 0 0 1 0 0 0 0 0 1 0 0 0 1 0 1 0 0]"
17,0.7105490227316914,"[1 1 1 1 0 1 1 1 0 1 1 0 0 1 1 0 0 1 0 1 1 0 1 0 0 1 0 0 0 0 0 1 0 0 0 1 0 1 0 0]"
17,0.7105490227316914,"[1 1 1 1 0 1 1 1 0 1 1 0 0 1 1 0 0 1 0 1 1 0 1 0 0 1 0 0 0 0 0 1 0 0 0 1 0 1 0 0]"
17,0.7105490227316914,"[1 1 1 1 0 1 1 1 0 1 1 0 0 1 1 0 0 1 0 1 1 0 1 0 0 1 0 0 0 0 0 1 0 0 0 1 0 1 0 0]"
17,0.7105490227316914,"[1 1 1 1 0 1 1 1 0 1 1 0 0 1 1 0 0 1 0 1 1 0 1 0 0 1 0 0 0 0 0 1 0 0 0 1 0 1 0 0]"
17,0.7105490227316914,"[1 1 1 1 0 1 1 1 0 1 1 0 0 1 1 0 0 1 0 1 1 0 1 0 0 1 0 0 0 0 0 1 0 0 0 1 0 1 0 0]"
17,0.7105490227316914,"[1 1 1 1 0 1 1 1 0 1 1 0 0 1 1 0 0 1 0 1 1 0 1 0 0 1 0 0 0 0 0 1 0 0 0 1 0 1 0 0]"
17,0.7105490227316914,"[1 1 1 1 0 1 1 1 0 1 1 0 0 1 1 0 0 1 0 1 1 0 1 0 0 1 0 0 0 0 0 1 0 0 0 1 0 1 0 0]"
17,0.7105490227316914,"[1 1 1 1 0 1 1 1 0 1 1 0 0 1 1 0 0 1 0 1 1 0 1 0 0 1 0 0 0 0 0 1 0 0 0 1 0 1 0 0]"
17,0.7105490227316914,"[1 1 1 1 0 1 1 1 0 1 1 0 0 1 1 0 0 1 0 1 1 0 1 0 0 1 0 0 0 0 0 1 0 0 0 1 0 1 0 0]"
17,0.7105490227316914,"[1 1 1 1 0 1 1 1 0 1 1 0 0 1 1 0 0 1 0 1 1 0 1 0 0 1 0 0 0 0 0 1 0 0 0 1 0 1 0 0]"
17,0.7105490227316914,"[1 1 1 1 0 1 1 1 0 1 1 0 0 1 1 0 0 1 0 1 1 0 1 0 0 1 0 0 0 0 0 1 0 0 0 1 0 1 0 0]"
17,0.7105490227316914,"[1 1 1 1 0 1 1 1 0 1 1 0 0 1 1 0 0 1 0 1 1 0 1 0 0 1 0 0 0 0 0 1 0 0 0 1 0 1 0 0]"
17,0.7105490227316914,"[1 1 1 1 0 1 1 1 0 1 1 0 0 1 1 0 0 1 0 1 1 0 1 0 0 1 0 0 0 0 0 1 0 0 0 1 0 1 0 0]"
17,0.7105490227316914,"[1 1 1 1 0 1 1 1 0 1 1 0 0 1 1 0 0 1 0 1 1 0 1 0 0 1 0 0 0 0 0 1 0 0 0 1 0 1 0 0]"
17,0.7105490227316914,"[1 1 1 1 0 1 1 1 0 1 1 0 0 1 1 0 0 1 0 1 1 0 1 0 0 1 0 0 0 0 0 1 0 0 0 1 0 1 0 0]"
17,0.7105490227316914,"[1 1 1 1 0 1 1 1 0 1 1 0 0 1 1 0 0 1 0 1 1 0 1 0 0 1 0 0 0 0 0 1 0 0 0 1 0 1 0 0]"
17,0.7105490227316914,"[1 1 1 1 0 1 1 1 0 1 1 0 0 1 1 0 0 1 0 1 1 0 1 0 0 1 0 0 0 0 0 1 0 0 0 1 0 1 0 0]"
17,0.7105490227316914,"[1 1 1 1 0 1 1 1 0 1 1 0 0 1 1 0 0 1 0 1 1 0 1 0 0 1 0 0 0 0 0 1 0 0 0 1 0 1 0 0]"
17,0.7105490227316914,"[1 1 1 1 0 1 1 1 0 1 1 0 0 1 1 0 0 1 0 1 1 0 1 0 0 1 0 0 0 0 0 1 0 0 0 1 0 1 0 0]"
17,0.7105490227316914,"[1 1 1 1 0 1 1 1 0 1 1 0 0 1 1 0 0 1 0 1 1 0 1 0 0 1 0 0 0 0 0 1 0 0 0 1 0 1 0 0]"
17,0.7105490227316914,"[1 1 1 1 0 1 1 1 0 1 1 0 0 1 1 0 0 1 0 1 1 0 1 0 0 1 0 0 0 0 0 1 0 0 0 1 0 1 0 0]"
17,0.7105490227316914,"[1 1 1 1 0 1 1 1 0 1 1 0 0 1 1 0 0 1 0 1 1 0 1 0 0 1 0 0 0 0 0 1 0 0 0 1 0 1 0 0]"
17,0.7105490227316914,"[1 1 1 1 0 1 1 1 0 1 1 0 0 1 1 0 0 1 0 1 1 0 1 0 0 1 0 0 0 0 0 1 0 0 0 1 0 1 0 0]"
17,0.7105490227316914,"[1 1 1 1 0 1 1 1 0 1 1 0 0 1 1 0 0 1 0 1 1 0 1 0 0 1 0 0 0 0 0 1 0 0 0 1 0 1 0 0]"
17,0.7105490227316914,"[1 1 1 1 0 1 1 1 0 1 1 0 0 1 1 0 0 1 0 1 1 0 1 0 0 1 0 0 0 0 0 1 0 0 0 1 0 1 0 0]"
17,0.7105490227316914,"[1 1 1 1 0 1 1 1 0 1 1 0 0 1 1 0 0 1 0 1 1 0 1 0 0 1 0 0 0 0 0 1 0 0 0 1 0 1 0 0]"
17,0.7105490227316914,"[1 1 1 1 0 1 1 1 0 1 1 0 0 1 1 0 0 1 0 1 1 0 1 0 0 1 0 0 0 0 0 1 0 0 0 1 0 1 0 0]"
17,0.7105490227316914,"[1 1 1 1 0 1 1 1 0 1 1 0 0 1 1 0 0 1 0 1 1 0 1 0 0 1 0 0 0 0 0 1 0 0 0 1 0 1 0 0]"
17,0.7105490227316914,"[1 1 1 1 0 1 1 1 0 1 1 0 0 1 1 0 0 1 0 1 1 0 1 0 0 1 0 0 0 0 0 1 0 0 0 1 0 1 0 0]"
17,0.7105490227316914,"[1 1 1 1 0 1 1 1 0 1 1 0 0 1 1 0 0 1 0 1 1 0 1 0 0 1 0 0 0 0 0 1 0 0 0 1 0 1 0 0]"
17,0.7105490227316914,"[1 1 1 1 0 1 1 1 0 1 1 0 0 1 1 0 0 1 0 1 1 0 1 0 0 1 0 0 0 0 0 1 0 0 0 1 0 1 0 0]"
17,0.7105490227316914,"[1 1 1 1 0 1 1 1 0 1 1 0 0 1 1 0 0 1 0 1 1 0 1 0 0 1 0 0 0 0 0 1 0 0 0 1 0 1 0 0]"
17,0.7105490227316914,"[1 1 1 1 0 1 1 1 0 1 1 0 0 1 1 0 0 1 0 1 1 0 1 0 0 1 0 0 0 0 0 1 0 0 0 1 0 1 0 0]"
17,0.7105490227316914,"[1 1 1 1 0 1 1 1 0 1 1 0 0 1 1 0 0 1 0 1 1 0 1 0 0 1 0 0 0 0 0 1 0 0 0 1 0 1 0 0]"
17,0.7105490227316914,"[1 1 1 1 0 1 1 1 0 1 1 0 0 1 1 0 0 1 0 1 1 0 1 0 0 1 0 0 0 0 0 1 0 0 0 1 0 1 0 0]"
17,0.7105490227316914,"[1 1 1 1 0 1 1 1 0 1 1 0 0 1 1 0 0 1 0 1 1 0 1 0 0 1 0 0 0 0 0 1 0 0 0 1 0 1 0 0]"
17,0.7105490227316914,"[1 1 1 1 0 1 1 1 0 1 1 0 0 1 1 0 0 1 0 1 1 0 1 0 0 1 0 0 0 0 0 1 0 0 0 1 0 1 0 0]"
17,0.7105490227316914,"[1 1 1 1 0 1 1 1 0 1 1 0 0 1 1 0 0 1 0 1 1 0 1 0 0 1 0 0 0 0 0 1 0 0 0 1 0 1 0 0]"
17,0.7105490227316914,"[1 1 1 1 0 1 1 1 0 1 1 0 0 1 1 0 0 1 0 1 1 0 1 0 0 1 0 0 0 0 0 1 0 0 0 1 0 1 0 0]"
17,0.7105490227316914,"[1 1 1 1 0 1 1 1 0 1 1 0 0 1 1 0 0 1 0 1 1 0 1 0 0 1 0 0 0 0 0 1 0 0 0 1 0 1 0 0]"
17,0.7105490227316914,"[1 1 1 1 0 1 1 1 0 1 1 0 0 1 1 0 0 1 0 1 1 0 1 0 0 1 0 0 0 0 0 1 0 0 0 1 0 1 0 0]"
17,0.7105490227316914,"[1 1 1 1 0 1 1 1 0 1 1 0 0 1 1 0 0 1 0 1 1 0 1 0 0 1 0 0 0 0 0 1 0 0 0 1 0 1 0 0]"
17,0.7105490227316914,"[1 1 1 1 0 1 1 1 0 1 1 0 0 1 1 0 0 1 0 1 1 0 1 0 0 1 0 0 0 0 0 1 0 0 0 1 0 1 0 0]"
17,0.7105490227316914,"[1 1 1 1 0 1 1 1 0 1 1 0 0 1 1 0 0 1 0 1 1 0 1 0 0 1 0 0 0 0 0 1 0 0 0 1 0 1 0 0]"
17,0.7105490227316914,"[1 1 1 1 0 1 1 1 0 1 1 0 0 1 1 0 0 1 0 1 1 0 1 0 0 1 0 0 0 0 0 1 0 0 0 1 0 1 0 0]"
17,0.7105490227316914,"[1 1 1 1 0 1 1 1 0 1 1 0 0 1 1 0 0 1 0 1 1 0 1 0 0 1 0 0 0 0 0 1 0 0 0 1 0 1 0 0]"
17,0.7105490227316914,"[1 1 1 1 0 1 1 1 0 1 1 0 0 1 1 0 0 1 0 1 1 0 1 0 0 1 0 0 0 0 0 1 0 0 0 1 0 1 0 0]"
17,0.7105490227316914,"[1 1 1 1 0 1 1 1 0 1 1 0 0 1 1 0 0 1 0 1 1 0 1 0 0 1 0 0 0 0 0 1 0 0 0 1 0 1 0 0]"
17,0.7105490227316914,"[1 1 1 1 0 1 1 1 0 1 1 0 0 1 1 0 0 1 0 1 1 0 1 0 0 1 0 0 0 0 0 1 0 0 0 1 0 1 0 0]"
17,0.7105490227316914,"[1 1 1 1 0 1 1 1 0 1 1 0 0 1 1 0 0 1 0 1 1 0 1 0 0 1 0 0 0 0 0 1 0 0 0 1 0 1 0 0]"
17,0.7105490227316914,"[1 1 1 1 0 1 1 1 0 1 1 0 0 1 1 0 0 1 0 1 1 0 1 0 0 1 0 0 0 0 0 1 0 0 0 1 0 1 0 0]"
17,0.7105490227316914,"[1 1 1 1 0 1 1 1 0 1 1 0 0 1 1 0 0 1 0 1 1 0 1 0 0 1 0 0 0 0 0 1 0 0 0 1 0 1 0 0]"
17,0.7105490227316914,"[1 1 1 1 0 1 1 1 0 1 1 0 0 1 1 0 0 1 0 1 1 0 1 0 0 1 0 0 0 0 0 1 0 0 0 1 0 1 0 0]"
17,0.7105490227316914,"[1 1 1 1 0 1 1 1 0 1 1 0 0 1 1 0 0 1 0 1 1 0 1 0 0 1 0 0 0 0 0 1 0 0 0 1 0 1 0 0]"
17,0.7105490227316914,"[1 1 1 1 0 1 1 1 0 1 1 0 0 1 1 0 0 1 0 1 1 0 1 0 0 1 0 0 0 0 0 1 0 0 0 1 0 1 0 0]"
17,0.7105490227316914,"[1 1 1 1 0 1 1 1 0 1 1 0 0 1 1 0 0 1 0 1 1 0 1 0 0 1 0 0 0 0 0 1 0 0 0 1 0 1 0 0]"
17,0.7105490227316914,"[1 1 1 1 0 1 1 1 0 1 1 0 0 1 1 0 0 1 0 1 1 0 1 0 0 1 0 0 0 0 0 1 0 0 0 1 0 1 0 0]"
17,0.7105490227316914,"[1 1 1 1 0 1 1 1 0 1 1 0 0 1 1 0 0 1 0 1 1 0 1 0 0 1 0 0 0 0 0 1 0 0 0 1 0 1 0 0]"
17,0.7105490227316914,"[1 1 1 1 0 1 1 1 0 1 1 0 0 1 1 0 0 1 0 1 1 0 1 0 0 1 0 0 0 0 0 1 0 0 0 1 0 1 0 0]"
17,0.7105490227316914,"[1 1 1 1 0 1 1 1 0 1 1 0 0 1 1 0 0 1 0 1 1 0 1 0 0 1 0 0 0 0 0 1 0 0 0 1 0 1 0 0]"
17,0.7105490227316914,"[1 1 1 1 0 1 1 1 0 1 1 0 0 1 1 0 0 1 0 1 1 0 1 0 0 1 0 0 0 0 0 1 0 0 0 1 0 1 0 0]"
17,0.7105490227316914,"[1 1 1 1 0 1 1 1 0 1 1 0 0 1 1 0 0 1 0 1 1 0 1 0 0 1 0 0 0 0 0 1 0 0 0 1 0 1 0 0]"
17,0.7105490227316914,"[1 1 1 1 0 1 1 1 0 1 1 0 0 1 1 0 0 1 0 1 1 0 1 0 0 1 0 0 0 0 0 1 0 0 0 1 0 1 0 0]"
17,0.7105490227316914,"[1 1 1 1 0 1 1 1 0 1 1 0 0 1 1 0 0 1 0 1 1 0 1 0 0 1 0 0 0 0 0 1 0 0 0 1 0 1 0 0]"
17,0.7105490227316914,"[1 1 1 1 0 1 1 1 0 1 1 0 0 1 1 0 0 1 0 1 1 0 1 0 0 1 0 0 0 0 0 1 0 0 0 1 0 1 0 0]"
17,0.7105490227316914,"[1 1 1 1 0 1 1 1 0 1 1 0 0 1 1 0 0 1 0 1 1 0 1 0 0 1 0 0 0 0 0 1 0 0 0 1 0 1 0 0]"
17,0.7105490227316914,"[1 1 1 1 0 1 1 1 0 1 1 0 0 1 1 0 0 1 0 1 1 0 1 0 0 1 0 0 0 0 0 1 0 0 0 1 0 1 0 0]"
17,0.7105490227316914,"[1 1 1 1 0 1 1 1 0 1 1 0 0 1 1 0 0 1 0 1 1 0 1 0 0 1 0 0 0 0 0 1 0 0 0 1 0 1 0 0]"
17,0.7105490227316914,"[1 1 1 1 0 1 1 1 0 1 1 0 0 1 1 0 0 1 0 1 1 0 1 0 0 1 0 0 0 0 0 1 0 0 0 1 0 1 0 0]"
17,0.7105490227316914,"[1 1 1 1 0 1 1 1 0 1 1 0 0 1 1 0 0 1 0 1 1 0 1 0 0 1 0 0 0 0 0 1 0 0 0 1 0 1 0 0]"
17,0.7105490227316914,"[1 1 1 1 0 1 1 1 0 1 1 0 0 1 1 0 0 1 0 1 1 0 1 0 0 1 0 0 0 0 0 1 0 0 0 1 0 1 0 0]"
17,0.7105490227316914,"[1 1 1 1 0 1 1 1 0 1 1 0 0 1 1 0 0 1 0 1 1 0 1 0 0 1 0 0 0 0 0 1 0 0 0 1 0 1 0 0]"
17,0.7105490227316914,"[1 1 1 1 0 1 1 1 0 1 1 0 0 1 1 0 0 1 0 1 1 0 1 0 0 1 0 0 0 0 0 1 0 0 0 1 0 1 0 0]"
17,0.7105490227316914,"[1 1 1 1 0 1 1 1 0 1 1 0 0 1 1 0 0 1 0 1 1 0 1 0 0 1 0 0 0 0 0 1 0 0 0 1 0 1 0 0]"
17,0.7105490227316914,"[1 1 1 1 0 1 1 1 0 1 1 0 0 1 1 0 0 1 0 1 1 0 1 0 0 1 0 0 0 0 0 1 0 0 0 1 0 1 0 0]"
17,0.7105490227316914,"[1 1 1 1 0 1 1 1 0 1 1 0 0 1 1 0 0 1 0 1 1 0 1 0 0 1 0 0 0 0 0 1 0 0 0 1 0 1 0 0]"
17,0.7105490227316914,"[1 1 1 1 0 1 1 1 0 1 1 0 0 1 1 0 0 1 0 1 1 0 1 0 0 1 0 0 0 0 0 1 0 0 0 1 0 1 0 0]"
17,0.7105490227316914,"[1 1 1 1 0 1 1 1 0 1 1 0 0 1 1 0 0 1 0 1 1 0 1 0 0 1 0 0 0 0 0 1 0 0 0 1 0 1 0 0]"
17,0.7105490227316914,"[1 1 1 1 0 1 1 1 0 1 1 0 0 1 1 0 0 1 0 1 1 0 1 0 0 1 0 0 0 0 0 1 0 0 0 1 0 1 0 0]"
17,0.7105490227316914,"[1 1 1 1 0 1 1 1 0 1 1 0 0 1 1 0 0 1 0 1 1 0 1 0 0 1 0 0 0 0 0 1 0 0 0 1 0 1 0 0]"
17,0.7105490227316914,"[1 1 1 1 0 1 1 1 0 1 1 0 0 1 1 0 0 1 0 1 1 0 1 0 0 1 0 0 0 0 0 1 0 0 0 1 0 1 0 0]"
17,0.7105490227316914,"[1 1 1 1 0 1 1 1 0 1 1 0 0 1 1 0 0 1 0 1 1 0 1 0 0 1 0 0 0 0 0 1 0 0 0 1 0 1 0 0]"
17,0.7105490227316914,"[1 1 1 1 0 1 1 1 0 1 1 0 0 1 1 0 0 1 0 1 1 0 1 0 0 1 0 0 0 0 0 1 0 0 0 1 0 1 0 0]"
18,0.7105490227316914,"[1 1 1 1 0 1 1 1 0 1 1 0 0 1 1 0 0 1 0 1 1 0 1 0 0 1 0 0 0 0 0 1 0 0 0 1 0 1 0 0]"
18,0.7105490227316914,"[1 1 1 1 0 1 1 1 0 1 1 0 0 1 1 0 0 1 0 1 1 0 1 0 0 1 0 0 0 0 0 1 0 0 0 1 0 1 0 0]"
18,0.7105490227316914,"[1 1 1 1 0 1 1 1 0 1 1 0 0 1 1 0 0 1 0 1 1 0 1 0 0 1 0 0 0 0 0 1 0 0 0 1 0 1 0 0]"
18,0.7105490227316914,"[1 1 1 1 0 1 1 1 0 1 1 0 0 1 1 0 0 1 0 1 1 0 1 0 0 1 0 0 0 0 0 1 0 0 0 1 0 1 0 0]"
18,0.7105490227316914,"[1 1 1 1 0 1 1 1 0 1 1 0 0 1 1 0 0 1 0 1 1 0 1 0 0 1 0 0 0 0 0 1 0 0 0 1 0 1 0 0]"
18,0.7105490227316914,"[1 1 1 1 0 1 1 1 0 1 1 0 0 1 1 0 0 1 0 1 1 0 1 0 0 1 0 0 0 0 0 1 0 0 0 1 0 1 0 0]"
18,0.7105490227316914,"[1 1 1 1 0 1 1 1 0 1 1 0 0 1 1 0 0 1 0 1 1 0 1 0 0 1 0 0 0 0 0 1 0 0 0 1 0 1 0 0]"
18,0.7105490227316914,"[1 1 1 1 0 1 1 1 0 1 1 0 0 1 1 0 0 1 0 1 1 0 1 0 0 1 0 0 0 0 0 1 0 0 0 1 0 1 0 0]"
18,0.7105490227316914,"[1 1 1 1 0 1 1 1 0 1 1 0 0 1 1 0 0 1 0 1 1 0 1 0 0 1 0 0 0 0 0 1 0 0 0 1 0 1 0 0]"
18,0.7105490227316914,"[1 1 1 1 0 1 1 1 0 1 1 0 0 1 1 0 0 1 0 1 1 0 1 0 0 1 0 0 0 0 0 1 0 0 0 1 0 1 0 0]"
18,0.7105490227316914,"[1 1 1 1 0 1 1 1 0 1 1 0 0 1 1 0 0 1 0 1 1 0 1 0 0 1 0 0 0 0 0 1 0 0 0 1 0 1 0 0]"
18,0.7105490227316914,"[1 1 1 1 0 1 1 1 0 1 1 0 0 1 1 0 0 1 0 1 1 0 1 0 0 1 0 0 0 0 0 1 0 0 0 1 0 1 0 0]"
18,0.7105490227316914,"[1 1 1 1 0 1 1 1 0 1 1 0 0 1 1 0 0 1 0 1 1 0 1 0 0 1 0 0 0 0 0 1 0 0 0 1 0 1 0 0]"
18,0.7105490227316914,"[1 1 1 1 0 1 1 1 0 1 1 0 0 1 1 0 0 1 0 1 1 0 1 0 0 1 0 0 0 0 0 1 0 0 0 1 0 1 0 0]"
18,0.7105490227316914,"[1 1 1 1 0 1 1 1 0 1 1 0 0 1 1 0 0 1 0 1 1 0 1 0 0 1 0 0 0 0 0 1 0 0 0 1 0 1 0 0]"
18,0.7105490227316914,"[1 1 1 1 0 1 1 1 0 1 1 0 0 1 1 0 0 1 0 1 1 0 1 0 0 1 0 0 0 0 0 1 0 0 0 1 0 1 0 0]"
18,0.7105490227316914,"[1 1 1 1 0 1 1 1 0 1 1 0 0 1 1 0 0 1 0 1 1 0 1 0 0 1 0 0 0 0 0 1 0 0 0 1 0 1 0 0]"
18,0.7105490227316914,"[1 1 1 1 0 1 1 1 0 1 1 0 0 1 1 0 0 1 0 1 1 0 1 0 0 1 0 0 0 0 0 1 0 0 0 1 0 1 0 0]"
18,0.7105490227316914,"[1 1 1 1 0 1 1 1 0 1 1 0 0 1 1 0 0 1 0 1 1 0 1 0 0 1 0 0 0 0 0 1 0 0 0 1 0 1 0 0]"
18,0.7105490227316914,"[1 1 1 1 0 1 1 1 0 1 1 0 0 1 1 0 0 1 0 1 1 0 1 0 0 1 0 0 0 0 0 1 0 0 0 1 0 1 0 0]"
18,0.7105490227316914,"[1 1 1 1 0 1 1 1 0 1 1 0 0 1 1 0 0 1 0 1 1 0 1 0 0 1 0 0 0 0 0 1 0 0 0 1 0 1 0 0]"
18,0.7105490227316914,"[1 1 1 1 0 1 1 1 0 1 1 0 0 1 1 0 0 1 0 1 1 0 1 0 0 1 0 0 0 0 0 1 0 0 0 1 0 1 0 0]"
18,0.7105490227316914,"[1 1 1 1 0 1 1 1 0 1 1 0 0 1 1 0 0 1 0 1 1 0 1 0 0 1 0 0 0 0 0 1 0 0 0 1 0 1 0 0]"
18,0.7105490227316914,"[1 1 1 1 0 1 1 1 0 1 1 0 0 1 1 0 0 1 0 1 1 0 1 0 0 1 0 0 0 0 0 1 0 0 0 1 0 1 0 0]"
18,0.7105490227316914,"[1 1 1 1 0 1 1 1 0 1 1 0 0 1 1 0 0 1 0 1 1 0 1 0 0 1 0 0 0 0 0 1 0 0 0 1 0 1 0 0]"
18,0.7105490227316914,"[1 1 1 1 0 1 1 1 0 1 1 0 0 1 1 0 0 1 0 1 1 0 1 0 0 1 0 0 0 0 0 1 0 0 0 1 0 1 0 0]"
18,0.7105490227316914,"[1 1 1 1 0 1 1 1 0 1 1 0 0 1 1 0 0 1 0 1 1 0 1 0 0 1 0 0 0 0 0 1 0 0 0 1 0 1 0 0]"
18,0.7105490227316914,"[1 1 1 1 0 1 1 1 0 1 1 0 0 1 1 0 0 1 0 1 1 0 1 0 0 1 0 0 0 0 0 1 0 0 0 1 0 1 0 0]"
18,0.7105490227316914,"[1 1 1 1 0 1 1 1 0 1 1 0 0 1 1 0 0 1 0 1 1 0 1 0 0 1 0 0 0 0 0 1 0 0 0 1 0 1 0 0]"
18,0.7105490227316914,"[1 1 1 1 0 1 1 1 0 1 1 0 0 1 1 0 0 1 0 1 1 0 1 0 0 1 0 0 0 0 0 1 0 0 0 1 0 1 0 0]"
18,0.7105490227316914,"[1 1 1 1 0 1 1 1 0 1 1 0 0 1 1 0 0 1 0 1 1 0 1 0 0 1 0 0 0 0 0 1 0 0 0 1 0 1 0 0]"
18,0.7105490227316914,"[1 1 1 1 0 1 1 1 0 1 1 0 0 1 1 0 0 1 0 1 1 0 1 0 0 1 0 0 0 0 0 1 0 0 0 1 0 1 0 0]"
18,0.7105490227316914,"[1 1 1 1 0 1 1 1 0 1 1 0 0 1 1 0 0 1 0 1 1 0 1 0 0 1 0 0 0 0 0 1 0 0 0 1 0 1 0 0]"
18,0.7105490227316914,"[1 1 1 1 0 1 1 1 0 1 1 0 0 1 1 0 0 1 0 1 1 0 1 0 0 1 0 0 0 0 0 1 0 0 0 1 0 1 0 0]"
18,0.7105490227316914,"[1 1 1 1 0 1 1 1 0 1 1 0 0 1 1 0 0 1 0 1 1 0 1 0 0 1 0 0 0 0 0 1 0 0 0 1 0 1 0 0]"
18,0.7105490227316914,"[1 1 1 1 0 1 1 1 0 1 1 0 0 1 1 0 0 1 0 1 1 0 1 0 0 1 0 0 0 0 0 1 0 0 0 1 0 1 0 0]"
18,0.7105490227316914,"[1 1 1 1 0 1 1 1 0 1 1 0 0 1 1 0 0 1 0 1 1 0 1 0 0 1 0 0 0 0 0 1 0 0 0 1 0 1 0 0]"
18,0.7105490227316914,"[1 1 1 1 0 1 1 1 0 1 1 0 0 1 1 0 0 1 0 1 1 0 1 0 0 1 0 0 0 0 0 1 0 0 0 1 0 1 0 0]"
18,0.7105490227316914,"[1 1 1 1 0 1 1 1 0 1 1 0 0 1 1 0 0 1 0 1 1 0 1 0 0 1 0 0 0 0 0 1 0 0 0 1 0 1 0 0]"
18,0.7105490227316914,"[1 1 1 1 0 1 1 1 0 1 1 0 0 1 1 0 0 1 0 1 1 0 1 0 0 1 0 0 0 0 0 1 0 0 0 1 0 1 0 0]"
18,0.7105490227316914,"[1 1 1 1 0 1 1 1 0 1 1 0 0 1 1 0 0 1 0 1 1 0 1 0 0 1 0 0 0 0 0 1 0 0 0 1 0 1 0 0]"
18,0.7105490227316914,"[1 1 1 1 0 1 1 1 0 1 1 0 0 1 1 0 0 1 0 1 1 0 1 0 0 1 0 0 0 0 0 1 0 0 0 1 0 1 0 0]"
18,0.7105490227316914,"[1 1 1 1 0 1 1 1 0 1 1 0 0 1 1 0 0 1 0 1 1 0 1 0 0 1 0 0 0 0 0 1 0 0 0 1 0 1 0 0]"
18,0.7105490227316914,"[1 1 1 1 0 1 1 1 0 1 1 0 0 1 1 0 0 1 0 1 1 0 1 0 0 1 0 0 0 0 0 1 0 0 0 1 0 1 0 0]"
18,0.7105490227316914,"[1 1 1 1 0 1 1 1 0 1 1 0 0 1 1 0 0 1 0 1 1 0 1 0 0 1 0 0 0 0 0 1 0 0 0 1 0 1 0 0]"
18,0.7105490227316914,"[1 1 1 1 0 1 1 1 0 1 1 0 0 1 1 0 0 1 0 1 1 0 1 0 0 1 0 0 0 0 0 1 0 0 0 1 0 1 0 0]"
18,0.7105490227316914,"[1 1 1 1 0 1 1 1 0 1 1 0 0 1 1 0 0 1 0 1 1 0 1 0 0 1 0 0 0 0 0 1 0 0 0 1 0 1 0 0]"
18,0.7105490227316914,"[1 1 1 1 0 1 1 1 0 1 1 0 0 1 1 0 0 1 0 1 1 0 1 0 0 1 0 0 0 0 0 1 0 0 0 1 0 1 0 0]"
18,0.7105490227316914,"[1 1 1 1 0 1 1 1 0 1 1 0 0 1 1 0 0 1 0 1 1 0 1 0 0 1 0 0 0 0 0 1 0 0 0 1 0 1 0 0]"
18,0.7105490227316914,"[1 1 1 1 0 1 1 1 0 1 1 0 0 1 1 0 0 1 0 1 1 0 1 0 0 1 0 0 0 0 0 1 0 0 0 1 0 1 0 0]"
18,0.7105490227316914,"[1 1 1 1 0 1 1 1 0 1 1 0 0 1 1 0 0 1 0 1 1 0 1 0 0 1 0 0 0 0 0 1 0 0 0 1 0 1 0 0]"
18,0.7105490227316914,"[1 1 1 1 0 1 1 1 0 1 1 0 0 1 1 0 0 1 0 1 1 0 1 0 0 1 0 0 0 0 0 1 0 0 0 1 0 1 0 0]"
18,0.7105490227316914,"[1 1 1 1 0 1 1 1 0 1 1 0 0 1 1 0 0 1 0 1 1 0 1 0 0 1 0 0 0 0 0 1 0 0 0 1 0 1 0 0]"
18,0.7105490227316914,"[1 1 1 1 0 1 1 1 0 1 1 0 0 1 1 0 0 1 0 1 1 0 1 0 0 1 0 0 0 0 0 1 0 0 0 1 0 1 0 0]"
18,0.7105490227316914,"[1 1 1 1 0 1 1 1 0 1 1 0 0 1 1 0 0 1 0 1 1 0 1 0 0 1 0 0 0 0 0 1 0 0 0 1 0 1 0 0]"
18,0.7105490227316914,"[1 1 1 1 0 1 1 1 0 1 1 0 0 1 1 0 0 1 0 1 1 0 1 0 0 1 0 0 0 0 0 1 0 0 0 1 0 1 0 0]"
18,0.7105490227316914,"[1 1 1 1 0 1 1 1 0 1 1 0 0 1 1 0 0 1 0 1 1 0 1 0 0 1 0 0 0 0 0 1 0 0 0 1 0 1 0 0]"
18,0.7105490227316914,"[1 1 1 1 0 1 1 1 0 1 1 0 0 1 1 0 0 1 0 1 1 0 1 0 0 1 0 0 0 0 0 1 0 0 0 1 0 1 0 0]"
18,0.7105490227316914,"[1 1 1 1 0 1 1 1 0 1 1 0 0 1 1 0 0 1 0 1 1 0 1 0 0 1 0 0 0 0 0 1 0 0 0 1 0 1 0 0]"
18,0.7105490227316914,"[1 1 1 1 0 1 1 1 0 1 1 0 0 1 1 0 0 1 0 1 1 0 1 0 0 1 0 0 0 0 0 1 0 0 0 1 0 1 0 0]"
18,0.7105490227316914,"[1 1 1 1 0 1 1 1 0 1 1 0 0 1 1 0 0 1 0 1 1 0 1 0 0 1 0 0 0 0 0 1 0 0 0 1 0 1 0 0]"
18,0.7105490227316914,"[1 1 1 1 0 1 1 1 0 1 1 0 0 1 1 0 0 1 0 1 1 0 1 0 0 1 0 0 0 0 0 1 0 0 0 1 0 1 0 0]"
18,0.7105490227316914,"[1 1 1 1 0 1 1 1 0 1 1 0 0 1 1 0 0 1 0 1 1 0 1 0 0 1 0 0 0 0 0 1 0 0 0 1 0 1 0 0]"
18,0.7105490227316914,"[1 1 1 1 0 1 1 1 0 1 1 0 0 1 1 0 0 1 0 1 1 0 1 0 0 1 0 0 0 0 0 1 0 0 0 1 0 1 0 0]"
18,0.7105490227316914,"[1 1 1 1 0 1 1 1 0 1 1 0 0 1 1 0 0 1 0 1 1 0 1 0 0 1 0 0 0 0 0 1 0 0 0 1 0 1 0 0]"
18,0.7105490227316914,"[1 1 1 1 0 1 1 1 0 1 1 0 0 1 1 0 0 1 0 1 1 0 1 0 0 1 0 0 0 0 0 1 0 0 0 1 0 1 0 0]"
18,0.7105490227316914,"[1 1 1 1 0 1 1 1 0 1 1 0 0 1 1 0 0 1 0 1 1 0 1 0 0 1 0 0 0 0 0 1 0 0 0 1 0 1 0 0]"
18,0.7105490227316914,"[1 1 1 1 0 1 1 1 0 1 1 0 0 1 1 0 0 1 0 1 1 0 1 0 0 1 0 0 0 0 0 1 0 0 0 1 0 1 0 0]"
18,0.7105490227316914,"[1 1 1 1 0 1 1 1 0 1 1 0 0 1 1 0 0 1 0 1 1 0 1 0 0 1 0 0 0 0 0 1 0 0 0 1 0 1 0 0]"
18,0.7105490227316914,"[1 1 1 1 0 1 1 1 0 1 1 0 0 1 1 0 0 1 0 1 1 0 1 0 0 1 0 0 0 0 0 1 0 0 0 1 0 1 0 0]"
18,0.7105490227316914,"[1 1 1 1 0 1 1 1 0 1 1 0 0 1 1 0 0 1 0 1 1 0 1 0 0 1 0 0 0 0 0 1 0 0 0 1 0 1 0 0]"
18,0.7105490227316914,"[1 1 1 1 0 1 1 1 0 1 1 0 0 1 1 0 0 1 0 1 1 0 1 0 0 1 0 0 0 0 0 1 0 0 0 1 0 1 0 0]"
18,0.7105490227316914,"[1 1 1 1 0 1 1 1 0 1 1 0 0 1 1 0 0 1 0 1 1 0 1 0 0 1 0 0 0 0 0 1 0 0 0 1 0 1 0 0]"
18,0.7105490227316914,"[1 1 1 1 0 1 1 1 0 1 1 0 0 1 1 0 0 1 0 1 1 0 1 0 0 1 0 0 0 0 0 1 0 0 0 1 0 1 0 0]"
18,0.7105490227316914,"[1 1 1 1 0 1 1 1 0 1 1 0 0 1 1 0 0 1 0 1 1 0 1 0 0 1 0 0 0 0 0 1 0 0 0 1 0 1 0 0]"
18,0.7105490227316914,"[1 1 1 1 0 1 1 1 0 1 1 0 0 1 1 0 0 1 0 1 1 0 1 0 0 1 0 0 0 0 0 1 0 0 0 1 0 1 0 0]"
18,0.7105490227316914,"[1 1 1 1 0 1 1 1 0 1 1 0 0 1 1 0 0 1 0 1 1 0 1 0 0 1 0 0 0 0 0 1 0 0 0 1 0 1 0 0]"
18,0.7105490227316914,"[1 1 1 1 0 1 1 1 0 1 1 0 0 1 1 0 0 1 0 1 1 0 1 0 0 1 0 0 0 0 0 1 0 0 0 1 0 1 0 0]"
18,0.7105490227316914,"[1 1 1 1 0 1 1 1 0 1 1 0 0 1 1 0 0 1 0 1 1 0 1 0 0 1 0 0 0 0 0 1 0 0 0 1 0 1 0 0]"
18,0.7105490227316914,"[1 1 1 1 0 1 1 1 0 1 1 0 0 1 1 0 0 1 0 1 1 0 1 0 0 1 0 0 0 0 0 1 0 0 0 1 0 1 0 0]"
18,0.7105490227316914,"[1 1 1 1 0 1 1 1 0 1 1 0 0 1 1 0 0 1 0 1 1 0 1 0 0 1 0 0 0 0 0 1 0 0 0 1 0 1 0 0]"
18,0.7105490227316914,"[1 1 1 1 0 1 1 1 0 1 1 0 0 1 1 0 0 1 0 1 1 0 1 0 0 1 0 0 0 0 0 1 0 0 0 1 0 1 0 0]"
18,0.7105490227316914,"[1 1 1 1 0 1 1 1 0 1 1 0 0 1 1 0 0 1 0 1 1 0 1 0 0 1 0 0 0 0 0 1 0 0 0 1 0 1 0 0]"
18,0.7105490227316914,"[1 1 1 1 0 1 1 1 0 1 1 0 0 1 1 0 0 1 0 1 1 0 1 0 0 1 0 0 0 0 0 1 0 0 0 1 0 1 0 0]"
18,0.7105490227316914,"[1 1 1 1 0 1 1 1 0 1 1 0 0 1 1 0 0 1 0 1 1 0 1 0 0 1 0 0 0 0 0 1 0 0 0 1 0 1 0 0]"
18,0.7105490227316914,"[1 1 1 1 0 1 1 1 0 1 1 0 0 1 1 0 0 1 0 1 1 0 1 0 0 1 0 0 0 0 0 1 0 0 0 1 0 1 0 0]"
18,0.7105490227316914,"[1 1 1 1 0 1 1 1 0 1 1 0 0 1 1 0 0 1 0 1 1 0 1 0 0 1 0 0 0 0 0 1 0 0 0 1 0 1 0 0]"
18,0.7105490227316914,"[1 1 1 1 0 1 1 1 0 1 1 0 0 1 1 0 0 1 0 1 1 0 1 0 0 1 0 0 0 0 0 1 0 0 0 1 0 1 0 0]"
18,0.7105490227316914,"[1 1 1 1 0 1 1 1 0 1 1 0 0 1 1 0 0 1 0 1 1 0 1 0 0 1 0 0 0 0 0 1 0 0 0 1 0 1 0 0]"
18,0.7105490227316914,"[1 1 1 1 0 1 1 1 0 1 1 0 0 1 1 0 0 1 0 1 1 0 1 0 0 1 0 0 0 0 0 1 0 0 0 1 0 1 0 0]"
18,0.7105490227316914,"[1 1 1 1 0 1 1 1 0 1 1 0 0 1 1 0 0 1 0 1 1 0 1 0 0 1 0 0 0 0 0 1 0 0 0 1 0 1 0 0]"
18,0.7105490227316914,"[1 1 1 1 0 1 1 1 0 1 1 0 0 1 1 0 0 1 0 1 1 0 1 0 0 1 0 0 0 0 0 1 0 0 0 1 0 1 0 0]"
18,0.7105490227316914,"[1 1 1 1 0 1 1 1 0 1 1 0 0 1 1 0 0 1 0 1 1 0 1 0 0 1 0 0 0 0 0 1 0 0 0 1 0 1 0 0]"
18,0.7105490227316914,"[1 1 1 1 0 1 1 1 0 1 1 0 0 1 1 0 0 1 0 1 1 0 1 0 0 1 0 0 0 0 0 1 0 0 0 1 0 1 0 0]"
18,0.7105490227316914,"[1 1 1 1 0 1 1 1 0 1 1 0 0 1 1 0 0 1 0 1 1 0 1 0 0 1 0 0 0 0 0 1 0 0 0 1 0 1 0 0]"
18,0.7105490227316914,"[1 1 1 1 0 1 1 1 0 1 1 0 0 1 1 0 0 1 0 1 1 0 1 0 0 1 0 0 0 0 0 1 0 0 0 1 0 1 0 0]"
18,0.7105490227316914,"[1 1 1 1 0 1 1 1 0 1 1 0 0 1 1 0 0 1 0 1 1 0 1 0 0 1 0 0 0 0 0 1 0 0 0 1 0 1 0 0]"
18,0.7105490227316914,"[1 1 1 1 0 1 1 1 0 1 1 0 0 1 1 0 0 1 0 1 1 0 1 0 0 1 0 0 0 0 0 1 0 0 0 1 0 1 0 0]"
18,0.7105490227316914,"[1 1 1 1 0 1 1 1 0 1 1 0 0 1 1 0 0 1 0 1 1 0 1 0 0 1 0 0 0 0 0 1 0 0 0 1 0 1 0 0]"
18,0.7105490227316914,"[1 1 1 1 0 1 1 1 0 1 1 0 0 1 1 0 0 1 0 1 1 0 1 0 0 1 0 0 0 0 0 1 0 0 0 1 0 1 0 0]"
19,0.7105490227316914,"[1 1 1 1 0 1 1 1 0 1 1 0 0 1 1 0 0 1 0 1 1 0 1 0 0 1 0 0 0 0 0 1 0 0 0 1 0 1 0 0]"
19,0.7105490227316914,"[1 1 1 1 0 1 1 1 0 1 1 0 0 1 1 0 0 1 0 1 1 0 1 0 0 1 0 0 0 0 0 1 0 0 0 1 0 1 0 0]"
19,0.7105490227316914,"[1 1 1 1 0 1 1 1 0 1 1 0 0 1 1 0 0 1 0 1 1 0 1 0 0 1 0 0 0 0 0 1 0 0 0 1 0 1 0 0]"
19,0.7105490227316914,"[1 1 1 1 0 1 1 1 0 1 1 0 0 1 1 0 0 1 0 1 1 0 1 0 0 1 0 0 0 0 0 1 0 0 0 1 0 1 0 0]"
19,0.7105490227316914,"[1 1 1 1 0 1 1 1 0 1 1 0 0 1 1 0 0 1 0 1 1 0 1 0 0 1 0 0 0 0 0 1 0 0 0 1 0 1 0 0]"
19,0.7105490227316914,"[1 1 1 1 0 1 1 1 0 1 1 0 0 1 1 0 0 1 0 1 1 0 1 0 0 1 0 0 0 0 0 1 0 0 0 1 0 1 0 0]"
19,0.7105490227316914,"[1 1 1 1 0 1 1 1 0 1 1 0 0 1 1 0 0 1 0 1 1 0 1 0 0 1 0 0 0 0 0 1 0 0 0 1 0 1 0 0]"
19,0.7105490227316914,"[1 1 1 1 0 1 1 1 0 1 1 0 0 1 1 0 0 1 0 1 1 0 1 0 0 1 0 0 0 0 0 1 0 0 0 1 0 1 0 0]"
19,0.7105490227316914,"[1 1 1 1 0 1 1 1 0 1 1 0 0 1 1 0 0 1 0 1 1 0 1 0 0 1 0 0 0 0 0 1 0 0 0 1 0 1 0 0]"
19,0.7105490227316914,"[1 1 1 1 0 1 1 1 0 1 1 0 0 1 1 0 0 1 0 1 1 0 1 0 0 1 0 0 0 0 0 1 0 0 0 1 0 1 0 0]"
19,0.7105490227316914,"[1 1 1 1 0 1 1 1 0 1 1 0 0 1 1 0 0 1 0 1 1 0 1 0 0 1 0 0 0 0 0 1 0 0 0 1 0 1 0 0]"
19,0.7105490227316914,"[1 1 1 1 0 1 1 1 0 1 1 0 0 1 1 0 0 1 0 1 1 0 1 0 0 1 0 0 0 0 0 1 0 0 0 1 0 1 0 0]"
19,0.7105490227316914,"[1 1 1 1 0 1 1 1 0 1 1 0 0 1 1 0 0 1 0 1 1 0 1 0 0 1 0 0 0 0 0 1 0 0 0 1 0 1 0 0]"
19,0.7105490227316914,"[1 1 1 1 0 1 1 1 0 1 1 0 0 1 1 0 0 1 0 1 1 0 1 0 0 1 0 0 0 0 0 1 0 0 0 1 0 1 0 0]"
19,0.7105490227316914,"[1 1 1 1 0 1 1 1 0 1 1 0 0 1 1 0 0 1 0 1 1 0 1 0 0 1 0 0 0 0 0 1 0 0 0 1 0 1 0 0]"
19,0.7105490227316914,"[1 1 1 1 0 1 1 1 0 1 1 0 0 1 1 0 0 1 0 1 1 0 1 0 0 1 0 0 0 0 0 1 0 0 0 1 0 1 0 0]"
19,0.7105490227316914,"[1 1 1 1 0 1 1 1 0 1 1 0 0 1 1 0 0 1 0 1 1 0 1 0 0 1 0 0 0 0 0 1 0 0 0 1 0 1 0 0]"
19,0.7105490227316914,"[1 1 1 1 0 1 1 1 0 1 1 0 0 1 1 0 0 1 0 1 1 0 1 0 0 1 0 0 0 0 0 1 0 0 0 1 0 1 0 0]"
19,0.7105490227316914,"[1 1 1 1 0 1 1 1 0 1 1 0 0 1 1 0 0 1 0 1 1 0 1 0 0 1 0 0 0 0 0 1 0 0 0 1 0 1 0 0]"
19,0.7105490227316914,"[1 1 1 1 0 1 1 1 0 1 1 0 0 1 1 0 0 1 0 1 1 0 1 0 0 1 0 0 0 0 0 1 0 0 0 1 0 1 0 0]"
19,0.7105490227316914,"[1 1 1 1 0 1 1 1 0 1 1 0 0 1 1 0 0 1 0 1 1 0 1 0 0 1 0 0 0 0 0 1 0 0 0 1 0 1 0 0]"
19,0.7105490227316914,"[1 1 1 1 0 1 1 1 0 1 1 0 0 1 1 0 0 1 0 1 1 0 1 0 0 1 0 0 0 0 0 1 0 0 0 1 0 1 0 0]"
19,0.7105490227316914,"[1 1 1 1 0 1 1 1 0 1 1 0 0 1 1 0 0 1 0 1 1 0 1 0 0 1 0 0 0 0 0 1 0 0 0 1 0 1 0 0]"
19,0.7105490227316914,"[1 1 1 1 0 1 1 1 0 1 1 0 0 1 1 0 0 1 0 1 1 0 1 0 0 1 0 0 0 0 0 1 0 0 0 1 0 1 0 0]"
19,0.7105490227316914,"[1 1 1 1 0 1 1 1 0 1 1 0 0 1 1 0 0 1 0 1 1 0 1 0 0 1 0 0 0 0 0 1 0 0 0 1 0 1 0 0]"
19,0.7105490227316914,"[1 1 1 1 0 1 1 1 0 1 1 0 0 1 1 0 0 1 0 1 1 0 1 0 0 1 0 0 0 0 0 1 0 0 0 1 0 1 0 0]"
19,0.7105490227316914,"[1 1 1 1 0 1 1 1 0 1 1 0 0 1 1 0 0 1 0 1 1 0 1 0 0 1 0 0 0 0 0 1 0 0 0 1 0 1 0 0]"
19,0.7105490227316914,"[1 1 1 1 0 1 1 1 0 1 1 0 0 1 1 0 0 1 0 1 1 0 1 0 0 1 0 0 0 0 0 1 0 0 0 1 0 1 0 0]"
19,0.7105490227316914,"[1 1 1 1 0 1 1 1 0 1 1 0 0 1 1 0 0 1 0 1 1 0 1 0 0 1 0 0 0 0 0 1 0 0 0 1 0 1 0 0]"
19,0.7105490227316914,"[1 1 1 1 0 1 1 1 0 1 1 0 0 1 1 0 0 1 0 1 1 0 1 0 0 1 0 0 0 0 0 1 0 0 0 1 0 1 0 0]"
19,0.7105490227316914,"[1 1 1 1 0 1 1 1 0 1 1 0 0 1 1 0 0 1 0 1 1 0 1 0 0 1 0 0 0 0 0 1 0 0 0 1 0 1 0 0]"
19,0.7105490227316914,"[1 1 1 1 0 1 1 1 0 1 1 0 0 1 1 0 0 1 0 1 1 0 1 0 0 1 0 0 0 0 0 1 0 0 0 1 0 1 0 0]"
19,0.7105490227316914,"[1 1 1 1 0 1 1 1 0 1 1 0 0 1 1 0 0 1 0 1 1 0 1 0 0 1 0 0 0 0 0 1 0 0 0 1 0 1 0 0]"
19,0.7105490227316914,"[1 1 1 1 0 1 1 1 0 1 1 0 0 1 1 0 0 1 0 1 1 0 1 0 0 1 0 0 0 0 0 1 0 0 0 1 0 1 0 0]"
19,0.7105490227316914,"[1 1 1 1 0 1 1 1 0 1 1 0 0 1 1 0 0 1 0 1 1 0 1 0 0 1 0 0 0 0 0 1 0 0 0 1 0 1 0 0]"
19,0.7105490227316914,"[1 1 1 1 0 1 1 1 0 1 1 0 0 1 1 0 0 1 0 1 1 0 1 0 0 1 0 0 0 0 0 1 0 0 0 1 0 1 0 0]"
19,0.7105490227316914,"[1 1 1 1 0 1 1 1 0 1 1 0 0 1 1 0 0 1 0 1 1 0 1 0 0 1 0 0 0 0 0 1 0 0 0 1 0 1 0 0]"
19,0.7105490227316914,"[1 1 1 1 0 1 1 1 0 1 1 0 0 1 1 0 0 1 0 1 1 0 1 0 0 1 0 0 0 0 0 1 0 0 0 1 0 1 0 0]"
19,0.7105490227316914,"[1 1 1 1 0 1 1 1 0 1 1 0 0 1 1 0 0 1 0 1 1 0 1 0 0 1 0 0 0 0 0 1 0 0 0 1 0 1 0 0]"
19,0.7105490227316914,"[1 1 1 1 0 1 1 1 0 1 1 0 0 1 1 0 0 1 0 1 1 0 1 0 0 1 0 0 0 0 0 1 0 0 0 1 0 1 0 0]"
19,0.7105490227316914,"[1 1 1 1 0 1 1 1 0 1 1 0 0 1 1 0 0 1 0 1 1 0 1 0 0 1 0 0 0 0 0 1 0 0 0 1 0 1 0 0]"
19,0.7105490227316914,"[1 1 1 1 0 1 1 1 0 1 1 0 0 1 1 0 0 1 0 1 1 0 1 0 0 1 0 0 0 0 0 1 0 0 0 1 0 1 0 0]"
19,0.7105490227316914,"[1 1 1 1 0 1 1 1 0 1 1 0 0 1 1 0 0 1 0 1 1 0 1 0 0 1 0 0 0 0 0 1 0 0 0 1 0 1 0 0]"
19,0.7105490227316914,"[1 1 1 1 0 1 1 1 0 1 1 0 0 1 1 0 0 1 0 1 1 0 1 0 0 1 0 0 0 0 0 1 0 0 0 1 0 1 0 0]"
19,0.7105490227316914,"[1 1 1 1 0 1 1 1 0 1 1 0 0 1 1 0 0 1 0 1 1 0 1 0 0 1 0 0 0 0 0 1 0 0 0 1 0 1 0 0]"
19,0.7105490227316914,"[1 1 1 1 0 1 1 1 0 1 1 0 0 1 1 0 0 1 0 1 1 0 1 0 0 1 0 0 0 0 0 1 0 0 0 1 0 1 0 0]"
19,0.7105490227316914,"[1 1 1 1 0 1 1 1 0 1 1 0 0 1 1 0 0 1 0 1 1 0 1 0 0 1 0 0 0 0 0 1 0 0 0 1 0 1 0 0]"
19,0.7105490227316914,"[1 1 1 1 0 1 1 1 0 1 1 0 0 1 1 0 0 1 0 1 1 0 1 0 0 1 0 0 0 0 0 1 0 0 0 1 0 1 0 0]"
19,0.7105490227316914,"[1 1 1 1 0 1 1 1 0 1 1 0 0 1 1 0 0 1 0 1 1 0 1 0 0 1 0 0 0 0 0 1 0 0 0 1 0 1 0 0]"
19,0.7105490227316914,"[1 1 1 1 0 1 1 1 0 1 1 0 0 1 1 0 0 1 0 1 1 0 1 0 0 1 0 0 0 0 0 1 0 0 0 1 0 1 0 0]"
19,0.7105490227316914,"[1 1 1 1 0 1 1 1 0 1 1 0 0 1 1 0 0 1 0 1 1 0 1 0 0 1 0 0 0 0 0 1 0 0 0 1 0 1 0 0]"
19,0.7105490227316914,"[1 1 1 1 0 1 1 1 0 1 1 0 0 1 1 0 0 1 0 1 1 0 1 0 0 1 0 0 0 0 0 1 0 0 0 1 0 1 0 0]"
19,0.7105490227316914,"[1 1 1 1 0 1 1 1 0 1 1 0 0 1 1 0 0 1 0 1 1 0 1 0 0 1 0 0 0 0 0 1 0 0 0 1 0 1 0 0]"
19,0.7105490227316914,"[1 1 1 1 0 1 1 1 0 1 1 0 0 1 1 0 0 1 0 1 1 0 1 0 0 1 0 0 0 0 0 1 0 0 0 1 0 1 0 0]"
19,0.7105490227316914,"[1 1 1 1 0 1 1 1 0 1 1 0 0 1 1 0 0 1 0 1 1 0 1 0 0 1 0 0 0 0 0 1 0 0 0 1 0 1 0 0]"
19,0.7105490227316914,"[1 1 1 1 0 1 1 1 0 1 1 0 0 1 1 0 0 1 0 1 1 0 1 0 0 1 0 0 0 0 0 1 0 0 0 1 0 1 0 0]"
19,0.7105490227316914,"[1 1 1 1 0 1 1 1 0 1 1 0 0 1 1 0 0 1 0 1 1 0 1 0 0 1 0 0 0 0 0 1 0 0 0 1 0 1 0 0]"
19,0.7105490227316914,"[1 1 1 1 0 1 1 1 0 1 1 0 0 1 1 0 0 1 0 1 1 0 1 0 0 1 0 0 0 0 0 1 0 0 0 1 0 1 0 0]"
19,0.7105490227316914,"[1 1 1 1 0 1 1 1 0 1 1 0 0 1 1 0 0 1 0 1 1 0 1 0 0 1 0 0 0 0 0 1 0 0 0 1 0 1 0 0]"
19,0.7105490227316914,"[1 1 1 1 0 1 1 1 0 1 1 0 0 1 1 0 0 1 0 1 1 0 1 0 0 1 0 0 0 0 0 1 0 0 0 1 0 1 0 0]"
19,0.7105490227316914,"[1 1 1 1 0 1 1 1 0 1 1 0 0 1 1 0 0 1 0 1 1 0 1 0 0 1 0 0 0 0 0 1 0 0 0 1 0 1 0 0]"
19,0.7105490227316914,"[1 1 1 1 0 1 1 1 0 1 1 0 0 1 1 0 0 1 0 1 1 0 1 0 0 1 0 0 0 0 0 1 0 0 0 1 0 1 0 0]"
19,0.7105490227316914,"[1 1 1 1 0 1 1 1 0 1 1 0 0 1 1 0 0 1 0 1 1 0 1 0 0 1 0 0 0 0 0 1 0 0 0 1 0 1 0 0]"
19,0.7105490227316914,"[1 1 1 1 0 1 1 1 0 1 1 0 0 1 1 0 0 1 0 1 1 0 1 0 0 1 0 0 0 0 0 1 0 0 0 1 0 1 0 0]"
19,0.7105490227316914,"[1 1 1 1 0 1 1 1 0 1 1 0 0 1 1 0 0 1 0 1 1 0 1 0 0 1 0 0 0 0 0 1 0 0 0 1 0 1 0 0]"
19,0.7105490227316914,"[1 1 1 1 0 1 1 1 0 1 1 0 0 1 1 0 0 1 0 1 1 0 1 0 0 1 0 0 0 0 0 1 0 0 0 1 0 1 0 0]"
19,0.7105490227316914,"[1 1 1 1 0 1 1 1 0 1 1 0 0 1 1 0 0 1 0 1 1 0 1 0 0 1 0 0 0 0 0 1 0 0 0 1 0 1 0 0]"
19,0.7105490227316914,"[1 1 1 1 0 1 1 1 0 1 1 0 0 1 1 0 0 1 0 1 1 0 1 0 0 1 0 0 0 0 0 1 0 0 0 1 0 1 0 0]"
19,0.7105490227316914,"[1 1 1 1 0 1 1 1 0 1 1 0 0 1 1 0 0 1 0 1 1 0 1 0 0 1 0 0 0 0 0 1 0 0 0 1 0 1 0 0]"
19,0.7105490227316914,"[1 1 1 1 0 1 1 1 0 1 1 0 0 1 1 0 0 1 0 1 1 0 1 0 0 1 0 0 0 0 0 1 0 0 0 1 0 1 0 0]"
19,0.7105490227316914,"[1 1 1 1 0 1 1 1 0 1 1 0 0 1 1 0 0 1 0 1 1 0 1 0 0 1 0 0 0 0 0 1 0 0 0 1 0 1 0 0]"
19,0.7105490227316914,"[1 1 1 1 0 1 1 1 0 1 1 0 0 1 1 0 0 1 0 1 1 0 1 0 0 1 0 0 0 0 0 1 0 0 0 1 0 1 0 0]"
19,0.7105490227316914,"[1 1 1 1 0 1 1 1 0 1 1 0 0 1 1 0 0 1 0 1 1 0 1 0 0 1 0 0 0 0 0 1 0 0 0 1 0 1 0 0]"
19,0.7105490227316914,"[1 1 1 1 0 1 1 1 0 1 1 0 0 1 1 0 0 1 0 1 1 0 1 0 0 1 0 0 0 0 0 1 0 0 0 1 0 1 0 0]"
19,0.7105490227316914,"[1 1 1 1 0 1 1 1 0 1 1 0 0 1 1 0 0 1 0 1 1 0 1 0 0 1 0 0 0 0 0 1 0 0 0 1 0 1 0 0]"
19,0.7105490227316914,"[1 1 1 1 0 1 1 1 0 1 1 0 0 1 1 0 0 1 0 1 1 0 1 0 0 1 0 0 0 0 0 1 0 0 0 1 0 1 0 0]"
19,0.7105490227316914,"[1 1 1 1 0 1 1 1 0 1 1 0 0 1 1 0 0 1 0 1 1 0 1 0 0 1 0 0 0 0 0 1 0 0 0 1 0 1 0 0]"
19,0.7105490227316914,"[1 1 1 1 0 1 1 1 0 1 1 0 0 1 1 0 0 1 0 1 1 0 1 0 0 1 0 0 0 0 0 1 0 0 0 1 0 1 0 0]"
19,0.7105490227316914,"[1 1 1 1 0 1 1 1 0 1 1 0 0 1 1 0 0 1 0 1 1 0 1 0 0 1 0 0 0 0 0 1 0 0 0 1 0 1 0 0]"
19,0.7105490227316914,"[1 1 1 1 0 1 1 1 0 1 1 0 0 1 1 0 0 1 0 1 1 0 1 0 0 1 0 0 0 0 0 1 0 0 0 1 0 1 0 0]"
19,0.7105490227316914,"[1 1 1 1 0 1 1 1 0 1 1 0 0 1 1 0 0 1 0 1 1 0 1 0 0 1 0 0 0 0 0 1 0 0 0 1 0 1 0 0]"
19,0.7105490227316914,"[1 1 1 1 0 1 1 1 0 1 1 0 0 1 1 0 0 1 0 1 1 0 1 0 0 1 0 0 0 0 0 1 0 0 0 1 0 1 0 0]"
19,0.7105490227316914,"[1 1 1 1 0 1 1 1 0 1 1 0 0 1 1 0 0 1 0 1 1 0 1 0 0 1 0 0 0 0 0 1 0 0 0 1 0 1 0 0]"
19,0.7105490227316914,"[1 1 1 1 0 1 1 1 0 1 1 0 0 1 1 0 0 1 0 1 1 0 1 0 0 1 0 0 0 0 0 1 0 0 0 1 0 1 0 0]"
19,0.7105490227316914,"[1 1 1 1 0 1 1 1 0 1 1 0 0 1 1 0 0 1 0 1 1 0 1 0 0 1 0 0 0 0 0 1 0 0 0 1 0 1 0 0]"
19,0.7105490227316914,"[1 1 1 1 0 1 1 1 0 1 1 0 0 1 1 0 0 1 0 1 1 0 1 0 0 1 0 0 0 0 0 1 0 0 0 1 0 1 0 0]"
19,0.7105490227316914,"[1 1 1 1 0 1 1 1 0 1 1 0 0 1 1 0 0 1 0 1 1 0 1 0 0 1 0 0 0 0 0 1 0 0 0 1 0 1 0 0]"
19,0.7105490227316914,"[1 1 1 1 0 1 1 1 0 1 1 0 0 1 1 0 0 1 0 1 1 0 1 0 0 1 0 0 0 0 0 1 0 0 0 1 0 1 0 0]"
19,0.7105490227316914,"[1 1 1 1 0 1 1 1 0 1 1 0 0 1 1 0 0 1 0 1 1 0 1 0 0 1 0 0 0 0 0 1 0 0 0 1 0 1 0 0]"
19,0.7105490227316914,"[1 1 1 1 0 1 1 1 0 1 1 0 0 1 1 0 0 1 0 1 1 0 1 0 0 1 0 0 0 0 0 1 0 0 0 1 0 1 0 0]"
19,0.7105490227316914,"[1 1 1 1 0 1 1 1 0 1 1 0 0 1 1 0 0 1 0 1 1 0 1 0 0 1 0 0 0 0 0 1 0 0 0 1 0 1 0 0]"
19,0.7105490227316914,"[1 1 1 1 0 1 1 1 0 1 1 0 0 1 1 0 0 1 0 1 1 0 1 0 0 1 0 0 0 0 0 1 0 0 0 1 0 1 0 0]"
19,0.7105490227316914,"[1 1 1 1 0 1 1 1 0 1 1 0 0 1 1 0 0 1 0 1 1 0 1 0 0 1 0 0 0 0 0 1 0 0 0 1 0 1 0 0]"
19,0.7105490227316914,"[1 1 1 1 0 1 1 1 0 1 1 0 0 1 1 0 0 1 0 1 1 0 1 0 0 1 0 0 0 0 0 1 0 0 0 1 0 1 0 0]"
19,0.7105490227316914,"[1 1 1 1 0 1 1 1 0 1 1 0 0 1 1 0 0 1 0 1 1 0 1 0 0 1 0 0 0 0 0 1 0 0 0 1 0 1 0 0]"
19,0.7105490227316914,"[1 1 1 1 0 1 1 1 0 1 1 0 0 1 1 0 0 1 0 1 1 0 1 0 0 1 0 0 0 0 0 1 0 0 0 1 0 1 0 0]"
19,0.7105490227316914,"[1 1 1 1 0 1 1 1 0 1 1 0 0 1 1 0 0 1 0 1 1 0 1 0 0 1 0 0 0 0 0 1 0 0 0 1 0 1 0 0]"
19,0.7105490227316914,"[1 1 1 1 0 1 1 1 0 1 1 0 0 1 1 0 0 1 0 1 1 0 1 0 0 1 0 0 0 0 0 1 0 0 0 1 0 1 0 0]"
19,0.7105490227316914,"[1 1 1 1 0 1 1 1 0 1 1 0 0 1 1 0 0 1 0 1 1 0 1 0 0 1 0 0 0 0 0 1 0 0 0 1 0 1 0 0]"
19,0.7105490227316914,"[1 1 1 1 0 1 1 1 0 1 1 0 0 1 1 0 0 1 0 1 1 0 1 0 0 1 0 0 0 0 0 1 0 0 0 1 0 1 0 0]"
20,0.7105490227316914,"[1 1 1 1 0 1 1 1 0 1 1 0 0 1 1 0 0 1 0 1 1 0 1 0 0 1 0 0 0 0 0 1 0 0 0 1 0 1 0 0]"
20,0.7105490227316914,"[1 1 1 1 0 1 1 1 0 1 1 0 0 1 1 0 0 1 0 1 1 0 1 0 0 1 0 0 0 0 0 1 0 0 0 1 0 1 0 0]"
20,0.7105490227316914,"[1 1 1 1 0 1 1 1 0 1 1 0 0 1 1 0 0 1 0 1 1 0 1 0 0 1 0 0 0 0 0 1 0 0 0 1 0 1 0 0]"
20,0.7105490227316914,"[1 1 1 1 0 1 1 1 0 1 1 0 0 1 1 0 0 1 0 1 1 0 1 0 0 1 0 0 0 0 0 1 0 0 0 1 0 1 0 0]"
20,0.7105490227316914,"[1 1 1 1 0 1 1 1 0 1 1 0 0 1 1 0 0 1 0 1 1 0 1 0 0 1 0 0 0 0 0 1 0 0 0 1 0 1 0 0]"
20,0.7105490227316914,"[1 1 1 1 0 1 1 1 0 1 1 0 0 1 1 0 0 1 0 1 1 0 1 0 0 1 0 0 0 0 0 1 0 0 0 1 0 1 0 0]"
20,0.7105490227316914,"[1 1 1 1 0 1 1 1 0 1 1 0 0 1 1 0 0 1 0 1 1 0 1 0 0 1 0 0 0 0 0 1 0 0 0 1 0 1 0 0]"
20,0.7105490227316914,"[1 1 1 1 0 1 1 1 0 1 1 0 0 1 1 0 0 1 0 1 1 0 1 0 0 1 0 0 0 0 0 1 0 0 0 1 0 1 0 0]"
20,0.7105490227316914,"[1 1 1 1 0 1 1 1 0 1 1 0 0 1 1 0 0 1 0 1 1 0 1 0 0 1 0 0 0 0 0 1 0 0 0 1 0 1 0 0]"
20,0.7105490227316914,"[1 1 1 1 0 1 1 1 0 1 1 0 0 1 1 0 0 1 0 1 1 0 1 0 0 1 0 0 0 0 0 1 0 0 0 1 0 1 0 0]"
20,0.7105490227316914,"[1 1 1 1 0 1 1 1 0 1 1 0 0 1 1 0 0 1 0 1 1 0 1 0 0 1 0 0 0 0 0 1 0 0 0 1 0 1 0 0]"
20,0.7105490227316914,"[1 1 1 1 0 1 1 1 0 1 1 0 0 1 1 0 0 1 0 1 1 0 1 0 0 1 0 0 0 0 0 1 0 0 0 1 0 1 0 0]"
20,0.7105490227316914,"[1 1 1 1 0 1 1 1 0 1 1 0 0 1 1 0 0 1 0 1 1 0 1 0 0 1 0 0 0 0 0 1 0 0 0 1 0 1 0 0]"
20,0.7105490227316914,"[1 1 1 1 0 1 1 1 0 1 1 0 0 1 1 0 0 1 0 1 1 0 1 0 0 1 0 0 0 0 0 1 0 0 0 1 0 1 0 0]"
20,0.7105490227316914,"[1 1 1 1 0 1 1 1 0 1 1 0 0 1 1 0 0 1 0 1 1 0 1 0 0 1 0 0 0 0 0 1 0 0 0 1 0 1 0 0]"
20,0.7105490227316914,"[1 1 1 1 0 1 1 1 0 1 1 0 0 1 1 0 0 1 0 1 1 0 1 0 0 1 0 0 0 0 0 1 0 0 0 1 0 1 0 0]"
20,0.7105490227316914,"[1 1 1 1 0 1 1 1 0 1 1 0 0 1 1 0 0 1 0 1 1 0 1 0 0 1 0 0 0 0 0 1 0 0 0 1 0 1 0 0]"
20,0.7105490227316914,"[1 1 1 1 0 1 1 1 0 1 1 0 0 1 1 0 0 1 0 1 1 0 1 0 0 1 0 0 0 0 0 1 0 0 0 1 0 1 0 0]"
20,0.7105490227316914,"[1 1 1 1 0 1 1 1 0 1 1 0 0 1 1 0 0 1 0 1 1 0 1 0 0 1 0 0 0 0 0 1 0 0 0 1 0 1 0 0]"
20,0.7105490227316914,"[1 1 1 1 0 1 1 1 0 1 1 0 0 1 1 0 0 1 0 1 1 0 1 0 0 1 0 0 0 0 0 1 0 0 0 1 0 1 0 0]"
20,0.7105490227316914,"[1 1 1 1 0 1 1 1 0 1 1 0 0 1 1 0 0 1 0 1 1 0 1 0 0 1 0 0 0 0 0 1 0 0 0 1 0 1 0 0]"
20,0.7105490227316914,"[1 1 1 1 0 1 1 1 0 1 1 0 0 1 1 0 0 1 0 1 1 0 1 0 0 1 0 0 0 0 0 1 0 0 0 1 0 1 0 0]"
20,0.7105490227316914,"[1 1 1 1 0 1 1 1 0 1 1 0 0 1 1 0 0 1 0 1 1 0 1 0 0 1 0 0 0 0 0 1 0 0 0 1 0 1 0 0]"
20,0.7105490227316914,"[1 1 1 1 0 1 1 1 0 1 1 0 0 1 1 0 0 1 0 1 1 0 1 0 0 1 0 0 0 0 0 1 0 0 0 1 0 1 0 0]"
20,0.7105490227316914,"[1 1 1 1 0 1 1 1 0 1 1 0 0 1 1 0 0 1 0 1 1 0 1 0 0 1 0 0 0 0 0 1 0 0 0 1 0 1 0 0]"
20,0.7105490227316914,"[1 1 1 1 0 1 1 1 0 1 1 0 0 1 1 0 0 1 0 1 1 0 1 0 0 1 0 0 0 0 0 1 0 0 0 1 0 1 0 0]"
20,0.7105490227316914,"[1 1 1 1 0 1 1 1 0 1 1 0 0 1 1 0 0 1 0 1 1 0 1 0 0 1 0 0 0 0 0 1 0 0 0 1 0 1 0 0]"
20,0.7105490227316914,"[1 1 1 1 0 1 1 1 0 1 1 0 0 1 1 0 0 1 0 1 1 0 1 0 0 1 0 0 0 0 0 1 0 0 0 1 0 1 0 0]"
20,0.7105490227316914,"[1 1 1 1 0 1 1 1 0 1 1 0 0 1 1 0 0 1 0 1 1 0 1 0 0 1 0 0 0 0 0 1 0 0 0 1 0 1 0 0]"
20,0.7105490227316914,"[1 1 1 1 0 1 1 1 0 1 1 0 0 1 1 0 0 1 0 1 1 0 1 0 0 1 0 0 0 0 0 1 0 0 0 1 0 1 0 0]"
20,0.7105490227316914,"[1 1 1 1 0 1 1 1 0 1 1 0 0 1 1 0 0 1 0 1 1 0 1 0 0 1 0 0 0 0 0 1 0 0 0 1 0 1 0 0]"
20,0.7105490227316914,"[1 1 1 1 0 1 1 1 0 1 1 0 0 1 1 0 0 1 0 1 1 0 1 0 0 1 0 0 0 0 0 1 0 0 0 1 0 1 0 0]"
20,0.7105490227316914,"[1 1 1 1 0 1 1 1 0 1 1 0 0 1 1 0 0 1 0 1 1 0 1 0 0 1 0 0 0 0 0 1 0 0 0 1 0 1 0 0]"
20,0.7105490227316914,"[1 1 1 1 0 1 1 1 0 1 1 0 0 1 1 0 0 1 0 1 1 0 1 0 0 1 0 0 0 0 0 1 0 0 0 1 0 1 0 0]"
20,0.7105490227316914,"[1 1 1 1 0 1 1 1 0 1 1 0 0 1 1 0 0 1 0 1 1 0 1 0 0 1 0 0 0 0 0 1 0 0 0 1 0 1 0 0]"
20,0.7105490227316914,"[1 1 1 1 0 1 1 1 0 1 1 0 0 1 1 0 0 1 0 1 1 0 1 0 0 1 0 0 0 0 0 1 0 0 0 1 0 1 0 0]"
20,0.7105490227316914,"[1 1 1 1 0 1 1 1 0 1 1 0 0 1 1 0 0 1 0 1 1 0 1 0 0 1 0 0 0 0 0 1 0 0 0 1 0 1 0 0]"
20,0.7105490227316914,"[1 1 1 1 0 1 1 1 0 1 1 0 0 1 1 0 0 1 0 1 1 0 1 0 0 1 0 0 0 0 0 1 0 0 0 1 0 1 0 0]"
20,0.7105490227316914,"[1 1 1 1 0 1 1 1 0 1 1 0 0 1 1 0 0 1 0 1 1 0 1 0 0 1 0 0 0 0 0 1 0 0 0 1 0 1 0 0]"
20,0.7105490227316914,"[1 1 1 1 0 1 1 1 0 1 1 0 0 1 1 0 0 1 0 1 1 0 1 0 0 1 0 0 0 0 0 1 0 0 0 1 0 1 0 0]"
20,0.7105490227316914,"[1 1 1 1 0 1 1 1 0 1 1 0 0 1 1 0 0 1 0 1 1 0 1 0 0 1 0 0 0 0 0 1 0 0 0 1 0 1 0 0]"
20,0.7105490227316914,"[1 1 1 1 0 1 1 1 0 1 1 0 0 1 1 0 0 1 0 1 1 0 1 0 0 1 0 0 0 0 0 1 0 0 0 1 0 1 0 0]"
20,0.7105490227316914,"[1 1 1 1 0 1 1 1 0 1 1 0 0 1 1 0 0 1 0 1 1 0 1 0 0 1 0 0 0 0 0 1 0 0 0 1 0 1 0 0]"
20,0.7105490227316914,"[1 1 1 1 0 1 1 1 0 1 1 0 0 1 1 0 0 1 0 1 1 0 1 0 0 1 0 0 0 0 0 1 0 0 0 1 0 1 0 0]"
20,0.7105490227316914,"[1 1 1 1 0 1 1 1 0 1 1 0 0 1 1 0 0 1 0 1 1 0 1 0 0 1 0 0 0 0 0 1 0 0 0 1 0 1 0 0]"
20,0.7105490227316914,"[1 1 1 1 0 1 1 1 0 1 1 0 0 1 1 0 0 1 0 1 1 0 1 0 0 1 0 0 0 0 0 1 0 0 0 1 0 1 0 0]"
20,0.7105490227316914,"[1 1 1 1 0 1 1 1 0 1 1 0 0 1 1 0 0 1 0 1 1 0 1 0 0 1 0 0 0 0 0 1 0 0 0 1 0 1 0 0]"
20,0.7105490227316914,"[1 1 1 1 0 1 1 1 0 1 1 0 0 1 1 0 0 1 0 1 1 0 1 0 0 1 0 0 0 0 0 1 0 0 0 1 0 1 0 0]"
20,0.7105490227316914,"[1 1 1 1 0 1 1 1 0 1 1 0 0 1 1 0 0 1 0 1 1 0 1 0 0 1 0 0 0 0 0 1 0 0 0 1 0 1 0 0]"
20,0.7105490227316914,"[1 1 1 1 0 1 1 1 0 1 1 0 0 1 1 0 0 1 0 1 1 0 1 0 0 1 0 0 0 0 0 1 0 0 0 1 0 1 0 0]"
20,0.7105490227316914,"[1 1 1 1 0 1 1 1 0 1 1 0 0 1 1 0 0 1 0 1 1 0 1 0 0 1 0 0 0 0 0 1 0 0 0 1 0 1 0 0]"
20,0.7105490227316914,"[1 1 1 1 0 1 1 1 0 1 1 0 0 1 1 0 0 1 0 1 1 0 1 0 0 1 0 0 0 0 0 1 0 0 0 1 0 1 0 0]"
20,0.7105490227316914,"[1 1 1 1 0 1 1 1 0 1 1 0 0 1 1 0 0 1 0 1 1 0 1 0 0 1 0 0 0 0 0 1 0 0 0 1 0 1 0 0]"
20,0.7105490227316914,"[1 1 1 1 0 1 1 1 0 1 1 0 0 1 1 0 0 1 0 1 1 0 1 0 0 1 0 0 0 0 0 1 0 0 0 1 0 1 0 0]"
20,0.7105490227316914,"[1 1 1 1 0 1 1 1 0 1 1 0 0 1 1 0 0 1 0 1 1 0 1 0 0 1 0 0 0 0 0 1 0 0 0 1 0 1 0 0]"
20,0.7105490227316914,"[1 1 1 1 0 1 1 1 0 1 1 0 0 1 1 0 0 1 0 1 1 0 1 0 0 1 0 0 0 0 0 1 0 0 0 1 0 1 0 0]"
20,0.7105490227316914,"[1 1 1 1 0 1 1 1 0 1 1 0 0 1 1 0 0 1 0 1 1 0 1 0 0 1 0 0 0 0 0 1 0 0 0 1 0 1 0 0]"
20,0.7105490227316914,"[1 1 1 1 0 1 1 1 0 1 1 0 0 1 1 0 0 1 0 1 1 0 1 0 0 1 0 0 0 0 0 1 0 0 0 1 0 1 0 0]"
20,0.7105490227316914,"[1 1 1 1 0 1 1 1 0 1 1 0 0 1 1 0 0 1 0 1 1 0 1 0 0 1 0 0 0 0 0 1 0 0 0 1 0 1 0 0]"
20,0.7105490227316914,"[1 1 1 1 0 1 1 1 0 1 1 0 0 1 1 0 0 1 0 1 1 0 1 0 0 1 0 0 0 0 0 1 0 0 0 1 0 1 0 0]"
20,0.7105490227316914,"[1 1 1 1 0 1 1 1 0 1 1 0 0 1 1 0 0 1 0 1 1 0 1 0 0 1 0 0 0 0 0 1 0 0 0 1 0 1 0 0]"
20,0.7105490227316914,"[1 1 1 1 0 1 1 1 0 1 1 0 0 1 1 0 0 1 0 1 1 0 1 0 0 1 0 0 0 0 0 1 0 0 0 1 0 1 0 0]"
20,0.7105490227316914,"[1 1 1 1 0 1 1 1 0 1 1 0 0 1 1 0 0 1 0 1 1 0 1 0 0 1 0 0 0 0 0 1 0 0 0 1 0 1 0 0]"
20,0.7105490227316914,"[1 1 1 1 0 1 1 1 0 1 1 0 0 1 1 0 0 1 0 1 1 0 1 0 0 1 0 0 0 0 0 1 0 0 0 1 0 1 0 0]"
20,0.7105490227316914,"[1 1 1 1 0 1 1 1 0 1 1 0 0 1 1 0 0 1 0 1 1 0 1 0 0 1 0 0 0 0 0 1 0 0 0 1 0 1 0 0]"
20,0.7105490227316914,"[1 1 1 1 0 1 1 1 0 1 1 0 0 1 1 0 0 1 0 1 1 0 1 0 0 1 0 0 0 0 0 1 0 0 0 1 0 1 0 0]"
20,0.7105490227316914,"[1 1 1 1 0 1 1 1 0 1 1 0 0 1 1 0 0 1 0 1 1 0 1 0 0 1 0 0 0 0 0 1 0 0 0 1 0 1 0 0]"
20,0.7105490227316914,"[1 1 1 1 0 1 1 1 0 1 1 0 0 1 1 0 0 1 0 1 1 0 1 0 0 1 0 0 0 0 0 1 0 0 0 1 0 1 0 0]"
20,0.7105490227316914,"[1 1 1 1 0 1 1 1 0 1 1 0 0 1 1 0 0 1 0 1 1 0 1 0 0 1 0 0 0 0 0 1 0 0 0 1 0 1 0 0]"
20,0.7105490227316914,"[1 1 1 1 0 1 1 1 0 1 1 0 0 1 1 0 0 1 0 1 1 0 1 0 0 1 0 0 0 0 0 1 0 0 0 1 0 1 0 0]"
20,0.7105490227316914,"[1 1 1 1 0 1 1 1 0 1 1 0 0 1 1 0 0 1 0 1 1 0 1 0 0 1 0 0 0 0 0 1 0 0 0 1 0 1 0 0]"
20,0.7105490227316914,"[1 1 1 1 0 1 1 1 0 1 1 0 0 1 1 0 0 1 0 1 1 0 1 0 0 1 0 0 0 0 0 1 0 0 0 1 0 1 0 0]"
20,0.7105490227316914,"[1 1 1 1 0 1 1 1 0 1 1 0 0 1 1 0 0 1 0 1 1 0 1 0 0 1 0 0 0 0 0 1 0 0 0 1 0 1 0 0]"
20,0.7105490227316914,"[1 1 1 1 0 1 1 1 0 1 1 0 0 1 1 0 0 1 0 1 1 0 1 0 0 1 0 0 0 0 0 1 0 0 0 1 0 1 0 0]"
20,0.7105490227316914,"[1 1 1 1 0 1 1 1 0 1 1 0 0 1 1 0 0 1 0 1 1 0 1 0 0 1 0 0 0 0 0 1 0 0 0 1 0 1 0 0]"
20,0.7105490227316914,"[1 1 1 1 0 1 1 1 0 1 1 0 0 1 1 0 0 1 0 1 1 0 1 0 0 1 0 0 0 0 0 1 0 0 0 1 0 1 0 0]"
20,0.7105490227316914,"[1 1 1 1 0 1 1 1 0 1 1 0 0 1 1 0 0 1 0 1 1 0 1 0 0 1 0 0 0 0 0 1 0 0 0 1 0 1 0 0]"
20,0.7105490227316914,"[1 1 1 1 0 1 1 1 0 1 1 0 0 1 1 0 0 1 0 1 1 0 1 0 0 1 0 0 0 0 0 1 0 0 0 1 0 1 0 0]"
20,0.7105490227316914,"[1 1 1 1 0 1 1 1 0 1 1 0 0 1 1 0 0 1 0 1 1 0 1 0 0 1 0 0 0 0 0 1 0 0 0 1 0 1 0 0]"
20,0.7105490227316914,"[1 1 1 1 0 1 1 1 0 1 1 0 0 1 1 0 0 1 0 1 1 0 1 0 0 1 0 0 0 0 0 1 0 0 0 1 0 1 0 0]"
20,0.7105490227316914,"[1 1 1 1 0 1 1 1 0 1 1 0 0 1 1 0 0 1 0 1 1 0 1 0 0 1 0 0 0 0 0 1 0 0 0 1 0 1 0 0]"
20,0.7105490227316914,"[1 1 1 1 0 1 1 1 0 1 1 0 0 1 1 0 0 1 0 1 1 0 1 0 0 1 0 0 0 0 0 1 0 0 0 1 0 1 0 0]"
20,0.7105490227316914,"[1 1 1 1 0 1 1 1 0 1 1 0 0 1 1 0 0 1 0 1 1 0 1 0 0 1 0 0 0 0 0 1 0 0 0 1 0 1 0 0]"
20,0.7105490227316914,"[1 1 1 1 0 1 1 1 0 1 1 0 0 1 1 0 0 1 0 1 1 0 1 0 0 1 0 0 0 0 0 1 0 0 0 1 0 1 0 0]"
20,0.7105490227316914,"[1 1 1 1 0 1 1 1 0 1 1 0 0 1 1 0 0 1 0 1 1 0 1 0 0 1 0 0 0 0 0 1 0 0 0 1 0 1 0 0]"
20,0.7105490227316914,"[1 1 1 1 0 1 1 1 0 1 1 0 0 1 1 0 0 1 0 1 1 0 1 0 0 1 0 0 0 0 0 1 0 0 0 1 0 1 0 0]"
20,0.7105490227316914,"[1 1 1 1 0 1 1 1 0 1 1 0 0 1 1 0 0 1 0 1 1 0 1 0 0 1 0 0 0 0 0 1 0 0 0 1 0 1 0 0]"
20,0.7105490227316914,"[1 1 1 1 0 1 1 1 0 1 1 0 0 1 1 0 0 1 0 1 1 0 1 0 0 1 0 0 0 0 0 1 0 0 0 1 0 1 0 0]"
20,0.7105490227316914,"[1 1 1 1 0 1 1 1 0 1 1 0 0 1 1 0 0 1 0 1 1 0 1 0 0 1 0 0 0 0 0 1 0 0 0 1 0 1 0 0]"
20,0.7105490227316914,"[1 1 1 1 0 1 1 1 0 1 1 0 0 1 1 0 0 1 0 1 1 0 1 0 0 1 0 0 0 0 0 1 0 0 0 1 0 1 0 0]"
20,0.7105490227316914,"[1 1 1 1 0 1 1 1 0 1 1 0 0 1 1 0 0 1 0 1 1 0 1 0 0 1 0 0 0 0 0 1 0 0 0 1 0 1 0 0]"
20,0.7105490227316914,"[1 1 1 1 0 1 1 1 0 1 1 0 0 1 1 0 0 1 0 1 1 0 1 0 0 1 0 0 0 0 0 1 0 0 0 1 0 1 0 0]"
20,0.7105490227316914,"[1 1 1 1 0 1 1 1 0 1 1 0 0 1 1 0 0 1 0 1 1 0 1 0 0 1 0 0 0 0 0 1 0 0 0 1 0 1 0 0]"
20,0.7105490227316914,"[1 1 1 1 0 1 1 1 0 1 1 0 0 1 1 0 0 1 0 1 1 0 1 0 0 1 0 0 0 0 0 1 0 0 0 1 0 1 0 0]"
20,0.7105490227316914,"[1 1 1 1 0 1 1 1 0 1 1 0 0 1 1 0 0 1 0 1 1 0 1 0 0 1 0 0 0 0 0 1 0 0 0 1 0 1 0 0]"
20,0.7105490227316914,"[1 1 1 1 0 1 1 1 0 1 1 0 0 1 1 0 0 1 0 1 1 0 1 0 0 1 0 0 0 0 0 1 0 0 0 1 0 1 0 0]"
20,0.7105490227316914,"[1 1 1 1 0 1 1 1 0 1 1 0 0 1 1 0 0 1 0 1 1 0 1 0 0 1 0 0 0 0 0 1 0 0 0 1 0 1 0 0]"
20,0.7105490227316914,"[1 1 1 1 0 1 1 1 0 1 1 0 0 1 1 0 0 1 0 1 1 0 1 0 0 1 0 0 0 0 0 1 0 0 0 1 0 1 0 0]"
20,0.7105490227316914,"[1 1 1 1 0 1 1 1 0 1 1 0 0 1 1 0 0 1 0 1 1 0 1 0 0 1 0 0 0 0 0 1 0 0 0 1 0 1 0 0]"
20,0.7105490227316914,"[1 1 1 1 0 1 1 1 0 1 1 0 0 1 1 0 0 1 0 1 1 0 1 0 0 1 0 0 0 0 0 1 0 0 0 1 0 1 0 0]"
21,0.7105490227316914,"[1 1 1 1 0 1 1 1 0 1 1 0 0 1 1 0 0 1 0 1 1 0 1 0 0 1 0 0 0 0 0 1 0 0 0 1 0 1 0 0]"
21,0.7105490227316914,"[1 1 1 1 0 1 1 1 0 1 1 0 0 1 1 0 0 1 0 1 1 0 1 0 0 1 0 0 0 0 0 1 0 0 0 1 0 1 0 0]"
21,0.7105490227316914,"[1 1 1 1 0 1 1 1 0 1 1 0 0 1 1 0 0 1 0 1 1 0 1 0 0 1 0 0 0 0 0 1 0 0 0 1 0 1 0 0]"
21,0.7105490227316914,"[1 1 1 1 0 1 1 1 0 1 1 0 0 1 1 0 0 1 0 1 1 0 1 0 0 1 0 0 0 0 0 1 0 0 0 1 0 1 0 0]"
21,0.7105490227316914,"[1 1 1 1 0 1 1 1 0 1 1 0 0 1 1 0 0 1 0 1 1 0 1 0 0 1 0 0 0 0 0 1 0 0 0 1 0 1 0 0]"
21,0.7105490227316914,"[1 1 1 1 0 1 1 1 0 1 1 0 0 1 1 0 0 1 0 1 1 0 1 0 0 1 0 0 0 0 0 1 0 0 0 1 0 1 0 0]"
21,0.7105490227316914,"[1 1 1 1 0 1 1 1 0 1 1 0 0 1 1 0 0 1 0 1 1 0 1 0 0 1 0 0 0 0 0 1 0 0 0 1 0 1 0 0]"
21,0.7105490227316914,"[1 1 1 1 0 1 1 1 0 1 1 0 0 1 1 0 0 1 0 1 1 0 1 0 0 1 0 0 0 0 0 1 0 0 0 1 0 1 0 0]"
21,0.7105490227316914,"[1 1 1 1 0 1 1 1 0 1 1 0 0 1 1 0 0 1 0 1 1 0 1 0 0 1 0 0 0 0 0 1 0 0 0 1 0 1 0 0]"
21,0.7105490227316914,"[1 1 1 1 0 1 1 1 0 1 1 0 0 1 1 0 0 1 0 1 1 0 1 0 0 1 0 0 0 0 0 1 0 0 0 1 0 1 0 0]"
21,0.7105490227316914,"[1 1 1 1 0 1 1 1 0 1 1 0 0 1 1 0 0 1 0 1 1 0 1 0 0 1 0 0 0 0 0 1 0 0 0 1 0 1 0 0]"
21,0.7105490227316914,"[1 1 1 1 0 1 1 1 0 1 1 0 0 1 1 0 0 1 0 1 1 0 1 0 0 1 0 0 0 0 0 1 0 0 0 1 0 1 0 0]"
21,0.7105490227316914,"[1 1 1 1 0 1 1 1 0 1 1 0 0 1 1 0 0 1 0 1 1 0 1 0 0 1 0 0 0 0 0 1 0 0 0 1 0 1 0 0]"
21,0.7105490227316914,"[1 1 1 1 0 1 1 1 0 1 1 0 0 1 1 0 0 1 0 1 1 0 1 0 0 1 0 0 0 0 0 1 0 0 0 1 0 1 0 0]"
21,0.7105490227316914,"[1 1 1 1 0 1 1 1 0 1 1 0 0 1 1 0 0 1 0 1 1 0 1 0 0 1 0 0 0 0 0 1 0 0 0 1 0 1 0 0]"
21,0.7105490227316914,"[1 1 1 1 0 1 1 1 0 1 1 0 0 1 1 0 0 1 0 1 1 0 1 0 0 1 0 0 0 0 0 1 0 0 0 1 0 1 0 0]"
21,0.7105490227316914,"[1 1 1 1 0 1 1 1 0 1 1 0 0 1 1 0 0 1 0 1 1 0 1 0 0 1 0 0 0 0 0 1 0 0 0 1 0 1 0 0]"
21,0.7105490227316914,"[1 1 1 1 0 1 1 1 0 1 1 0 0 1 1 0 0 1 0 1 1 0 1 0 0 1 0 0 0 0 0 1 0 0 0 1 0 1 0 0]"
21,0.7105490227316914,"[1 1 1 1 0 1 1 1 0 1 1 0 0 1 1 0 0 1 0 1 1 0 1 0 0 1 0 0 0 0 0 1 0 0 0 1 0 1 0 0]"
21,0.7105490227316914,"[1 1 1 1 0 1 1 1 0 1 1 0 0 1 1 0 0 1 0 1 1 0 1 0 0 1 0 0 0 0 0 1 0 0 0 1 0 1 0 0]"
21,0.7105490227316914,"[1 1 1 1 0 1 1 1 0 1 1 0 0 1 1 0 0 1 0 1 1 0 1 0 0 1 0 0 0 0 0 1 0 0 0 1 0 1 0 0]"
21,0.7105490227316914,"[1 1 1 1 0 1 1 1 0 1 1 0 0 1 1 0 0 1 0 1 1 0 1 0 0 1 0 0 0 0 0 1 0 0 0 1 0 1 0 0]"
21,0.7105490227316914,"[1 1 1 1 0 1 1 1 0 1 1 0 0 1 1 0 0 1 0 1 1 0 1 0 0 1 0 0 0 0 0 1 0 0 0 1 0 1 0 0]"
21,0.7105490227316914,"[1 1 1 1 0 1 1 1 0 1 1 0 0 1 1 0 0 1 0 1 1 0 1 0 0 1 0 0 0 0 0 1 0 0 0 1 0 1 0 0]"
21,0.7105490227316914,"[1 1 1 1 0 1 1 1 0 1 1 0 0 1 1 0 0 1 0 1 1 0 1 0 0 1 0 0 0 0 0 1 0 0 0 1 0 1 0 0]"
21,0.7105490227316914,"[1 1 1 1 0 1 1 1 0 1 1 0 0 1 1 0 0 1 0 1 1 0 1 0 0 1 0 0 0 0 0 1 0 0 0 1 0 1 0 0]"
21,0.7105490227316914,"[1 1 1 1 0 1 1 1 0 1 1 0 0 1 1 0 0 1 0 1 1 0 1 0 0 1 0 0 0 0 0 1 0 0 0 1 0 1 0 0]"
21,0.7105490227316914,"[1 1 1 1 0 1 1 1 0 1 1 0 0 1 1 0 0 1 0 1 1 0 1 0 0 1 0 0 0 0 0 1 0 0 0 1 0 1 0 0]"
21,0.7105490227316914,"[1 1 1 1 0 1 1 1 0 1 1 0 0 1 1 0 0 1 0 1 1 0 1 0 0 1 0 0 0 0 0 1 0 0 0 1 0 1 0 0]"
21,0.7105490227316914,"[1 1 1 1 0 1 1 1 0 1 1 0 0 1 1 0 0 1 0 1 1 0 1 0 0 1 0 0 0 0 0 1 0 0 0 1 0 1 0 0]"
21,0.7105490227316914,"[1 1 1 1 0 1 1 1 0 1 1 0 0 1 1 0 0 1 0 1 1 0 1 0 0 1 0 0 0 0 0 1 0 0 0 1 0 1 0 0]"
21,0.7105490227316914,"[1 1 1 1 0 1 1 1 0 1 1 0 0 1 1 0 0 1 0 1 1 0 1 0 0 1 0 0 0 0 0 1 0 0 0 1 0 1 0 0]"
21,0.7105490227316914,"[1 1 1 1 0 1 1 1 0 1 1 0 0 1 1 0 0 1 0 1 1 0 1 0 0 1 0 0 0 0 0 1 0 0 0 1 0 1 0 0]"
21,0.7105490227316914,"[1 1 1 1 0 1 1 1 0 1 1 0 0 1 1 0 0 1 0 1 1 0 1 0 0 1 0 0 0 0 0 1 0 0 0 1 0 1 0 0]"
21,0.7105490227316914,"[1 1 1 1 0 1 1 1 0 1 1 0 0 1 1 0 0 1 0 1 1 0 1 0 0 1 0 0 0 0 0 1 0 0 0 1 0 1 0 0]"
21,0.7105490227316914,"[1 1 1 1 0 1 1 1 0 1 1 0 0 1 1 0 0 1 0 1 1 0 1 0 0 1 0 0 0 0 0 1 0 0 0 1 0 1 0 0]"
21,0.7105490227316914,"[1 1 1 1 0 1 1 1 0 1 1 0 0 1 1 0 0 1 0 1 1 0 1 0 0 1 0 0 0 0 0 1 0 0 0 1 0 1 0 0]"
21,0.7105490227316914,"[1 1 1 1 0 1 1 1 0 1 1 0 0 1 1 0 0 1 0 1 1 0 1 0 0 1 0 0 0 0 0 1 0 0 0 1 0 1 0 0]"
21,0.7105490227316914,"[1 1 1 1 0 1 1 1 0 1 1 0 0 1 1 0 0 1 0 1 1 0 1 0 0 1 0 0 0 0 0 1 0 0 0 1 0 1 0 0]"
21,0.7105490227316914,"[1 1 1 1 0 1 1 1 0 1 1 0 0 1 1 0 0 1 0 1 1 0 1 0 0 1 0 0 0 0 0 1 0 0 0 1 0 1 0 0]"
21,0.7105490227316914,"[1 1 1 1 0 1 1 1 0 1 1 0 0 1 1 0 0 1 0 1 1 0 1 0 0 1 0 0 0 0 0 1 0 0 0 1 0 1 0 0]"
21,0.7105490227316914,"[1 1 1 1 0 1 1 1 0 1 1 0 0 1 1 0 0 1 0 1 1 0 1 0 0 1 0 0 0 0 0 1 0 0 0 1 0 1 0 0]"
21,0.7105490227316914,"[1 1 1 1 0 1 1 1 0 1 1 0 0 1 1 0 0 1 0 1 1 0 1 0 0 1 0 0 0 0 0 1 0 0 0 1 0 1 0 0]"
21,0.7105490227316914,"[1 1 1 1 0 1 1 1 0 1 1 0 0 1 1 0 0 1 0 1 1 0 1 0 0 1 0 0 0 0 0 1 0 0 0 1 0 1 0 0]"
21,0.7105490227316914,"[1 1 1 1 0 1 1 1 0 1 1 0 0 1 1 0 0 1 0 1 1 0 1 0 0 1 0 0 0 0 0 1 0 0 0 1 0 1 0 0]"
21,0.7105490227316914,"[1 1 1 1 0 1 1 1 0 1 1 0 0 1 1 0 0 1 0 1 1 0 1 0 0 1 0 0 0 0 0 1 0 0 0 1 0 1 0 0]"
21,0.7105490227316914,"[1 1 1 1 0 1 1 1 0 1 1 0 0 1 1 0 0 1 0 1 1 0 1 0 0 1 0 0 0 0 0 1 0 0 0 1 0 1 0 0]"
21,0.7105490227316914,"[1 1 1 1 0 1 1 1 0 1 1 0 0 1 1 0 0 1 0 1 1 0 1 0 0 1 0 0 0 0 0 1 0 0 0 1 0 1 0 0]"
21,0.7105490227316914,"[1 1 1 1 0 1 1 1 0 1 1 0 0 1 1 0 0 1 0 1 1 0 1 0 0 1 0 0 0 0 0 1 0 0 0 1 0 1 0 0]"
21,0.7105490227316914,"[1 1 1 1 0 1 1 1 0 1 1 0 0 1 1 0 0 1 0 1 1 0 1 0 0 1 0 0 0 0 0 1 0 0 0 1 0 1 0 0]"
21,0.7105490227316914,"[1 1 1 1 0 1 1 1 0 1 1 0 0 1 1 0 0 1 0 1 1 0 1 0 0 1 0 0 0 0 0 1 0 0 0 1 0 1 0 0]"
21,0.7105490227316914,"[1 1 1 1 0 1 1 1 0 1 1 0 0 1 1 0 0 1 0 1 1 0 1 0 0 1 0 0 0 0 0 1 0 0 0 1 0 1 0 0]"
21,0.7105490227316914,"[1 1 1 1 0 1 1 1 0 1 1 0 0 1 1 0 0 1 0 1 1 0 1 0 0 1 0 0 0 0 0 1 0 0 0 1 0 1 0 0]"
21,0.7105490227316914,"[1 1 1 1 0 1 1 1 0 1 1 0 0 1 1 0 0 1 0 1 1 0 1 0 0 1 0 0 0 0 0 1 0 0 0 1 0 1 0 0]"
21,0.7105490227316914,"[1 1 1 1 0 1 1 1 0 1 1 0 0 1 1 0 0 1 0 1 1 0 1 0 0 1 0 0 0 0 0 1 0 0 0 1 0 1 0 0]"
21,0.7105490227316914,"[1 1 1 1 0 1 1 1 0 1 1 0 0 1 1 0 0 1 0 1 1 0 1 0 0 1 0 0 0 0 0 1 0 0 0 1 0 1 0 0]"
21,0.7105490227316914,"[1 1 1 1 0 1 1 1 0 1 1 0 0 1 1 0 0 1 0 1 1 0 1 0 0 1 0 0 0 0 0 1 0 0 0 1 0 1 0 0]"
21,0.7105490227316914,"[1 1 1 1 0 1 1 1 0 1 1 0 0 1 1 0 0 1 0 1 1 0 1 0 0 1 0 0 0 0 0 1 0 0 0 1 0 1 0 0]"
21,0.7105490227316914,"[1 1 1 1 0 1 1 1 0 1 1 0 0 1 1 0 0 1 0 1 1 0 1 0 0 1 0 0 0 0 0 1 0 0 0 1 0 1 0 0]"
21,0.7105490227316914,"[1 1 1 1 0 1 1 1 0 1 1 0 0 1 1 0 0 1 0 1 1 0 1 0 0 1 0 0 0 0 0 1 0 0 0 1 0 1 0 0]"
21,0.7105490227316914,"[1 1 1 1 0 1 1 1 0 1 1 0 0 1 1 0 0 1 0 1 1 0 1 0 0 1 0 0 0 0 0 1 0 0 0 1 0 1 0 0]"
21,0.7105490227316914,"[1 1 1 1 0 1 1 1 0 1 1 0 0 1 1 0 0 1 0 1 1 0 1 0 0 1 0 0 0 0 0 1 0 0 0 1 0 1 0 0]"
21,0.7105490227316914,"[1 1 1 1 0 1 1 1 0 1 1 0 0 1 1 0 0 1 0 1 1 0 1 0 0 1 0 0 0 0 0 1 0 0 0 1 0 1 0 0]"
21,0.7105490227316914,"[1 1 1 1 0 1 1 1 0 1 1 0 0 1 1 0 0 1 0 1 1 0 1 0 0 1 0 0 0 0 0 1 0 0 0 1 0 1 0 0]"
21,0.7105490227316914,"[1 1 1 1 0 1 1 1 0 1 1 0 0 1 1 0 0 1 0 1 1 0 1 0 0 1 0 0 0 0 0 1 0 0 0 1 0 1 0 0]"
21,0.7105490227316914,"[1 1 1 1 0 1 1 1 0 1 1 0 0 1 1 0 0 1 0 1 1 0 1 0 0 1 0 0 0 0 0 1 0 0 0 1 0 1 0 0]"
21,0.7105490227316914,"[1 1 1 1 0 1 1 1 0 1 1 0 0 1 1 0 0 1 0 1 1 0 1 0 0 1 0 0 0 0 0 1 0 0 0 1 0 1 0 0]"
21,0.7105490227316914,"[1 1 1 1 0 1 1 1 0 1 1 0 0 1 1 0 0 1 0 1 1 0 1 0 0 1 0 0 0 0 0 1 0 0 0 1 0 1 0 0]"
21,0.7105490227316914,"[1 1 1 1 0 1 1 1 0 1 1 0 0 1 1 0 0 1 0 1 1 0 1 0 0 1 0 0 0 0 0 1 0 0 0 1 0 1 0 0]"
21,0.7105490227316914,"[1 1 1 1 0 1 1 1 0 1 1 0 0 1 1 0 0 1 0 1 1 0 1 0 0 1 0 0 0 0 0 1 0 0 0 1 0 1 0 0]"
21,0.7105490227316914,"[1 1 1 1 0 1 1 1 0 1 1 0 0 1 1 0 0 1 0 1 1 0 1 0 0 1 0 0 0 0 0 1 0 0 0 1 0 1 0 0]"
21,0.7105490227316914,"[1 1 1 1 0 1 1 1 0 1 1 0 0 1 1 0 0 1 0 1 1 0 1 0 0 1 0 0 0 0 0 1 0 0 0 1 0 1 0 0]"
21,0.7105490227316914,"[1 1 1 1 0 1 1 1 0 1 1 0 0 1 1 0 0 1 0 1 1 0 1 0 0 1 0 0 0 0 0 1 0 0 0 1 0 1 0 0]"
21,0.7105490227316914,"[1 1 1 1 0 1 1 1 0 1 1 0 0 1 1 0 0 1 0 1 1 0 1 0 0 1 0 0 0 0 0 1 0 0 0 1 0 1 0 0]"
21,0.7105490227316914,"[1 1 1 1 0 1 1 1 0 1 1 0 0 1 1 0 0 1 0 1 1 0 1 0 0 1 0 0 0 0 0 1 0 0 0 1 0 1 0 0]"
21,0.7105490227316914,"[1 1 1 1 0 1 1 1 0 1 1 0 0 1 1 0 0 1 0 1 1 0 1 0 0 1 0 0 0 0 0 1 0 0 0 1 0 1 0 0]"
21,0.7105490227316914,"[1 1 1 1 0 1 1 1 0 1 1 0 0 1 1 0 0 1 0 1 1 0 1 0 0 1 0 0 0 0 0 1 0 0 0 1 0 1 0 0]"
21,0.7105490227316914,"[1 1 1 1 0 1 1 1 0 1 1 0 0 1 1 0 0 1 0 1 1 0 1 0 0 1 0 0 0 0 0 1 0 0 0 1 0 1 0 0]"
21,0.7105490227316914,"[1 1 1 1 0 1 1 1 0 1 1 0 0 1 1 0 0 1 0 1 1 0 1 0 0 1 0 0 0 0 0 1 0 0 0 1 0 1 0 0]"
21,0.7105490227316914,"[1 1 1 1 0 1 1 1 0 1 1 0 0 1 1 0 0 1 0 1 1 0 1 0 0 1 0 0 0 0 0 1 0 0 0 1 0 1 0 0]"
21,0.7105490227316914,"[1 1 1 1 0 1 1 1 0 1 1 0 0 1 1 0 0 1 0 1 1 0 1 0 0 1 0 0 0 0 0 1 0 0 0 1 0 1 0 0]"
21,0.7105490227316914,"[1 1 1 1 0 1 1 1 0 1 1 0 0 1 1 0 0 1 0 1 1 0 1 0 0 1 0 0 0 0 0 1 0 0 0 1 0 1 0 0]"
21,0.7105490227316914,"[1 1 1 1 0 1 1 1 0 1 1 0 0 1 1 0 0 1 0 1 1 0 1 0 0 1 0 0 0 0 0 1 0 0 0 1 0 1 0 0]"
21,0.7105490227316914,"[1 1 1 1 0 1 1 1 0 1 1 0 0 1 1 0 0 1 0 1 1 0 1 0 0 1 0 0 0 0 0 1 0 0 0 1 0 1 0 0]"
21,0.7105490227316914,"[1 1 1 1 0 1 1 1 0 1 1 0 0 1 1 0 0 1 0 1 1 0 1 0 0 1 0 0 0 0 0 1 0 0 0 1 0 1 0 0]"
21,0.7105490227316914,"[1 1 1 1 0 1 1 1 0 1 1 0 0 1 1 0 0 1 0 1 1 0 1 0 0 1 0 0 0 0 0 1 0 0 0 1 0 1 0 0]"
21,0.7105490227316914,"[1 1 1 1 0 1 1 1 0 1 1 0 0 1 1 0 0 1 0 1 1 0 1 0 0 1 0 0 0 0 0 1 0 0 0 1 0 1 0 0]"
21,0.7105490227316914,"[1 1 1 1 0 1 1 1 0 1 1 0 0 1 1 0 0 1 0 1 1 0 1 0 0 1 0 0 0 0 0 1 0 0 0 1 0 1 0 0]"
21,0.7105490227316914,"[1 1 1 1 0 1 1 1 0 1 1 0 0 1 1 0 0 1 0 1 1 0 1 0 0 1 0 0 0 0 0 1 0 0 0 1 0 1 0 0]"
21,0.7105490227316914,"[1 1 1 1 0 1 1 1 0 1 1 0 0 1 1 0 0 1 0 1 1 0 1 0 0 1 0 0 0 0 0 1 0 0 0 1 0 1 0 0]"
21,0.7105490227316914,"[1 1 1 1 0 1 1 1 0 1 1 0 0 1 1 0 0 1 0 1 1 0 1 0 0 1 0 0 0 0 0 1 0 0 0 1 0 1 0 0]"
21,0.7105490227316914,"[1 1 1 1 0 1 1 1 0 1 1 0 0 1 1 0 0 1 0 1 1 0 1 0 0 1 0 0 0 0 0 1 0 0 0 1 0 1 0 0]"
21,0.7105490227316914,"[1 1 1 1 0 1 1 1 0 1 1 0 0 1 1 0 0 1 0 1 1 0 1 0 0 1 0 0 0 0 0 1 0 0 0 1 0 1 0 0]"
21,0.7105490227316914,"[1 1 1 1 0 1 1 1 0 1 1 0 0 1 1 0 0 1 0 1 1 0 1 0 0 1 0 0 0 0 0 1 0 0 0 1 0 1 0 0]"
21,0.7105490227316914,"[1 1 1 1 0 1 1 1 0 1 1 0 0 1 1 0 0 1 0 1 1 0 1 0 0 1 0 0 0 0 0 1 0 0 0 1 0 1 0 0]"
21,0.7105490227316914,"[1 1 1 1 0 1 1 1 0 1 1 0 0 1 1 0 0 1 0 1 1 0 1 0 0 1 0 0 0 0 0 1 0 0 0 1 0 1 0 0]"
21,0.7105490227316914,"[1 1 1 1 0 1 1 1 0 1 1 0 0 1 1 0 0 1 0 1 1 0 1 0 0 1 0 0 0 0 0 1 0 0 0 1 0 1 0 0]"
21,0.7105490227316914,"[1 1 1 1 0 1 1 1 0 1 1 0 0 1 1 0 0 1 0 1 1 0 1 0 0 1 0 0 0 0 0 1 0 0 0 1 0 1 0 0]"
21,0.7105490227316914,"[1 1 1 1 0 1 1 1 0 1 1 0 0 1 1 0 0 1 0 1 1 0 1 0 0 1 0 0 0 0 0 1 0 0 0 1 0 1 0 0]"
21,0.7105490227316914,"[1 1 1 1 0 1 1 1 0 1 1 0 0 1 1 0 0 1 0 1 1 0 1 0 0 1 0 0 0 0 0 1 0 0 0 1 0 1 0 0]"
22,0.7105490227316914,"[1 1 1 1 0 1 1 1 0 1 1 0 0 1 1 0 0 1 0 1 1 0 1 0 0 1 0 0 0 0 0 1 0 0 0 1 0 1 0 0]"
22,0.7105490227316914,"[1 1 1 1 0 1 1 1 0 1 1 0 0 1 1 0 0 1 0 1 1 0 1 0 0 1 0 0 0 0 0 1 0 0 0 1 0 1 0 0]"
22,0.7105490227316914,"[1 1 1 1 0 1 1 1 0 1 1 0 0 1 1 0 0 1 0 1 1 0 1 0 0 1 0 0 0 0 0 1 0 0 0 1 0 1 0 0]"
22,0.7105490227316914,"[1 1 1 1 0 1 1 1 0 1 1 0 0 1 1 0 0 1 0 1 1 0 1 0 0 1 0 0 0 0 0 1 0 0 0 1 0 1 0 0]"
22,0.7105490227316914,"[1 1 1 1 0 1 1 1 0 1 1 0 0 1 1 0 0 1 0 1 1 0 1 0 0 1 0 0 0 0 0 1 0 0 0 1 0 1 0 0]"
22,0.7105490227316914,"[1 1 1 1 0 1 1 1 0 1 1 0 0 1 1 0 0 1 0 1 1 0 1 0 0 1 0 0 0 0 0 1 0 0 0 1 0 1 0 0]"
22,0.7105490227316914,"[1 1 1 1 0 1 1 1 0 1 1 0 0 1 1 0 0 1 0 1 1 0 1 0 0 1 0 0 0 0 0 1 0 0 0 1 0 1 0 0]"
22,0.7105490227316914,"[1 1 1 1 0 1 1 1 0 1 1 0 0 1 1 0 0 1 0 1 1 0 1 0 0 1 0 0 0 0 0 1 0 0 0 1 0 1 0 0]"
22,0.7105490227316914,"[1 1 1 1 0 1 1 1 0 1 1 0 0 1 1 0 0 1 0 1 1 0 1 0 0 1 0 0 0 0 0 1 0 0 0 1 0 1 0 0]"
22,0.7105490227316914,"[1 1 1 1 0 1 1 1 0 1 1 0 0 1 1 0 0 1 0 1 1 0 1 0 0 1 0 0 0 0 0 1 0 0 0 1 0 1 0 0]"
22,0.7105490227316914,"[1 1 1 1 0 1 1 1 0 1 1 0 0 1 1 0 0 1 0 1 1 0 1 0 0 1 0 0 0 0 0 1 0 0 0 1 0 1 0 0]"
22,0.7105490227316914,"[1 1 1 1 0 1 1 1 0 1 1 0 0 1 1 0 0 1 0 1 1 0 1 0 0 1 0 0 0 0 0 1 0 0 0 1 0 1 0 0]"
22,0.7105490227316914,"[1 1 1 1 0 1 1 1 0 1 1 0 0 1 1 0 0 1 0 1 1 0 1 0 0 1 0 0 0 0 0 1 0 0 0 1 0 1 0 0]"
22,0.7105490227316914,"[1 1 1 1 0 1 1 1 0 1 1 0 0 1 1 0 0 1 0 1 1 0 1 0 0 1 0 0 0 0 0 1 0 0 0 1 0 1 0 0]"
22,0.7105490227316914,"[1 1 1 1 0 1 1 1 0 1 1 0 0 1 1 0 0 1 0 1 1 0 1 0 0 1 0 0 0 0 0 1 0 0 0 1 0 1 0 0]"
22,0.7105490227316914,"[1 1 1 1 0 1 1 1 0 1 1 0 0 1 1 0 0 1 0 1 1 0 1 0 0 1 0 0 0 0 0 1 0 0 0 1 0 1 0 0]"
22,0.7105490227316914,"[1 1 1 1 0 1 1 1 0 1 1 0 0 1 1 0 0 1 0 1 1 0 1 0 0 1 0 0 0 0 0 1 0 0 0 1 0 1 0 0]"
22,0.7105490227316914,"[1 1 1 1 0 1 1 1 0 1 1 0 0 1 1 0 0 1 0 1 1 0 1 0 0 1 0 0 0 0 0 1 0 0 0 1 0 1 0 0]"
22,0.7105490227316914,"[1 1 1 1 0 1 1 1 0 1 1 0 0 1 1 0 0 1 0 1 1 0 1 0 0 1 0 0 0 0 0 1 0 0 0 1 0 1 0 0]"
22,0.7105490227316914,"[1 1 1 1 0 1 1 1 0 1 1 0 0 1 1 0 0 1 0 1 1 0 1 0 0 1 0 0 0 0 0 1 0 0 0 1 0 1 0 0]"
22,0.7105490227316914,"[1 1 1 1 0 1 1 1 0 1 1 0 0 1 1 0 0 1 0 1 1 0 1 0 0 1 0 0 0 0 0 1 0 0 0 1 0 1 0 0]"
22,0.7105490227316914,"[1 1 1 1 0 1 1 1 0 1 1 0 0 1 1 0 0 1 0 1 1 0 1 0 0 1 0 0 0 0 0 1 0 0 0 1 0 1 0 0]"
22,0.7105490227316914,"[1 1 1 1 0 1 1 1 0 1 1 0 0 1 1 0 0 1 0 1 1 0 1 0 0 1 0 0 0 0 0 1 0 0 0 1 0 1 0 0]"
22,0.7105490227316914,"[1 1 1 1 0 1 1 1 0 1 1 0 0 1 1 0 0 1 0 1 1 0 1 0 0 1 0 0 0 0 0 1 0 0 0 1 0 1 0 0]"
22,0.7105490227316914,"[1 1 1 1 0 1 1 1 0 1 1 0 0 1 1 0 0 1 0 1 1 0 1 0 0 1 0 0 0 0 0 1 0 0 0 1 0 1 0 0]"
22,0.7105490227316914,"[1 1 1 1 0 1 1 1 0 1 1 0 0 1 1 0 0 1 0 1 1 0 1 0 0 1 0 0 0 0 0 1 0 0 0 1 0 1 0 0]"
22,0.7105490227316914,"[1 1 1 1 0 1 1 1 0 1 1 0 0 1 1 0 0 1 0 1 1 0 1 0 0 1 0 0 0 0 0 1 0 0 0 1 0 1 0 0]"
22,0.7105490227316914,"[1 1 1 1 0 1 1 1 0 1 1 0 0 1 1 0 0 1 0 1 1 0 1 0 0 1 0 0 0 0 0 1 0 0 0 1 0 1 0 0]"
22,0.7105490227316914,"[1 1 1 1 0 1 1 1 0 1 1 0 0 1 1 0 0 1 0 1 1 0 1 0 0 1 0 0 0 0 0 1 0 0 0 1 0 1 0 0]"
22,0.7105490227316914,"[1 1 1 1 0 1 1 1 0 1 1 0 0 1 1 0 0 1 0 1 1 0 1 0 0 1 0 0 0 0 0 1 0 0 0 1 0 1 0 0]"
22,0.7105490227316914,"[1 1 1 1 0 1 1 1 0 1 1 0 0 1 1 0 0 1 0 1 1 0 1 0 0 1 0 0 0 0 0 1 0 0 0 1 0 1 0 0]"
22,0.7105490227316914,"[1 1 1 1 0 1 1 1 0 1 1 0 0 1 1 0 0 1 0 1 1 0 1 0 0 1 0 0 0 0 0 1 0 0 0 1 0 1 0 0]"
22,0.7105490227316914,"[1 1 1 1 0 1 1 1 0 1 1 0 0 1 1 0 0 1 0 1 1 0 1 0 0 1 0 0 0 0 0 1 0 0 0 1 0 1 0 0]"
22,0.7105490227316914,"[1 1 1 1 0 1 1 1 0 1 1 0 0 1 1 0 0 1 0 1 1 0 1 0 0 1 0 0 0 0 0 1 0 0 0 1 0 1 0 0]"
22,0.7105490227316914,"[1 1 1 1 0 1 1 1 0 1 1 0 0 1 1 0 0 1 0 1 1 0 1 0 0 1 0 0 0 0 0 1 0 0 0 1 0 1 0 0]"
22,0.7105490227316914,"[1 1 1 1 0 1 1 1 0 1 1 0 0 1 1 0 0 1 0 1 1 0 1 0 0 1 0 0 0 0 0 1 0 0 0 1 0 1 0 0]"
22,0.7105490227316914,"[1 1 1 1 0 1 1 1 0 1 1 0 0 1 1 0 0 1 0 1 1 0 1 0 0 1 0 0 0 0 0 1 0 0 0 1 0 1 0 0]"
22,0.7105490227316914,"[1 1 1 1 0 1 1 1 0 1 1 0 0 1 1 0 0 1 0 1 1 0 1 0 0 1 0 0 0 0 0 1 0 0 0 1 0 1 0 0]"
22,0.7105490227316914,"[1 1 1 1 0 1 1 1 0 1 1 0 0 1 1 0 0 1 0 1 1 0 1 0 0 1 0 0 0 0 0 1 0 0 0 1 0 1 0 0]"
22,0.7105490227316914,"[1 1 1 1 0 1 1 1 0 1 1 0 0 1 1 0 0 1 0 1 1 0 1 0 0 1 0 0 0 0 0 1 0 0 0 1 0 1 0 0]"
22,0.7105490227316914,"[1 1 1 1 0 1 1 1 0 1 1 0 0 1 1 0 0 1 0 1 1 0 1 0 0 1 0 0 0 0 0 1 0 0 0 1 0 1 0 0]"
22,0.7105490227316914,"[1 1 1 1 0 1 1 1 0 1 1 0 0 1 1 0 0 1 0 1 1 0 1 0 0 1 0 0 0 0 0 1 0 0 0 1 0 1 0 0]"
22,0.7105490227316914,"[1 1 1 1 0 1 1 1 0 1 1 0 0 1 1 0 0 1 0 1 1 0 1 0 0 1 0 0 0 0 0 1 0 0 0 1 0 1 0 0]"
22,0.7105490227316914,"[1 1 1 1 0 1 1 1 0 1 1 0 0 1 1 0 0 1 0 1 1 0 1 0 0 1 0 0 0 0 0 1 0 0 0 1 0 1 0 0]"
22,0.7105490227316914,"[1 1 1 1 0 1 1 1 0 1 1 0 0 1 1 0 0 1 0 1 1 0 1 0 0 1 0 0 0 0 0 1 0 0 0 1 0 1 0 0]"
22,0.7105490227316914,"[1 1 1 1 0 1 1 1 0 1 1 0 0 1 1 0 0 1 0 1 1 0 1 0 0 1 0 0 0 0 0 1 0 0 0 1 0 1 0 0]"
22,0.7105490227316914,"[1 1 1 1 0 1 1 1 0 1 1 0 0 1 1 0 0 1 0 1 1 0 1 0 0 1 0 0 0 0 0 1 0 0 0 1 0 1 0 0]"
22,0.7105490227316914,"[1 1 1 1 0 1 1 1 0 1 1 0 0 1 1 0 0 1 0 1 1 0 1 0 0 1 0 0 0 0 0 1 0 0 0 1 0 1 0 0]"
22,0.7105490227316914,"[1 1 1 1 0 1 1 1 0 1 1 0 0 1 1 0 0 1 0 1 1 0 1 0 0 1 0 0 0 0 0 1 0 0 0 1 0 1 0 0]"
22,0.7105490227316914,"[1 1 1 1 0 1 1 1 0 1 1 0 0 1 1 0 0 1 0 1 1 0 1 0 0 1 0 0 0 0 0 1 0 0 0 1 0 1 0 0]"
22,0.7105490227316914,"[1 1 1 1 0 1 1 1 0 1 1 0 0 1 1 0 0 1 0 1 1 0 1 0 0 1 0 0 0 0 0 1 0 0 0 1 0 1 0 0]"
22,0.7105490227316914,"[1 1 1 1 0 1 1 1 0 1 1 0 0 1 1 0 0 1 0 1 1 0 1 0 0 1 0 0 0 0 0 1 0 0 0 1 0 1 0 0]"
22,0.7105490227316914,"[1 1 1 1 0 1 1 1 0 1 1 0 0 1 1 0 0 1 0 1 1 0 1 0 0 1 0 0 0 0 0 1 0 0 0 1 0 1 0 0]"
22,0.7105490227316914,"[1 1 1 1 0 1 1 1 0 1 1 0 0 1 1 0 0 1 0 1 1 0 1 0 0 1 0 0 0 0 0 1 0 0 0 1 0 1 0 0]"
22,0.7105490227316914,"[1 1 1 1 0 1 1 1 0 1 1 0 0 1 1 0 0 1 0 1 1 0 1 0 0 1 0 0 0 0 0 1 0 0 0 1 0 1 0 0]"
22,0.7105490227316914,"[1 1 1 1 0 1 1 1 0 1 1 0 0 1 1 0 0 1 0 1 1 0 1 0 0 1 0 0 0 0 0 1 0 0 0 1 0 1 0 0]"
22,0.7105490227316914,"[1 1 1 1 0 1 1 1 0 1 1 0 0 1 1 0 0 1 0 1 1 0 1 0 0 1 0 0 0 0 0 1 0 0 0 1 0 1 0 0]"
22,0.7105490227316914,"[1 1 1 1 0 1 1 1 0 1 1 0 0 1 1 0 0 1 0 1 1 0 1 0 0 1 0 0 0 0 0 1 0 0 0 1 0 1 0 0]"
22,0.7105490227316914,"[1 1 1 1 0 1 1 1 0 1 1 0 0 1 1 0 0 1 0 1 1 0 1 0 0 1 0 0 0 0 0 1 0 0 0 1 0 1 0 0]"
22,0.7105490227316914,"[1 1 1 1 0 1 1 1 0 1 1 0 0 1 1 0 0 1 0 1 1 0 1 0 0 1 0 0 0 0 0 1 0 0 0 1 0 1 0 0]"
22,0.7105490227316914,"[1 1 1 1 0 1 1 1 0 1 1 0 0 1 1 0 0 1 0 1 1 0 1 0 0 1 0 0 0 0 0 1 0 0 0 1 0 1 0 0]"
22,0.7105490227316914,"[1 1 1 1 0 1 1 1 0 1 1 0 0 1 1 0 0 1 0 1 1 0 1 0 0 1 0 0 0 0 0 1 0 0 0 1 0 1 0 0]"
22,0.7105490227316914,"[1 1 1 1 0 1 1 1 0 1 1 0 0 1 1 0 0 1 0 1 1 0 1 0 0 1 0 0 0 0 0 1 0 0 0 1 0 1 0 0]"
22,0.7105490227316914,"[1 1 1 1 0 1 1 1 0 1 1 0 0 1 1 0 0 1 0 1 1 0 1 0 0 1 0 0 0 0 0 1 0 0 0 1 0 1 0 0]"
22,0.7105490227316914,"[1 1 1 1 0 1 1 1 0 1 1 0 0 1 1 0 0 1 0 1 1 0 1 0 0 1 0 0 0 0 0 1 0 0 0 1 0 1 0 0]"
22,0.7105490227316914,"[1 1 1 1 0 1 1 1 0 1 1 0 0 1 1 0 0 1 0 1 1 0 1 0 0 1 0 0 0 0 0 1 0 0 0 1 0 1 0 0]"
22,0.7105490227316914,"[1 1 1 1 0 1 1 1 0 1 1 0 0 1 1 0 0 1 0 1 1 0 1 0 0 1 0 0 0 0 0 1 0 0 0 1 0 1 0 0]"
22,0.7105490227316914,"[1 1 1 1 0 1 1 1 0 1 1 0 0 1 1 0 0 1 0 1 1 0 1 0 0 1 0 0 0 0 0 1 0 0 0 1 0 1 0 0]"
22,0.7105490227316914,"[1 1 1 1 0 1 1 1 0 1 1 0 0 1 1 0 0 1 0 1 1 0 1 0 0 1 0 0 0 0 0 1 0 0 0 1 0 1 0 0]"
22,0.7105490227316914,"[1 1 1 1 0 1 1 1 0 1 1 0 0 1 1 0 0 1 0 1 1 0 1 0 0 1 0 0 0 0 0 1 0 0 0 1 0 1 0 0]"
22,0.7105490227316914,"[1 1 1 1 0 1 1 1 0 1 1 0 0 1 1 0 0 1 0 1 1 0 1 0 0 1 0 0 0 0 0 1 0 0 0 1 0 1 0 0]"
22,0.7105490227316914,"[1 1 1 1 0 1 1 1 0 1 1 0 0 1 1 0 0 1 0 1 1 0 1 0 0 1 0 0 0 0 0 1 0 0 0 1 0 1 0 0]"
22,0.7105490227316914,"[1 1 1 1 0 1 1 1 0 1 1 0 0 1 1 0 0 1 0 1 1 0 1 0 0 1 0 0 0 0 0 1 0 0 0 1 0 1 0 0]"
22,0.7105490227316914,"[1 1 1 1 0 1 1 1 0 1 1 0 0 1 1 0 0 1 0 1 1 0 1 0 0 1 0 0 0 0 0 1 0 0 0 1 0 1 0 0]"
22,0.7105490227316914,"[1 1 1 1 0 1 1 1 0 1 1 0 0 1 1 0 0 1 0 1 1 0 1 0 0 1 0 0 0 0 0 1 0 0 0 1 0 1 0 0]"
22,0.7105490227316914,"[1 1 1 1 0 1 1 1 0 1 1 0 0 1 1 0 0 1 0 1 1 0 1 0 0 1 0 0 0 0 0 1 0 0 0 1 0 1 0 0]"
22,0.7105490227316914,"[1 1 1 1 0 1 1 1 0 1 1 0 0 1 1 0 0 1 0 1 1 0 1 0 0 1 0 0 0 0 0 1 0 0 0 1 0 1 0 0]"
22,0.7105490227316914,"[1 1 1 1 0 1 1 1 0 1 1 0 0 1 1 0 0 1 0 1 1 0 1 0 0 1 0 0 0 0 0 1 0 0 0 1 0 1 0 0]"
22,0.7105490227316914,"[1 1 1 1 0 1 1 1 0 1 1 0 0 1 1 0 0 1 0 1 1 0 1 0 0 1 0 0 0 0 0 1 0 0 0 1 0 1 0 0]"
22,0.7105490227316914,"[1 1 1 1 0 1 1 1 0 1 1 0 0 1 1 0 0 1 0 1 1 0 1 0 0 1 0 0 0 0 0 1 0 0 0 1 0 1 0 0]"
22,0.7105490227316914,"[1 1 1 1 0 1 1 1 0 1 1 0 0 1 1 0 0 1 0 1 1 0 1 0 0 1 0 0 0 0 0 1 0 0 0 1 0 1 0 0]"
22,0.7105490227316914,"[1 1 1 1 0 1 1 1 0 1 1 0 0 1 1 0 0 1 0 1 1 0 1 0 0 1 0 0 0 0 0 1 0 0 0 1 0 1 0 0]"
22,0.7105490227316914,"[1 1 1 1 0 1 1 1 0 1 1 0 0 1 1 0 0 1 0 1 1 0 1 0 0 1 0 0 0 0 0 1 0 0 0 1 0 1 0 0]"
22,0.7105490227316914,"[1 1 1 1 0 1 1 1 0 1 1 0 0 1 1 0 0 1 0 1 1 0 1 0 0 1 0 0 0 0 0 1 0 0 0 1 0 1 0 0]"
22,0.7105490227316914,"[1 1 1 1 0 1 1 1 0 1 1 0 0 1 1 0 0 1 0 1 1 0 1 0 0 1 0 0 0 0 0 1 0 0 0 1 0 1 0 0]"
22,0.7105490227316914,"[1 1 1 1 0 1 1 1 0 1 1 0 0 1 1 0 0 1 0 1 1 0 1 0 0 1 0 0 0 0 0 1 0 0 0 1 0 1 0 0]"
22,0.7105490227316914,"[1 1 1 1 0 1 1 1 0 1 1 0 0 1 1 0 0 1 0 1 1 0 1 0 0 1 0 0 0 0 0 1 0 0 0 1 0 1 0 0]"
22,0.7105490227316914,"[1 1 1 1 0 1 1 1 0 1 1 0 0 1 1 0 0 1 0 1 1 0 1 0 0 1 0 0 0 0 0 1 0 0 0 1 0 1 0 0]"
22,0.7105490227316914,"[1 1 1 1 0 1 1 1 0 1 1 0 0 1 1 0 0 1 0 1 1 0 1 0 0 1 0 0 0 0 0 1 0 0 0 1 0 1 0 0]"
22,0.7105490227316914,"[1 1 1 1 0 1 1 1 0 1 1 0 0 1 1 0 0 1 0 1 1 0 1 0 0 1 0 0 0 0 0 1 0 0 0 1 0 1 0 0]"
22,0.7105490227316914,"[1 1 1 1 0 1 1 1 0 1 1 0 0 1 1 0 0 1 0 1 1 0 1 0 0 1 0 0 0 0 0 1 0 0 0 1 0 1 0 0]"
22,0.7105490227316914,"[1 1 1 1 0 1 1 1 0 1 1 0 0 1 1 0 0 1 0 1 1 0 1 0 0 1 0 0 0 0 0 1 0 0 0 1 0 1 0 0]"
22,0.7105490227316914,"[1 1 1 1 0 1 1 1 0 1 1 0 0 1 1 0 0 1 0 1 1 0 1 0 0 1 0 0 0 0 0 1 0 0 0 1 0 1 0 0]"
22,0.7105490227316914,"[1 1 1 1 0 1 1 1 0 1 1 0 0 1 1 0 0 1 0 1 1 0 1 0 0 1 0 0 0 0 0 1 0 0 0 1 0 1 0 0]"
22,0.7105490227316914,"[1 1 1 1 0 1 1 1 0 1 1 0 0 1 1 0 0 1 0 1 1 0 1 0 0 1 0 0 0 0 0 1 0 0 0 1 0 1 0 0]"
22,0.7105490227316914,"[1 1 1 1 0 1 1 1 0 1 1 0 0 1 1 0 0 1 0 1 1 0 1 0 0 1 0 0 0 0 0 1 0 0 0 1 0 1 0 0]"
22,0.7105490227316914,"[1 1 1 1 0 1 1 1 0 1 1 0 0 1 1 0 0 1 0 1 1 0 1 0 0 1 0 0 0 0 0 1 0 0 0 1 0 1 0 0]"
22,0.7105490227316914,"[1 1 1 1 0 1 1 1 0 1 1 0 0 1 1 0 0 1 0 1 1 0 1 0 0 1 0 0 0 0 0 1 0 0 0 1 0 1 0 0]"
22,0.7105490227316914,"[1 1 1 1 0 1 1 1 0 1 1 0 0 1 1 0 0 1 0 1 1 0 1 0 0 1 0 0 0 0 0 1 0 0 0 1 0 1 0 0]"
22,0.7105490227316914,"[1 1 1 1 0 1 1 1 0 1 1 0 0 1 1 0 0 1 0 1 1 0 1 0 0 1 0 0 0 0 0 1 0 0 0 1 0 1 0 0]"
23,0.7105490227316914,"[1 1 1 1 0 1 1 1 0 1 1 0 0 1 1 0 0 1 0 1 1 0 1 0 0 1 0 0 0 0 0 1 0 0 0 1 0 1 0 0]"
23,0.7105490227316914,"[1 1 1 1 0 1 1 1 0 1 1 0 0 1 1 0 0 1 0 1 1 0 1 0 0 1 0 0 0 0 0 1 0 0 0 1 0 1 0 0]"
23,0.7105490227316914,"[1 1 1 1 0 1 1 1 0 1 1 0 0 1 1 0 0 1 0 1 1 0 1 0 0 1 0 0 0 0 0 1 0 0 0 1 0 1 0 0]"
23,0.7105490227316914,"[1 1 1 1 0 1 1 1 0 1 1 0 0 1 1 0 0 1 0 1 1 0 1 0 0 1 0 0 0 0 0 1 0 0 0 1 0 1 0 0]"
23,0.7105490227316914,"[1 1 1 1 0 1 1 1 0 1 1 0 0 1 1 0 0 1 0 1 1 0 1 0 0 1 0 0 0 0 0 1 0 0 0 1 0 1 0 0]"
23,0.7105490227316914,"[1 1 1 1 0 1 1 1 0 1 1 0 0 1 1 0 0 1 0 1 1 0 1 0 0 1 0 0 0 0 0 1 0 0 0 1 0 1 0 0]"
23,0.7105490227316914,"[1 1 1 1 0 1 1 1 0 1 1 0 0 1 1 0 0 1 0 1 1 0 1 0 0 1 0 0 0 0 0 1 0 0 0 1 0 1 0 0]"
23,0.7105490227316914,"[1 1 1 1 0 1 1 1 0 1 1 0 0 1 1 0 0 1 0 1 1 0 1 0 0 1 0 0 0 0 0 1 0 0 0 1 0 1 0 0]"
23,0.7105490227316914,"[1 1 1 1 0 1 1 1 0 1 1 0 0 1 1 0 0 1 0 1 1 0 1 0 0 1 0 0 0 0 0 1 0 0 0 1 0 1 0 0]"
23,0.7105490227316914,"[1 1 1 1 0 1 1 1 0 1 1 0 0 1 1 0 0 1 0 1 1 0 1 0 0 1 0 0 0 0 0 1 0 0 0 1 0 1 0 0]"
23,0.7105490227316914,"[1 1 1 1 0 1 1 1 0 1 1 0 0 1 1 0 0 1 0 1 1 0 1 0 0 1 0 0 0 0 0 1 0 0 0 1 0 1 0 0]"
23,0.7105490227316914,"[1 1 1 1 0 1 1 1 0 1 1 0 0 1 1 0 0 1 0 1 1 0 1 0 0 1 0 0 0 0 0 1 0 0 0 1 0 1 0 0]"
23,0.7105490227316914,"[1 1 1 1 0 1 1 1 0 1 1 0 0 1 1 0 0 1 0 1 1 0 1 0 0 1 0 0 0 0 0 1 0 0 0 1 0 1 0 0]"
23,0.7105490227316914,"[1 1 1 1 0 1 1 1 0 1 1 0 0 1 1 0 0 1 0 1 1 0 1 0 0 1 0 0 0 0 0 1 0 0 0 1 0 1 0 0]"
23,0.7105490227316914,"[1 1 1 1 0 1 1 1 0 1 1 0 0 1 1 0 0 1 0 1 1 0 1 0 0 1 0 0 0 0 0 1 0 0 0 1 0 1 0 0]"
23,0.7105490227316914,"[1 1 1 1 0 1 1 1 0 1 1 0 0 1 1 0 0 1 0 1 1 0 1 0 0 1 0 0 0 0 0 1 0 0 0 1 0 1 0 0]"
23,0.7105490227316914,"[1 1 1 1 0 1 1 1 0 1 1 0 0 1 1 0 0 1 0 1 1 0 1 0 0 1 0 0 0 0 0 1 0 0 0 1 0 1 0 0]"
23,0.7105490227316914,"[1 1 1 1 0 1 1 1 0 1 1 0 0 1 1 0 0 1 0 1 1 0 1 0 0 1 0 0 0 0 0 1 0 0 0 1 0 1 0 0]"
23,0.7105490227316914,"[1 1 1 1 0 1 1 1 0 1 1 0 0 1 1 0 0 1 0 1 1 0 1 0 0 1 0 0 0 0 0 1 0 0 0 1 0 1 0 0]"
23,0.7105490227316914,"[1 1 1 1 0 1 1 1 0 1 1 0 0 1 1 0 0 1 0 1 1 0 1 0 0 1 0 0 0 0 0 1 0 0 0 1 0 1 0 0]"
23,0.7105490227316914,"[1 1 1 1 0 1 1 1 0 1 1 0 0 1 1 0 0 1 0 1 1 0 1 0 0 1 0 0 0 0 0 1 0 0 0 1 0 1 0 0]"
23,0.7105490227316914,"[1 1 1 1 0 1 1 1 0 1 1 0 0 1 1 0 0 1 0 1 1 0 1 0 0 1 0 0 0 0 0 1 0 0 0 1 0 1 0 0]"
23,0.7105490227316914,"[1 1 1 1 0 1 1 1 0 1 1 0 0 1 1 0 0 1 0 1 1 0 1 0 0 1 0 0 0 0 0 1 0 0 0 1 0 1 0 0]"
23,0.7105490227316914,"[1 1 1 1 0 1 1 1 0 1 1 0 0 1 1 0 0 1 0 1 1 0 1 0 0 1 0 0 0 0 0 1 0 0 0 1 0 1 0 0]"
23,0.7105490227316914,"[1 1 1 1 0 1 1 1 0 1 1 0 0 1 1 0 0 1 0 1 1 0 1 0 0 1 0 0 0 0 0 1 0 0 0 1 0 1 0 0]"
23,0.7105490227316914,"[1 1 1 1 0 1 1 1 0 1 1 0 0 1 1 0 0 1 0 1 1 0 1 0 0 1 0 0 0 0 0 1 0 0 0 1 0 1 0 0]"
23,0.7105490227316914,"[1 1 1 1 0 1 1 1 0 1 1 0 0 1 1 0 0 1 0 1 1 0 1 0 0 1 0 0 0 0 0 1 0 0 0 1 0 1 0 0]"
23,0.7105490227316914,"[1 1 1 1 0 1 1 1 0 1 1 0 0 1 1 0 0 1 0 1 1 0 1 0 0 1 0 0 0 0 0 1 0 0 0 1 0 1 0 0]"
23,0.7105490227316914,"[1 1 1 1 0 1 1 1 0 1 1 0 0 1 1 0 0 1 0 1 1 0 1 0 0 1 0 0 0 0 0 1 0 0 0 1 0 1 0 0]"
23,0.7105490227316914,"[1 1 1 1 0 1 1 1 0 1 1 0 0 1 1 0 0 1 0 1 1 0 1 0 0 1 0 0 0 0 0 1 0 0 0 1 0 1 0 0]"
23,0.7105490227316914,"[1 1 1 1 0 1 1 1 0 1 1 0 0 1 1 0 0 1 0 1 1 0 1 0 0 1 0 0 0 0 0 1 0 0 0 1 0 1 0 0]"
23,0.7105490227316914,"[1 1 1 1 0 1 1 1 0 1 1 0 0 1 1 0 0 1 0 1 1 0 1 0 0 1 0 0 0 0 0 1 0 0 0 1 0 1 0 0]"
23,0.7105490227316914,"[1 1 1 1 0 1 1 1 0 1 1 0 0 1 1 0 0 1 0 1 1 0 1 0 0 1 0 0 0 0 0 1 0 0 0 1 0 1 0 0]"
23,0.7105490227316914,"[1 1 1 1 0 1 1 1 0 1 1 0 0 1 1 0 0 1 0 1 1 0 1 0 0 1 0 0 0 0 0 1 0 0 0 1 0 1 0 0]"
23,0.7105490227316914,"[1 1 1 1 0 1 1 1 0 1 1 0 0 1 1 0 0 1 0 1 1 0 1 0 0 1 0 0 0 0 0 1 0 0 0 1 0 1 0 0]"
23,0.7105490227316914,"[1 1 1 1 0 1 1 1 0 1 1 0 0 1 1 0 0 1 0 1 1 0 1 0 0 1 0 0 0 0 0 1 0 0 0 1 0 1 0 0]"
23,0.7105490227316914,"[1 1 1 1 0 1 1 1 0 1 1 0 0 1 1 0 0 1 0 1 1 0 1 0 0 1 0 0 0 0 0 1 0 0 0 1 0 1 0 0]"
23,0.7105490227316914,"[1 1 1 1 0 1 1 1 0 1 1 0 0 1 1 0 0 1 0 1 1 0 1 0 0 1 0 0 0 0 0 1 0 0 0 1 0 1 0 0]"
23,0.7105490227316914,"[1 1 1 1 0 1 1 1 0 1 1 0 0 1 1 0 0 1 0 1 1 0 1 0 0 1 0 0 0 0 0 1 0 0 0 1 0 1 0 0]"
23,0.7105490227316914,"[1 1 1 1 0 1 1 1 0 1 1 0 0 1 1 0 0 1 0 1 1 0 1 0 0 1 0 0 0 0 0 1 0 0 0 1 0 1 0 0]"
23,0.7105490227316914,"[1 1 1 1 0 1 1 1 0 1 1 0 0 1 1 0 0 1 0 1 1 0 1 0 0 1 0 0 0 0 0 1 0 0 0 1 0 1 0 0]"
23,0.7105490227316914,"[1 1 1 1 0 1 1 1 0 1 1 0 0 1 1 0 0 1 0 1 1 0 1 0 0 1 0 0 0 0 0 1 0 0 0 1 0 1 0 0]"
23,0.7105490227316914,"[1 1 1 1 0 1 1 1 0 1 1 0 0 1 1 0 0 1 0 1 1 0 1 0 0 1 0 0 0 0 0 1 0 0 0 1 0 1 0 0]"
23,0.7105490227316914,"[1 1 1 1 0 1 1 1 0 1 1 0 0 1 1 0 0 1 0 1 1 0 1 0 0 1 0 0 0 0 0 1 0 0 0 1 0 1 0 0]"
23,0.7105490227316914,"[1 1 1 1 0 1 1 1 0 1 1 0 0 1 1 0 0 1 0 1 1 0 1 0 0 1 0 0 0 0 0 1 0 0 0 1 0 1 0 0]"
23,0.7105490227316914,"[1 1 1 1 0 1 1 1 0 1 1 0 0 1 1 0 0 1 0 1 1 0 1 0 0 1 0 0 0 0 0 1 0 0 0 1 0 1 0 0]"
23,0.7105490227316914,"[1 1 1 1 0 1 1 1 0 1 1 0 0 1 1 0 0 1 0 1 1 0 1 0 0 1 0 0 0 0 0 1 0 0 0 1 0 1 0 0]"
23,0.7105490227316914,"[1 1 1 1 0 1 1 1 0 1 1 0 0 1 1 0 0 1 0 1 1 0 1 0 0 1 0 0 0 0 0 1 0 0 0 1 0 1 0 0]"
23,0.7105490227316914,"[1 1 1 1 0 1 1 1 0 1 1 0 0 1 1 0 0 1 0 1 1 0 1 0 0 1 0 0 0 0 0 1 0 0 0 1 0 1 0 0]"
23,0.7105490227316914,"[1 1 1 1 0 1 1 1 0 1 1 0 0 1 1 0 0 1 0 1 1 0 1 0 0 1 0 0 0 0 0 1 0 0 0 1 0 1 0 0]"
23,0.7105490227316914,"[1 1 1 1 0 1 1 1 0 1 1 0 0 1 1 0 0 1 0 1 1 0 1 0 0 1 0 0 0 0 0 1 0 0 0 1 0 1 0 0]"
23,0.7105490227316914,"[1 1 1 1 0 1 1 1 0 1 1 0 0 1 1 0 0 1 0 1 1 0 1 0 0 1 0 0 0 0 0 1 0 0 0 1 0 1 0 0]"
23,0.7105490227316914,"[1 1 1 1 0 1 1 1 0 1 1 0 0 1 1 0 0 1 0 1 1 0 1 0 0 1 0 0 0 0 0 1 0 0 0 1 0 1 0 0]"
23,0.7105490227316914,"[1 1 1 1 0 1 1 1 0 1 1 0 0 1 1 0 0 1 0 1 1 0 1 0 0 1 0 0 0 0 0 1 0 0 0 1 0 1 0 0]"
23,0.7105490227316914,"[1 1 1 1 0 1 1 1 0 1 1 0 0 1 1 0 0 1 0 1 1 0 1 0 0 1 0 0 0 0 0 1 0 0 0 1 0 1 0 0]"
23,0.7105490227316914,"[1 1 1 1 0 1 1 1 0 1 1 0 0 1 1 0 0 1 0 1 1 0 1 0 0 1 0 0 0 0 0 1 0 0 0 1 0 1 0 0]"
23,0.7105490227316914,"[1 1 1 1 0 1 1 1 0 1 1 0 0 1 1 0 0 1 0 1 1 0 1 0 0 1 0 0 0 0 0 1 0 0 0 1 0 1 0 0]"
23,0.7105490227316914,"[1 1 1 1 0 1 1 1 0 1 1 0 0 1 1 0 0 1 0 1 1 0 1 0 0 1 0 0 0 0 0 1 0 0 0 1 0 1 0 0]"
23,0.7105490227316914,"[1 1 1 1 0 1 1 1 0 1 1 0 0 1 1 0 0 1 0 1 1 0 1 0 0 1 0 0 0 0 0 1 0 0 0 1 0 1 0 0]"
23,0.7105490227316914,"[1 1 1 1 0 1 1 1 0 1 1 0 0 1 1 0 0 1 0 1 1 0 1 0 0 1 0 0 0 0 0 1 0 0 0 1 0 1 0 0]"
23,0.7105490227316914,"[1 1 1 1 0 1 1 1 0 1 1 0 0 1 1 0 0 1 0 1 1 0 1 0 0 1 0 0 0 0 0 1 0 0 0 1 0 1 0 0]"
23,0.7105490227316914,"[1 1 1 1 0 1 1 1 0 1 1 0 0 1 1 0 0 1 0 1 1 0 1 0 0 1 0 0 0 0 0 1 0 0 0 1 0 1 0 0]"
23,0.7105490227316914,"[1 1 1 1 0 1 1 1 0 1 1 0 0 1 1 0 0 1 0 1 1 0 1 0 0 1 0 0 0 0 0 1 0 0 0 1 0 1 0 0]"
23,0.7105490227316914,"[1 1 1 1 0 1 1 1 0 1 1 0 0 1 1 0 0 1 0 1 1 0 1 0 0 1 0 0 0 0 0 1 0 0 0 1 0 1 0 0]"
23,0.7105490227316914,"[1 1 1 1 0 1 1 1 0 1 1 0 0 1 1 0 0 1 0 1 1 0 1 0 0 1 0 0 0 0 0 1 0 0 0 1 0 1 0 0]"
23,0.7105490227316914,"[1 1 1 1 0 1 1 1 0 1 1 0 0 1 1 0 0 1 0 1 1 0 1 0 0 1 0 0 0 0 0 1 0 0 0 1 0 1 0 0]"
23,0.7105490227316914,"[1 1 1 1 0 1 1 1 0 1 1 0 0 1 1 0 0 1 0 1 1 0 1 0 0 1 0 0 0 0 0 1 0 0 0 1 0 1 0 0]"
23,0.7105490227316914,"[1 1 1 1 0 1 1 1 0 1 1 0 0 1 1 0 0 1 0 1 1 0 1 0 0 1 0 0 0 0 0 1 0 0 0 1 0 1 0 0]"
23,0.7105490227316914,"[1 1 1 1 0 1 1 1 0 1 1 0 0 1 1 0 0 1 0 1 1 0 1 0 0 1 0 0 0 0 0 1 0 0 0 1 0 1 0 0]"
23,0.7105490227316914,"[1 1 1 1 0 1 1 1 0 1 1 0 0 1 1 0 0 1 0 1 1 0 1 0 0 1 0 0 0 0 0 1 0 0 0 1 0 1 0 0]"
23,0.7105490227316914,"[1 1 1 1 0 1 1 1 0 1 1 0 0 1 1 0 0 1 0 1 1 0 1 0 0 1 0 0 0 0 0 1 0 0 0 1 0 1 0 0]"
23,0.7105490227316914,"[1 1 1 1 0 1 1 1 0 1 1 0 0 1 1 0 0 1 0 1 1 0 1 0 0 1 0 0 0 0 0 1 0 0 0 1 0 1 0 0]"
23,0.7105490227316914,"[1 1 1 1 0 1 1 1 0 1 1 0 0 1 1 0 0 1 0 1 1 0 1 0 0 1 0 0 0 0 0 1 0 0 0 1 0 1 0 0]"
23,0.7105490227316914,"[1 1 1 1 0 1 1 1 0 1 1 0 0 1 1 0 0 1 0 1 1 0 1 0 0 1 0 0 0 0 0 1 0 0 0 1 0 1 0 0]"
23,0.7105490227316914,"[1 1 1 1 0 1 1 1 0 1 1 0 0 1 1 0 0 1 0 1 1 0 1 0 0 1 0 0 0 0 0 1 0 0 0 1 0 1 0 0]"
23,0.7105490227316914,"[1 1 1 1 0 1 1 1 0 1 1 0 0 1 1 0 0 1 0 1 1 0 1 0 0 1 0 0 0 0 0 1 0 0 0 1 0 1 0 0]"
23,0.7105490227316914,"[1 1 1 1 0 1 1 1 0 1 1 0 0 1 1 0 0 1 0 1 1 0 1 0 0 1 0 0 0 0 0 1 0 0 0 1 0 1 0 0]"
23,0.7105490227316914,"[1 1 1 1 0 1 1 1 0 1 1 0 0 1 1 0 0 1 0 1 1 0 1 0 0 1 0 0 0 0 0 1 0 0 0 1 0 1 0 0]"
23,0.7105490227316914,"[1 1 1 1 0 1 1 1 0 1 1 0 0 1 1 0 0 1 0 1 1 0 1 0 0 1 0 0 0 0 0 1 0 0 0 1 0 1 0 0]"
23,0.7105490227316914,"[1 1 1 1 0 1 1 1 0 1 1 0 0 1 1 0 0 1 0 1 1 0 1 0 0 1 0 0 0 0 0 1 0 0 0 1 0 1 0 0]"
23,0.7105490227316914,"[1 1 1 1 0 1 1 1 0 1 1 0 0 1 1 0 0 1 0 1 1 0 1 0 0 1 0 0 0 0 0 1 0 0 0 1 0 1 0 0]"
23,0.7105490227316914,"[1 1 1 1 0 1 1 1 0 1 1 0 0 1 1 0 0 1 0 1 1 0 1 0 0 1 0 0 0 0 0 1 0 0 0 1 0 1 0 0]"
23,0.7105490227316914,"[1 1 1 1 0 1 1 1 0 1 1 0 0 1 1 0 0 1 0 1 1 0 1 0 0 1 0 0 0 0 0 1 0 0 0 1 0 1 0 0]"
23,0.7105490227316914,"[1 1 1 1 0 1 1 1 0 1 1 0 0 1 1 0 0 1 0 1 1 0 1 0 0 1 0 0 0 0 0 1 0 0 0 1 0 1 0 0]"
23,0.7105490227316914,"[1 1 1 1 0 1 1 1 0 1 1 0 0 1 1 0 0 1 0 1 1 0 1 0 0 1 0 0 0 0 0 1 0 0 0 1 0 1 0 0]"
23,0.7105490227316914,"[1 1 1 1 0 1 1 1 0 1 1 0 0 1 1 0 0 1 0 1 1 0 1 0 0 1 0 0 0 0 0 1 0 0 0 1 0 1 0 0]"
23,0.7105490227316914,"[1 1 1 1 0 1 1 1 0 1 1 0 0 1 1 0 0 1 0 1 1 0 1 0 0 1 0 0 0 0 0 1 0 0 0 1 0 1 0 0]"
23,0.7105490227316914,"[1 1 1 1 0 1 1 1 0 1 1 0 0 1 1 0 0 1 0 1 1 0 1 0 0 1 0 0 0 0 0 1 0 0 0 1 0 1 0 0]"
23,0.7105490227316914,"[1 1 1 1 0 1 1 1 0 1 1 0 0 1 1 0 0 1 0 1 1 0 1 0 0 1 0 0 0 0 0 1 0 0 0 1 0 1 0 0]"
23,0.7105490227316914,"[1 1 1 1 0 1 1 1 0 1 1 0 0 1 1 0 0 1 0 1 1 0 1 0 0 1 0 0 0 0 0 1 0 0 0 1 0 1 0 0]"
23,0.7105490227316914,"[1 1 1 1 0 1 1 1 0 1 1 0 0 1 1 0 0 1 0 1 1 0 1 0 0 1 0 0 0 0 0 1 0 0 0 1 0 1 0 0]"
23,0.7105490227316914,"[1 1 1 1 0 1 1 1 0 1 1 0 0 1 1 0 0 1 0 1 1 0 1 0 0 1 0 0 0 0 0 1 0 0 0 1 0 1 0 0]"
23,0.7105490227316914,"[1 1 1 1 0 1 1 1 0 1 1 0 0 1 1 0 0 1 0 1 1 0 1 0 0 1 0 0 0 0 0 1 0 0 0 1 0 1 0 0]"
23,0.7105490227316914,"[1 1 1 1 0 1 1 1 0 1 1 0 0 1 1 0 0 1 0 1 1 0 1 0 0 1 0 0 0 0 0 1 0 0 0 1 0 1 0 0]"
23,0.7105490227316914,"[1 1 1 1 0 1 1 1 0 1 1 0 0 1 1 0 0 1 0 1 1 0 1 0 0 1 0 0 0 0 0 1 0 0 0 1 0 1 0 0]"
23,0.7105490227316914,"[1 1 1 1 0 1 1 1 0 1 1 0 0 1 1 0 0 1 0 1 1 0 1 0 0 1 0 0 0 0 0 1 0 0 0 1 0 1 0 0]"
23,0.7105490227316914,"[1 1 1 1 0 1 1 1 0 1 1 0 0 1 1 0 0 1 0 1 1 0 1 0 0 1 0 0 0 0 0 1 0 0 0 1 0 1 0 0]"
23,0.7105490227316914,"[1 1 1 1 0 1 1 1 0 1 1 0 0 1 1 0 0 1 0 1 1 0 1 0 0 1 0 0 0 0 0 1 0 0 0 1 0 1 0 0]"
23,0.7105490227316914,"[1 1 1 1 0 1 1 1 0 1 1 0 0 1 1 0 0 1 0 1 1 0 1 0 0 1 0 0 0 0 0 1 0 0 0 1 0 1 0 0]"
23,0.7105490227316914,"[1 1 1 1 0 1 1 1 0 1 1 0 0 1 1 0 0 1 0 1 1 0 1 0 0 1 0 0 0 0 0 1 0 0 0 1 0 1 0 0]"
24,0.7105490227316914,"[1 1 1 1 0 1 1 1 0 1 1 0 0 1 1 0 0 1 0 1 1 0 1 0 0 1 0 0 0 0 0 1 0 0 0 1 0 1 0 0]"
24,0.7105490227316914,"[1 1 1 1 0 1 1 1 0 1 1 0 0 1 1 0 0 1 0 1 1 0 1 0 0 1 0 0 0 0 0 1 0 0 0 1 0 1 0 0]"
24,0.7105490227316914,"[1 1 1 1 0 1 1 1 0 1 1 0 0 1 1 0 0 1 0 1 1 0 1 0 0 1 0 0 0 0 0 1 0 0 0 1 0 1 0 0]"
24,0.7105490227316914,"[1 1 1 1 0 1 1 1 0 1 1 0 0 1 1 0 0 1 0 1 1 0 1 0 0 1 0 0 0 0 0 1 0 0 0 1 0 1 0 0]"
24,0.7105490227316914,"[1 1 1 1 0 1 1 1 0 1 1 0 0 1 1 0 0 1 0 1 1 0 1 0 0 1 0 0 0 0 0 1 0 0 0 1 0 1 0 0]"
24,0.7105490227316914,"[1 1 1 1 0 1 1 1 0 1 1 0 0 1 1 0 0 1 0 1 1 0 1 0 0 1 0 0 0 0 0 1 0 0 0 1 0 1 0 0]"
24,0.7105490227316914,"[1 1 1 1 0 1 1 1 0 1 1 0 0 1 1 0 0 1 0 1 1 0 1 0 0 1 0 0 0 0 0 1 0 0 0 1 0 1 0 0]"
24,0.7105490227316914,"[1 1 1 1 0 1 1 1 0 1 1 0 0 1 1 0 0 1 0 1 1 0 1 0 0 1 0 0 0 0 0 1 0 0 0 1 0 1 0 0]"
24,0.7105490227316914,"[1 1 1 1 0 1 1 1 0 1 1 0 0 1 1 0 0 1 0 1 1 0 1 0 0 1 0 0 0 0 0 1 0 0 0 1 0 1 0 0]"
24,0.7105490227316914,"[1 1 1 1 0 1 1 1 0 1 1 0 0 1 1 0 0 1 0 1 1 0 1 0 0 1 0 0 0 0 0 1 0 0 0 1 0 1 0 0]"
24,0.7105490227316914,"[1 1 1 1 0 1 1 1 0 1 1 0 0 1 1 0 0 1 0 1 1 0 1 0 0 1 0 0 0 0 0 1 0 0 0 1 0 1 0 0]"
24,0.7105490227316914,"[1 1 1 1 0 1 1 1 0 1 1 0 0 1 1 0 0 1 0 1 1 0 1 0 0 1 0 0 0 0 0 1 0 0 0 1 0 1 0 0]"
24,0.7105490227316914,"[1 1 1 1 0 1 1 1 0 1 1 0 0 1 1 0 0 1 0 1 1 0 1 0 0 1 0 0 0 0 0 1 0 0 0 1 0 1 0 0]"
24,0.7105490227316914,"[1 1 1 1 0 1 1 1 0 1 1 0 0 1 1 0 0 1 0 1 1 0 1 0 0 1 0 0 0 0 0 1 0 0 0 1 0 1 0 0]"
24,0.7105490227316914,"[1 1 1 1 0 1 1 1 0 1 1 0 0 1 1 0 0 1 0 1 1 0 1 0 0 1 0 0 0 0 0 1 0 0 0 1 0 1 0 0]"
24,0.7105490227316914,"[1 1 1 1 0 1 1 1 0 1 1 0 0 1 1 0 0 1 0 1 1 0 1 0 0 1 0 0 0 0 0 1 0 0 0 1 0 1 0 0]"
24,0.7105490227316914,"[1 1 1 1 0 1 1 1 0 1 1 0 0 1 1 0 0 1 0 1 1 0 1 0 0 1 0 0 0 0 0 1 0 0 0 1 0 1 0 0]"
24,0.7105490227316914,"[1 1 1 1 0 1 1 1 0 1 1 0 0 1 1 0 0 1 0 1 1 0 1 0 0 1 0 0 0 0 0 1 0 0 0 1 0 1 0 0]"
24,0.7105490227316914,"[1 1 1 1 0 1 1 1 0 1 1 0 0 1 1 0 0 1 0 1 1 0 1 0 0 1 0 0 0 0 0 1 0 0 0 1 0 1 0 0]"
24,0.7105490227316914,"[1 1 1 1 0 1 1 1 0 1 1 0 0 1 1 0 0 1 0 1 1 0 1 0 0 1 0 0 0 0 0 1 0 0 0 1 0 1 0 0]"
24,0.7105490227316914,"[1 1 1 1 0 1 1 1 0 1 1 0 0 1 1 0 0 1 0 1 1 0 1 0 0 1 0 0 0 0 0 1 0 0 0 1 0 1 0 0]"
24,0.7105490227316914,"[1 1 1 1 0 1 1 1 0 1 1 0 0 1 1 0 0 1 0 1 1 0 1 0 0 1 0 0 0 0 0 1 0 0 0 1 0 1 0 0]"
24,0.7105490227316914,"[1 1 1 1 0 1 1 1 0 1 1 0 0 1 1 0 0 1 0 1 1 0 1 0 0 1 0 0 0 0 0 1 0 0 0 1 0 1 0 0]"
24,0.7105490227316914,"[1 1 1 1 0 1 1 1 0 1 1 0 0 1 1 0 0 1 0 1 1 0 1 0 0 1 0 0 0 0 0 1 0 0 0 1 0 1 0 0]"
24,0.7105490227316914,"[1 1 1 1 0 1 1 1 0 1 1 0 0 1 1 0 0 1 0 1 1 0 1 0 0 1 0 0 0 0 0 1 0 0 0 1 0 1 0 0]"
24,0.7105490227316914,"[1 1 1 1 0 1 1 1 0 1 1 0 0 1 1 0 0 1 0 1 1 0 1 0 0 1 0 0 0 0 0 1 0 0 0 1 0 1 0 0]"
24,0.7105490227316914,"[1 1 1 1 0 1 1 1 0 1 1 0 0 1 1 0 0 1 0 1 1 0 1 0 0 1 0 0 0 0 0 1 0 0 0 1 0 1 0 0]"
24,0.7105490227316914,"[1 1 1 1 0 1 1 1 0 1 1 0 0 1 1 0 0 1 0 1 1 0 1 0 0 1 0 0 0 0 0 1 0 0 0 1 0 1 0 0]"
24,0.7105490227316914,"[1 1 1 1 0 1 1 1 0 1 1 0 0 1 1 0 0 1 0 1 1 0 1 0 0 1 0 0 0 0 0 1 0 0 0 1 0 1 0 0]"
24,0.7105490227316914,"[1 1 1 1 0 1 1 1 0 1 1 0 0 1 1 0 0 1 0 1 1 0 1 0 0 1 0 0 0 0 0 1 0 0 0 1 0 1 0 0]"
24,0.7105490227316914,"[1 1 1 1 0 1 1 1 0 1 1 0 0 1 1 0 0 1 0 1 1 0 1 0 0 1 0 0 0 0 0 1 0 0 0 1 0 1 0 0]"
24,0.7105490227316914,"[1 1 1 1 0 1 1 1 0 1 1 0 0 1 1 0 0 1 0 1 1 0 1 0 0 1 0 0 0 0 0 1 0 0 0 1 0 1 0 0]"
24,0.7105490227316914,"[1 1 1 1 0 1 1 1 0 1 1 0 0 1 1 0 0 1 0 1 1 0 1 0 0 1 0 0 0 0 0 1 0 0 0 1 0 1 0 0]"
24,0.7105490227316914,"[1 1 1 1 0 1 1 1 0 1 1 0 0 1 1 0 0 1 0 1 1 0 1 0 0 1 0 0 0 0 0 1 0 0 0 1 0 1 0 0]"
24,0.7105490227316914,"[1 1 1 1 0 1 1 1 0 1 1 0 0 1 1 0 0 1 0 1 1 0 1 0 0 1 0 0 0 0 0 1 0 0 0 1 0 1 0 0]"
24,0.7105490227316914,"[1 1 1 1 0 1 1 1 0 1 1 0 0 1 1 0 0 1 0 1 1 0 1 0 0 1 0 0 0 0 0 1 0 0 0 1 0 1 0 0]"
24,0.7105490227316914,"[1 1 1 1 0 1 1 1 0 1 1 0 0 1 1 0 0 1 0 1 1 0 1 0 0 1 0 0 0 0 0 1 0 0 0 1 0 1 0 0]"
24,0.7105490227316914,"[1 1 1 1 0 1 1 1 0 1 1 0 0 1 1 0 0 1 0 1 1 0 1 0 0 1 0 0 0 0 0 1 0 0 0 1 0 1 0 0]"
24,0.7105490227316914,"[1 1 1 1 0 1 1 1 0 1 1 0 0 1 1 0 0 1 0 1 1 0 1 0 0 1 0 0 0 0 0 1 0 0 0 1 0 1 0 0]"
24,0.7105490227316914,"[1 1 1 1 0 1 1 1 0 1 1 0 0 1 1 0 0 1 0 1 1 0 1 0 0 1 0 0 0 0 0 1 0 0 0 1 0 1 0 0]"
24,0.7105490227316914,"[1 1 1 1 0 1 1 1 0 1 1 0 0 1 1 0 0 1 0 1 1 0 1 0 0 1 0 0 0 0 0 1 0 0 0 1 0 1 0 0]"
24,0.7105490227316914,"[1 1 1 1 0 1 1 1 0 1 1 0 0 1 1 0 0 1 0 1 1 0 1 0 0 1 0 0 0 0 0 1 0 0 0 1 0 1 0 0]"
24,0.7105490227316914,"[1 1 1 1 0 1 1 1 0 1 1 0 0 1 1 0 0 1 0 1 1 0 1 0 0 1 0 0 0 0 0 1 0 0 0 1 0 1 0 0]"
24,0.7105490227316914,"[1 1 1 1 0 1 1 1 0 1 1 0 0 1 1 0 0 1 0 1 1 0 1 0 0 1 0 0 0 0 0 1 0 0 0 1 0 1 0 0]"
24,0.7105490227316914,"[1 1 1 1 0 1 1 1 0 1 1 0 0 1 1 0 0 1 0 1 1 0 1 0 0 1 0 0 0 0 0 1 0 0 0 1 0 1 0 0]"
24,0.7105490227316914,"[1 1 1 1 0 1 1 1 0 1 1 0 0 1 1 0 0 1 0 1 1 0 1 0 0 1 0 0 0 0 0 1 0 0 0 1 0 1 0 0]"
24,0.7105490227316914,"[1 1 1 1 0 1 1 1 0 1 1 0 0 1 1 0 0 1 0 1 1 0 1 0 0 1 0 0 0 0 0 1 0 0 0 1 0 1 0 0]"
24,0.7105490227316914,"[1 1 1 1 0 1 1 1 0 1 1 0 0 1 1 0 0 1 0 1 1 0 1 0 0 1 0 0 0 0 0 1 0 0 0 1 0 1 0 0]"
24,0.7105490227316914,"[1 1 1 1 0 1 1 1 0 1 1 0 0 1 1 0 0 1 0 1 1 0 1 0 0 1 0 0 0 0 0 1 0 0 0 1 0 1 0 0]"
24,0.7105490227316914,"[1 1 1 1 0 1 1 1 0 1 1 0 0 1 1 0 0 1 0 1 1 0 1 0 0 1 0 0 0 0 0 1 0 0 0 1 0 1 0 0]"
24,0.7105490227316914,"[1 1 1 1 0 1 1 1 0 1 1 0 0 1 1 0 0 1 0 1 1 0 1 0 0 1 0 0 0 0 0 1 0 0 0 1 0 1 0 0]"
24,0.7105490227316914,"[1 1 1 1 0 1 1 1 0 1 1 0 0 1 1 0 0 1 0 1 1 0 1 0 0 1 0 0 0 0 0 1 0 0 0 1 0 1 0 0]"
24,0.7105490227316914,"[1 1 1 1 0 1 1 1 0 1 1 0 0 1 1 0 0 1 0 1 1 0 1 0 0 1 0 0 0 0 0 1 0 0 0 1 0 1 0 0]"
24,0.7105490227316914,"[1 1 1 1 0 1 1 1 0 1 1 0 0 1 1 0 0 1 0 1 1 0 1 0 0 1 0 0 0 0 0 1 0 0 0 1 0 1 0 0]"
24,0.7105490227316914,"[1 1 1 1 0 1 1 1 0 1 1 0 0 1 1 0 0 1 0 1 1 0 1 0 0 1 0 0 0 0 0 1 0 0 0 1 0 1 0 0]"
24,0.7105490227316914,"[1 1 1 1 0 1 1 1 0 1 1 0 0 1 1 0 0 1 0 1 1 0 1 0 0 1 0 0 0 0 0 1 0 0 0 1 0 1 0 0]"
24,0.7105490227316914,"[1 1 1 1 0 1 1 1 0 1 1 0 0 1 1 0 0 1 0 1 1 0 1 0 0 1 0 0 0 0 0 1 0 0 0 1 0 1 0 0]"
24,0.7105490227316914,"[1 1 1 1 0 1 1 1 0 1 1 0 0 1 1 0 0 1 0 1 1 0 1 0 0 1 0 0 0 0 0 1 0 0 0 1 0 1 0 0]"
24,0.7105490227316914,"[1 1 1 1 0 1 1 1 0 1 1 0 0 1 1 0 0 1 0 1 1 0 1 0 0 1 0 0 0 0 0 1 0 0 0 1 0 1 0 0]"
24,0.7105490227316914,"[1 1 1 1 0 1 1 1 0 1 1 0 0 1 1 0 0 1 0 1 1 0 1 0 0 1 0 0 0 0 0 1 0 0 0 1 0 1 0 0]"
24,0.7105490227316914,"[1 1 1 1 0 1 1 1 0 1 1 0 0 1 1 0 0 1 0 1 1 0 1 0 0 1 0 0 0 0 0 1 0 0 0 1 0 1 0 0]"
24,0.7105490227316914,"[1 1 1 1 0 1 1 1 0 1 1 0 0 1 1 0 0 1 0 1 1 0 1 0 0 1 0 0 0 0 0 1 0 0 0 1 0 1 0 0]"
24,0.7105490227316914,"[1 1 1 1 0 1 1 1 0 1 1 0 0 1 1 0 0 1 0 1 1 0 1 0 0 1 0 0 0 0 0 1 0 0 0 1 0 1 0 0]"
24,0.7105490227316914,"[1 1 1 1 0 1 1 1 0 1 1 0 0 1 1 0 0 1 0 1 1 0 1 0 0 1 0 0 0 0 0 1 0 0 0 1 0 1 0 0]"
24,0.7105490227316914,"[1 1 1 1 0 1 1 1 0 1 1 0 0 1 1 0 0 1 0 1 1 0 1 0 0 1 0 0 0 0 0 1 0 0 0 1 0 1 0 0]"
24,0.7105490227316914,"[1 1 1 1 0 1 1 1 0 1 1 0 0 1 1 0 0 1 0 1 1 0 1 0 0 1 0 0 0 0 0 1 0 0 0 1 0 1 0 0]"
24,0.7105490227316914,"[1 1 1 1 0 1 1 1 0 1 1 0 0 1 1 0 0 1 0 1 1 0 1 0 0 1 0 0 0 0 0 1 0 0 0 1 0 1 0 0]"
24,0.7105490227316914,"[1 1 1 1 0 1 1 1 0 1 1 0 0 1 1 0 0 1 0 1 1 0 1 0 0 1 0 0 0 0 0 1 0 0 0 1 0 1 0 0]"
24,0.7105490227316914,"[1 1 1 1 0 1 1 1 0 1 1 0 0 1 1 0 0 1 0 1 1 0 1 0 0 1 0 0 0 0 0 1 0 0 0 1 0 1 0 0]"
24,0.7105490227316914,"[1 1 1 1 0 1 1 1 0 1 1 0 0 1 1 0 0 1 0 1 1 0 1 0 0 1 0 0 0 0 0 1 0 0 0 1 0 1 0 0]"
24,0.7105490227316914,"[1 1 1 1 0 1 1 1 0 1 1 0 0 1 1 0 0 1 0 1 1 0 1 0 0 1 0 0 0 0 0 1 0 0 0 1 0 1 0 0]"
24,0.7105490227316914,"[1 1 1 1 0 1 1 1 0 1 1 0 0 1 1 0 0 1 0 1 1 0 1 0 0 1 0 0 0 0 0 1 0 0 0 1 0 1 0 0]"
24,0.7105490227316914,"[1 1 1 1 0 1 1 1 0 1 1 0 0 1 1 0 0 1 0 1 1 0 1 0 0 1 0 0 0 0 0 1 0 0 0 1 0 1 0 0]"
24,0.7105490227316914,"[1 1 1 1 0 1 1 1 0 1 1 0 0 1 1 0 0 1 0 1 1 0 1 0 0 1 0 0 0 0 0 1 0 0 0 1 0 1 0 0]"
24,0.7105490227316914,"[1 1 1 1 0 1 1 1 0 1 1 0 0 1 1 0 0 1 0 1 1 0 1 0 0 1 0 0 0 0 0 1 0 0 0 1 0 1 0 0]"
24,0.7105490227316914,"[1 1 1 1 0 1 1 1 0 1 1 0 0 1 1 0 0 1 0 1 1 0 1 0 0 1 0 0 0 0 0 1 0 0 0 1 0 1 0 0]"
24,0.7105490227316914,"[1 1 1 1 0 1 1 1 0 1 1 0 0 1 1 0 0 1 0 1 1 0 1 0 0 1 0 0 0 0 0 1 0 0 0 1 0 1 0 0]"
24,0.7105490227316914,"[1 1 1 1 0 1 1 1 0 1 1 0 0 1 1 0 0 1 0 1 1 0 1 0 0 1 0 0 0 0 0 1 0 0 0 1 0 1 0 0]"
24,0.7105490227316914,"[1 1 1 1 0 1 1 1 0 1 1 0 0 1 1 0 0 1 0 1 1 0 1 0 0 1 0 0 0 0 0 1 0 0 0 1 0 1 0 0]"
24,0.7105490227316914,"[1 1 1 1 0 1 1 1 0 1 1 0 0 1 1 0 0 1 0 1 1 0 1 0 0 1 0 0 0 0 0 1 0 0 0 1 0 1 0 0]"
24,0.7105490227316914,"[1 1 1 1 0 1 1 1 0 1 1 0 0 1 1 0 0 1 0 1 1 0 1 0 0 1 0 0 0 0 0 1 0 0 0 1 0 1 0 0]"
24,0.7105490227316914,"[1 1 1 1 0 1 1 1 0 1 1 0 0 1 1 0 0 1 0 1 1 0 1 0 0 1 0 0 0 0 0 1 0 0 0 1 0 1 0 0]"
24,0.7105490227316914,"[1 1 1 1 0 1 1 1 0 1 1 0 0 1 1 0 0 1 0 1 1 0 1 0 0 1 0 0 0 0 0 1 0 0 0 1 0 1 0 0]"
24,0.7105490227316914,"[1 1 1 1 0 1 1 1 0 1 1 0 0 1 1 0 0 1 0 1 1 0 1 0 0 1 0 0 0 0 0 1 0 0 0 1 0 1 0 0]"
24,0.7105490227316914,"[1 1 1 1 0 1 1 1 0 1 1 0 0 1 1 0 0 1 0 1 1 0 1 0 0 1 0 0 0 0 0 1 0 0 0 1 0 1 0 0]"
24,0.7105490227316914,"[1 1 1 1 0 1 1 1 0 1 1 0 0 1 1 0 0 1 0 1 1 0 1 0 0 1 0 0 0 0 0 1 0 0 0 1 0 1 0 0]"
24,0.7105490227316914,"[1 1 1 1 0 1 1 1 0 1 1 0 0 1 1 0 0 1 0 1 1 0 1 0 0 1 0 0 0 0 0 1 0 0 0 1 0 1 0 0]"
24,0.7105490227316914,"[1 1 1 1 0 1 1 1 0 1 1 0 0 1 1 0 0 1 0 1 1 0 1 0 0 1 0 0 0 0 0 1 0 0 0 1 0 1 0 0]"
24,0.7105490227316914,"[1 1 1 1 0 1 1 1 0 1 1 0 0 1 1 0 0 1 0 1 1 0 1 0 0 1 0 0 0 0 0 1 0 0 0 1 0 1 0 0]"
24,0.7105490227316914,"[1 1 1 1 0 1 1 1 0 1 1 0 0 1 1 0 0 1 0 1 1 0 1 0 0 1 0 0 0 0 0 1 0 0 0 1 0 1 0 0]"
24,0.7105490227316914,"[1 1 1 1 0 1 1 1 0 1 1 0 0 1 1 0 0 1 0 1 1 0 1 0 0 1 0 0 0 0 0 1 0 0 0 1 0 1 0 0]"
24,0.7105490227316914,"[1 1 1 1 0 1 1 1 0 1 1 0 0 1 1 0 0 1 0 1 1 0 1 0 0 1 0 0 0 0 0 1 0 0 0 1 0 1 0 0]"
24,0.7105490227316914,"[1 1 1 1 0 1 1 1 0 1 1 0 0 1 1 0 0 1 0 1 1 0 1 0 0 1 0 0 0 0 0 1 0 0 0 1 0 1 0 0]"
24,0.7105490227316914,"[1 1 1 1 0 1 1 1 0 1 1 0 0 1 1 0 0 1 0 1 1 0 1 0 0 1 0 0 0 0 0 1 0 0 0 1 0 1 0 0]"
24,0.7105490227316914,"[1 1 1 1 0 1 1 1 0 1 1 0 0 1 1 0 0 1 0 1 1 0 1 0 0 1 0 0 0 0 0 1 0 0 0 1 0 1 0 0]"
24,0.7105490227316914,"[1 1 1 1 0 1 1 1 0 1 1 0 0 1 1 0 0 1 0 1 1 0 1 0 0 1 0 0 0 0 0 1 0 0 0 1 0 1 0 0]"
24,0.7105490227316914,"[1 1 1 1 0 1 1 1 0 1 1 0 0 1 1 0 0 1 0 1 1 0 1 0 0 1 0 0 0 0 0 1 0 0 0 1 0 1 0 0]"
24,0.7105490227316914,"[1 1 1 1 0 1 1 1 0 1 1 0 0 1 1 0 0 1 0 1 1 0 1 0 0 1 0 0 0 0 0 1 0 0 0 1 0 1 0 0]"
24,0.7105490227316914,"[1 1 1 1 0 1 1 1 0 1 1 0 0 1 1 0 0 1 0 1 1 0 1 0 0 1 0 0 0 0 0 1 0 0 0 1 0 1 0 0]"
24,0.7105490227316914,"[1 1 1 1 0 1 1 1 0 1 1 0 0 1 1 0 0 1 0 1 1 0 1 0 0 1 0 0 0 0 0 1 0 0 0 1 0 1 0 0]"
25,0.7105490227316914,"[1 1 1 1 0 1 1 1 0 1 1 0 0 1 1 0 0 1 0 1 1 0 1 0 0 1 0 0 0 0 0 1 0 0 0 1 0 1 0 0]"
25,0.7105490227316914,"[1 1 1 1 0 1 1 1 0 1 1 0 0 1 1 0 0 1 0 1 1 0 1 0 0 1 0 0 0 0 0 1 0 0 0 1 0 1 0 0]"
25,0.7105490227316914,"[1 1 1 1 0 1 1 1 0 1 1 0 0 1 1 0 0 1 0 1 1 0 1 0 0 1 0 0 0 0 0 1 0 0 0 1 0 1 0 0]"
25,0.7105490227316914,"[1 1 1 1 0 1 1 1 0 1 1 0 0 1 1 0 0 1 0 1 1 0 1 0 0 1 0 0 0 0 0 1 0 0 0 1 0 1 0 0]"
25,0.7105490227316914,"[1 1 1 1 0 1 1 1 0 1 1 0 0 1 1 0 0 1 0 1 1 0 1 0 0 1 0 0 0 0 0 1 0 0 0 1 0 1 0 0]"
25,0.7105490227316914,"[1 1 1 1 0 1 1 1 0 1 1 0 0 1 1 0 0 1 0 1 1 0 1 0 0 1 0 0 0 0 0 1 0 0 0 1 0 1 0 0]"
25,0.7105490227316914,"[1 1 1 1 0 1 1 1 0 1 1 0 0 1 1 0 0 1 0 1 1 0 1 0 0 1 0 0 0 0 0 1 0 0 0 1 0 1 0 0]"
25,0.7105490227316914,"[1 1 1 1 0 1 1 1 0 1 1 0 0 1 1 0 0 1 0 1 1 0 1 0 0 1 0 0 0 0 0 1 0 0 0 1 0 1 0 0]"
25,0.7105490227316914,"[1 1 1 1 0 1 1 1 0 1 1 0 0 1 1 0 0 1 0 1 1 0 1 0 0 1 0 0 0 0 0 1 0 0 0 1 0 1 0 0]"
25,0.7105490227316914,"[1 1 1 1 0 1 1 1 0 1 1 0 0 1 1 0 0 1 0 1 1 0 1 0 0 1 0 0 0 0 0 1 0 0 0 1 0 1 0 0]"
25,0.7105490227316914,"[1 1 1 1 0 1 1 1 0 1 1 0 0 1 1 0 0 1 0 1 1 0 1 0 0 1 0 0 0 0 0 1 0 0 0 1 0 1 0 0]"
25,0.7105490227316914,"[1 1 1 1 0 1 1 1 0 1 1 0 0 1 1 0 0 1 0 1 1 0 1 0 0 1 0 0 0 0 0 1 0 0 0 1 0 1 0 0]"
25,0.7105490227316914,"[1 1 1 1 0 1 1 1 0 1 1 0 0 1 1 0 0 1 0 1 1 0 1 0 0 1 0 0 0 0 0 1 0 0 0 1 0 1 0 0]"
25,0.7105490227316914,"[1 1 1 1 0 1 1 1 0 1 1 0 0 1 1 0 0 1 0 1 1 0 1 0 0 1 0 0 0 0 0 1 0 0 0 1 0 1 0 0]"
25,0.7105490227316914,"[1 1 1 1 0 1 1 1 0 1 1 0 0 1 1 0 0 1 0 1 1 0 1 0 0 1 0 0 0 0 0 1 0 0 0 1 0 1 0 0]"
25,0.7105490227316914,"[1 1 1 1 0 1 1 1 0 1 1 0 0 1 1 0 0 1 0 1 1 0 1 0 0 1 0 0 0 0 0 1 0 0 0 1 0 1 0 0]"
25,0.7105490227316914,"[1 1 1 1 0 1 1 1 0 1 1 0 0 1 1 0 0 1 0 1 1 0 1 0 0 1 0 0 0 0 0 1 0 0 0 1 0 1 0 0]"
25,0.7105490227316914,"[1 1 1 1 0 1 1 1 0 1 1 0 0 1 1 0 0 1 0 1 1 0 1 0 0 1 0 0 0 0 0 1 0 0 0 1 0 1 0 0]"
25,0.7105490227316914,"[1 1 1 1 0 1 1 1 0 1 1 0 0 1 1 0 0 1 0 1 1 0 1 0 0 1 0 0 0 0 0 1 0 0 0 1 0 1 0 0]"
25,0.7105490227316914,"[1 1 1 1 0 1 1 1 0 1 1 0 0 1 1 0 0 1 0 1 1 0 1 0 0 1 0 0 0 0 0 1 0 0 0 1 0 1 0 0]"
25,0.7105490227316914,"[1 1 1 1 0 1 1 1 0 1 1 0 0 1 1 0 0 1 0 1 1 0 1 0 0 1 0 0 0 0 0 1 0 0 0 1 0 1 0 0]"
25,0.7105490227316914,"[1 1 1 1 0 1 1 1 0 1 1 0 0 1 1 0 0 1 0 1 1 0 1 0 0 1 0 0 0 0 0 1 0 0 0 1 0 1 0 0]"
25,0.7105490227316914,"[1 1 1 1 0 1 1 1 0 1 1 0 0 1 1 0 0 1 0 1 1 0 1 0 0 1 0 0 0 0 0 1 0 0 0 1 0 1 0 0]"
25,0.7105490227316914,"[1 1 1 1 0 1 1 1 0 1 1 0 0 1 1 0 0 1 0 1 1 0 1 0 0 1 0 0 0 0 0 1 0 0 0 1 0 1 0 0]"
25,0.7105490227316914,"[1 1 1 1 0 1 1 1 0 1 1 0 0 1 1 0 0 1 0 1 1 0 1 0 0 1 0 0 0 0 0 1 0 0 0 1 0 1 0 0]"
25,0.7105490227316914,"[1 1 1 1 0 1 1 1 0 1 1 0 0 1 1 0 0 1 0 1 1 0 1 0 0 1 0 0 0 0 0 1 0 0 0 1 0 1 0 0]"
25,0.7105490227316914,"[1 1 1 1 0 1 1 1 0 1 1 0 0 1 1 0 0 1 0 1 1 0 1 0 0 1 0 0 0 0 0 1 0 0 0 1 0 1 0 0]"
25,0.7105490227316914,"[1 1 1 1 0 1 1 1 0 1 1 0 0 1 1 0 0 1 0 1 1 0 1 0 0 1 0 0 0 0 0 1 0 0 0 1 0 1 0 0]"
25,0.7105490227316914,"[1 1 1 1 0 1 1 1 0 1 1 0 0 1 1 0 0 1 0 1 1 0 1 0 0 1 0 0 0 0 0 1 0 0 0 1 0 1 0 0]"
25,0.7105490227316914,"[1 1 1 1 0 1 1 1 0 1 1 0 0 1 1 0 0 1 0 1 1 0 1 0 0 1 0 0 0 0 0 1 0 0 0 1 0 1 0 0]"
25,0.7105490227316914,"[1 1 1 1 0 1 1 1 0 1 1 0 0 1 1 0 0 1 0 1 1 0 1 0 0 1 0 0 0 0 0 1 0 0 0 1 0 1 0 0]"
25,0.7105490227316914,"[1 1 1 1 0 1 1 1 0 1 1 0 0 1 1 0 0 1 0 1 1 0 1 0 0 1 0 0 0 0 0 1 0 0 0 1 0 1 0 0]"
25,0.7105490227316914,"[1 1 1 1 0 1 1 1 0 1 1 0 0 1 1 0 0 1 0 1 1 0 1 0 0 1 0 0 0 0 0 1 0 0 0 1 0 1 0 0]"
25,0.7105490227316914,"[1 1 1 1 0 1 1 1 0 1 1 0 0 1 1 0 0 1 0 1 1 0 1 0 0 1 0 0 0 0 0 1 0 0 0 1 0 1 0 0]"
25,0.7105490227316914,"[1 1 1 1 0 1 1 1 0 1 1 0 0 1 1 0 0 1 0 1 1 0 1 0 0 1 0 0 0 0 0 1 0 0 0 1 0 1 0 0]"
25,0.7105490227316914,"[1 1 1 1 0 1 1 1 0 1 1 0 0 1 1 0 0 1 0 1 1 0 1 0 0 1 0 0 0 0 0 1 0 0 0 1 0 1 0 0]"
25,0.7105490227316914,"[1 1 1 1 0 1 1 1 0 1 1 0 0 1 1 0 0 1 0 1 1 0 1 0 0 1 0 0 0 0 0 1 0 0 0 1 0 1 0 0]"
25,0.7105490227316914,"[1 1 1 1 0 1 1 1 0 1 1 0 0 1 1 0 0 1 0 1 1 0 1 0 0 1 0 0 0 0 0 1 0 0 0 1 0 1 0 0]"
25,0.7105490227316914,"[1 1 1 1 0 1 1 1 0 1 1 0 0 1 1 0 0 1 0 1 1 0 1 0 0 1 0 0 0 0 0 1 0 0 0 1 0 1 0 0]"
25,0.7105490227316914,"[1 1 1 1 0 1 1 1 0 1 1 0 0 1 1 0 0 1 0 1 1 0 1 0 0 1 0 0 0 0 0 1 0 0 0 1 0 1 0 0]"
25,0.7105490227316914,"[1 1 1 1 0 1 1 1 0 1 1 0 0 1 1 0 0 1 0 1 1 0 1 0 0 1 0 0 0 0 0 1 0 0 0 1 0 1 0 0]"
25,0.7105490227316914,"[1 1 1 1 0 1 1 1 0 1 1 0 0 1 1 0 0 1 0 1 1 0 1 0 0 1 0 0 0 0 0 1 0 0 0 1 0 1 0 0]"
25,0.7105490227316914,"[1 1 1 1 0 1 1 1 0 1 1 0 0 1 1 0 0 1 0 1 1 0 1 0 0 1 0 0 0 0 0 1 0 0 0 1 0 1 0 0]"
25,0.7105490227316914,"[1 1 1 1 0 1 1 1 0 1 1 0 0 1 1 0 0 1 0 1 1 0 1 0 0 1 0 0 0 0 0 1 0 0 0 1 0 1 0 0]"
25,0.7105490227316914,"[1 1 1 1 0 1 1 1 0 1 1 0 0 1 1 0 0 1 0 1 1 0 1 0 0 1 0 0 0 0 0 1 0 0 0 1 0 1 0 0]"
25,0.7105490227316914,"[1 1 1 1 0 1 1 1 0 1 1 0 0 1 1 0 0 1 0 1 1 0 1 0 0 1 0 0 0 0 0 1 0 0 0 1 0 1 0 0]"
25,0.7105490227316914,"[1 1 1 1 0 1 1 1 0 1 1 0 0 1 1 0 0 1 0 1 1 0 1 0 0 1 0 0 0 0 0 1 0 0 0 1 0 1 0 0]"
25,0.7105490227316914,"[1 1 1 1 0 1 1 1 0 1 1 0 0 1 1 0 0 1 0 1 1 0 1 0 0 1 0 0 0 0 0 1 0 0 0 1 0 1 0 0]"
25,0.7105490227316914,"[1 1 1 1 0 1 1 1 0 1 1 0 0 1 1 0 0 1 0 1 1 0 1 0 0 1 0 0 0 0 0 1 0 0 0 1 0 1 0 0]"
25,0.7105490227316914,"[1 1 1 1 0 1 1 1 0 1 1 0 0 1 1 0 0 1 0 1 1 0 1 0 0 1 0 0 0 0 0 1 0 0 0 1 0 1 0 0]"
25,0.7105490227316914,"[1 1 1 1 0 1 1 1 0 1 1 0 0 1 1 0 0 1 0 1 1 0 1 0 0 1 0 0 0 0 0 1 0 0 0 1 0 1 0 0]"
25,0.7105490227316914,"[1 1 1 1 0 1 1 1 0 1 1 0 0 1 1 0 0 1 0 1 1 0 1 0 0 1 0 0 0 0 0 1 0 0 0 1 0 1 0 0]"
25,0.7105490227316914,"[1 1 1 1 0 1 1 1 0 1 1 0 0 1 1 0 0 1 0 1 1 0 1 0 0 1 0 0 0 0 0 1 0 0 0 1 0 1 0 0]"
25,0.7105490227316914,"[1 1 1 1 0 1 1 1 0 1 1 0 0 1 1 0 0 1 0 1 1 0 1 0 0 1 0 0 0 0 0 1 0 0 0 1 0 1 0 0]"
25,0.7105490227316914,"[1 1 1 1 0 1 1 1 0 1 1 0 0 1 1 0 0 1 0 1 1 0 1 0 0 1 0 0 0 0 0 1 0 0 0 1 0 1 0 0]"
25,0.7105490227316914,"[1 1 1 1 0 1 1 1 0 1 1 0 0 1 1 0 0 1 0 1 1 0 1 0 0 1 0 0 0 0 0 1 0 0 0 1 0 1 0 0]"
25,0.7105490227316914,"[1 1 1 1 0 1 1 1 0 1 1 0 0 1 1 0 0 1 0 1 1 0 1 0 0 1 0 0 0 0 0 1 0 0 0 1 0 1 0 0]"
25,0.7105490227316914,"[1 1 1 1 0 1 1 1 0 1 1 0 0 1 1 0 0 1 0 1 1 0 1 0 0 1 0 0 0 0 0 1 0 0 0 1 0 1 0 0]"
25,0.7105490227316914,"[1 1 1 1 0 1 1 1 0 1 1 0 0 1 1 0 0 1 0 1 1 0 1 0 0 1 0 0 0 0 0 1 0 0 0 1 0 1 0 0]"
25,0.7105490227316914,"[1 1 1 1 0 1 1 1 0 1 1 0 0 1 1 0 0 1 0 1 1 0 1 0 0 1 0 0 0 0 0 1 0 0 0 1 0 1 0 0]"
25,0.7105490227316914,"[1 1 1 1 0 1 1 1 0 1 1 0 0 1 1 0 0 1 0 1 1 0 1 0 0 1 0 0 0 0 0 1 0 0 0 1 0 1 0 0]"
25,0.7105490227316914,"[1 1 1 1 0 1 1 1 0 1 1 0 0 1 1 0 0 1 0 1 1 0 1 0 0 1 0 0 0 0 0 1 0 0 0 1 0 1 0 0]"
25,0.7105490227316914,"[1 1 1 1 0 1 1 1 0 1 1 0 0 1 1 0 0 1 0 1 1 0 1 0 0 1 0 0 0 0 0 1 0 0 0 1 0 1 0 0]"
25,0.7105490227316914,"[1 1 1 1 0 1 1 1 0 1 1 0 0 1 1 0 0 1 0 1 1 0 1 0 0 1 0 0 0 0 0 1 0 0 0 1 0 1 0 0]"
25,0.7105490227316914,"[1 1 1 1 0 1 1 1 0 1 1 0 0 1 1 0 0 1 0 1 1 0 1 0 0 1 0 0 0 0 0 1 0 0 0 1 0 1 0 0]"
25,0.7105490227316914,"[1 1 1 1 0 1 1 1 0 1 1 0 0 1 1 0 0 1 0 1 1 0 1 0 0 1 0 0 0 0 0 1 0 0 0 1 0 1 0 0]"
25,0.7105490227316914,"[1 1 1 1 0 1 1 1 0 1 1 0 0 1 1 0 0 1 0 1 1 0 1 0 0 1 0 0 0 0 0 1 0 0 0 1 0 1 0 0]"
25,0.7105490227316914,"[1 1 1 1 0 1 1 1 0 1 1 0 0 1 1 0 0 1 0 1 1 0 1 0 0 1 0 0 0 0 0 1 0 0 0 1 0 1 0 0]"
25,0.7105490227316914,"[1 1 1 1 0 1 1 1 0 1 1 0 0 1 1 0 0 1 0 1 1 0 1 0 0 1 0 0 0 0 0 1 0 0 0 1 0 1 0 0]"
25,0.7105490227316914,"[1 1 1 1 0 1 1 1 0 1 1 0 0 1 1 0 0 1 0 1 1 0 1 0 0 1 0 0 0 0 0 1 0 0 0 1 0 1 0 0]"
25,0.7105490227316914,"[1 1 1 1 0 1 1 1 0 1 1 0 0 1 1 0 0 1 0 1 1 0 1 0 0 1 0 0 0 0 0 1 0 0 0 1 0 1 0 0]"
25,0.7105490227316914,"[1 1 1 1 0 1 1 1 0 1 1 0 0 1 1 0 0 1 0 1 1 0 1 0 0 1 0 0 0 0 0 1 0 0 0 1 0 1 0 0]"
25,0.7105490227316914,"[1 1 1 1 0 1 1 1 0 1 1 0 0 1 1 0 0 1 0 1 1 0 1 0 0 1 0 0 0 0 0 1 0 0 0 1 0 1 0 0]"
25,0.7105490227316914,"[1 1 1 1 0 1 1 1 0 1 1 0 0 1 1 0 0 1 0 1 1 0 1 0 0 1 0 0 0 0 0 1 0 0 0 1 0 1 0 0]"
25,0.7105490227316914,"[1 1 1 1 0 1 1 1 0 1 1 0 0 1 1 0 0 1 0 1 1 0 1 0 0 1 0 0 0 0 0 1 0 0 0 1 0 1 0 0]"
25,0.7105490227316914,"[1 1 1 1 0 1 1 1 0 1 1 0 0 1 1 0 0 1 0 1 1 0 1 0 0 1 0 0 0 0 0 1 0 0 0 1 0 1 0 0]"
25,0.7105490227316914,"[1 1 1 1 0 1 1 1 0 1 1 0 0 1 1 0 0 1 0 1 1 0 1 0 0 1 0 0 0 0 0 1 0 0 0 1 0 1 0 0]"
25,0.7105490227316914,"[1 1 1 1 0 1 1 1 0 1 1 0 0 1 1 0 0 1 0 1 1 0 1 0 0 1 0 0 0 0 0 1 0 0 0 1 0 1 0 0]"
25,0.7105490227316914,"[1 1 1 1 0 1 1 1 0 1 1 0 0 1 1 0 0 1 0 1 1 0 1 0 0 1 0 0 0 0 0 1 0 0 0 1 0 1 0 0]"
25,0.7105490227316914,"[1 1 1 1 0 1 1 1 0 1 1 0 0 1 1 0 0 1 0 1 1 0 1 0 0 1 0 0 0 0 0 1 0 0 0 1 0 1 0 0]"
25,0.7105490227316914,"[1 1 1 1 0 1 1 1 0 1 1 0 0 1 1 0 0 1 0 1 1 0 1 0 0 1 0 0 0 0 0 1 0 0 0 1 0 1 0 0]"
25,0.7105490227316914,"[1 1 1 1 0 1 1 1 0 1 1 0 0 1 1 0 0 1 0 1 1 0 1 0 0 1 0 0 0 0 0 1 0 0 0 1 0 1 0 0]"
25,0.7105490227316914,"[1 1 1 1 0 1 1 1 0 1 1 0 0 1 1 0 0 1 0 1 1 0 1 0 0 1 0 0 0 0 0 1 0 0 0 1 0 1 0 0]"
25,0.7105490227316914,"[1 1 1 1 0 1 1 1 0 1 1 0 0 1 1 0 0 1 0 1 1 0 1 0 0 1 0 0 0 0 0 1 0 0 0 1 0 1 0 0]"
25,0.7105490227316914,"[1 1 1 1 0 1 1 1 0 1 1 0 0 1 1 0 0 1 0 1 1 0 1 0 0 1 0 0 0 0 0 1 0 0 0 1 0 1 0 0]"
25,0.7105490227316914,"[1 1 1 1 0 1 1 1 0 1 1 0 0 1 1 0 0 1 0 1 1 0 1 0 0 1 0 0 0 0 0 1 0 0 0 1 0 1 0 0]"
25,0.7105490227316914,"[1 1 1 1 0 1 1 1 0 1 1 0 0 1 1 0 0 1 0 1 1 0 1 0 0 1 0 0 0 0 0 1 0 0 0 1 0 1 0 0]"
25,0.7105490227316914,"[1 1 1 1 0 1 1 1 0 1 1 0 0 1 1 0 0 1 0 1 1 0 1 0 0 1 0 0 0 0 0 1 0 0 0 1 0 1 0 0]"
25,0.7105490227316914,"[1 1 1 1 0 1 1 1 0 1 1 0 0 1 1 0 0 1 0 1 1 0 1 0 0 1 0 0 0 0 0 1 0 0 0 1 0 1 0 0]"
25,0.7105490227316914,"[1 1 1 1 0 1 1 1 0 1 1 0 0 1 1 0 0 1 0 1 1 0 1 0 0 1 0 0 0 0 0 1 0 0 0 1 0 1 0 0]"
25,0.7105490227316914,"[1 1 1 1 0 1 1 1 0 1 1 0 0 1 1 0 0 1 0 1 1 0 1 0 0 1 0 0 0 0 0 1 0 0 0 1 0 1 0 0]"
25,0.7105490227316914,"[1 1 1 1 0 1 1 1 0 1 1 0 0 1 1 0 0 1 0 1 1 0 1 0 0 1 0 0 0 0 0 1 0 0 0 1 0 1 0 0]"
25,0.7105490227316914,"[1 1 1 1 0 1 1 1 0 1 1 0 0 1 1 0 0 1 0 1 1 0 1 0 0 1 0 0 0 0 0 1 0 0 0 1 0 1 0 0]"
25,0.7105490227316914,"[1 1 1 1 0 1 1 1 0 1 1 0 0 1 1 0 0 1 0 1 1 0 1 0 0 1 0 0 0 0 0 1 0 0 0 1 0 1 0 0]"
25,0.7105490227316914,"[1 1 1 1 0 1 1 1 0 1 1 0 0 1 1 0 0 1 0 1 1 0 1 0 0 1 0 0 0 0 0 1 0 0 0 1 0 1 0 0]"
25,0.7105490227316914,"[1 1 1 1 0 1 1 1 0 1 1 0 0 1 1 0 0 1 0 1 1 0 1 0 0 1 0 0 0 0 0 1 0 0 0 1 0 1 0 0]"
25,0.7105490227316914,"[1 1 1 1 0 1 1 1 0 1 1 0 0 1 1 0 0 1 0 1 1 0 1 0 0 1 0 0 0 0 0 1 0 0 0 1 0 1 0 0]"
25,0.7105490227316914,"[1 1 1 1 0 1 1 1 0 1 1 0 0 1 1 0 0 1 0 1 1 0 1 0 0 1 0 0 0 0 0 1 0 0 0 1 0 1 0 0]"
25,0.7105490227316914,"[1 1 1 1 0 1 1 1 0 1 1 0 0 1 1 0 0 1 0 1 1 0 1 0 0 1 0 0 0 0 0 1 0 0 0 1 0 1 0 0]"
25,0.7105490227316914,"[1 1 1 1 0 1 1 1 0 1 1 0 0 1 1 0 0 1 0 1 1 0 1 0 0 1 0 0 0 0 0 1 0 0 0 1 0 1 0 0]"
26,0.7105490227316914,"[1 1 1 1 0 1 1 1 0 1 1 0 0 1 1 0 0 1 0 1 1 0 1 0 0 1 0 0 0 0 0 1 0 0 0 1 0 1 0 0]"
26,0.7105490227316914,"[1 1 1 1 0 1 1 1 0 1 1 0 0 1 1 0 0 1 0 1 1 0 1 0 0 1 0 0 0 0 0 1 0 0 0 1 0 1 0 0]"
26,0.7105490227316914,"[1 1 1 1 0 1 1 1 0 1 1 0 0 1 1 0 0 1 0 1 1 0 1 0 0 1 0 0 0 0 0 1 0 0 0 1 0 1 0 0]"
26,0.7105490227316914,"[1 1 1 1 0 1 1 1 0 1 1 0 0 1 1 0 0 1 0 1 1 0 1 0 0 1 0 0 0 0 0 1 0 0 0 1 0 1 0 0]"
26,0.7105490227316914,"[1 1 1 1 0 1 1 1 0 1 1 0 0 1 1 0 0 1 0 1 1 0 1 0 0 1 0 0 0 0 0 1 0 0 0 1 0 1 0 0]"
26,0.7105490227316914,"[1 1 1 1 0 1 1 1 0 1 1 0 0 1 1 0 0 1 0 1 1 0 1 0 0 1 0 0 0 0 0 1 0 0 0 1 0 1 0 0]"
26,0.7105490227316914,"[1 1 1 1 0 1 1 1 0 1 1 0 0 1 1 0 0 1 0 1 1 0 1 0 0 1 0 0 0 0 0 1 0 0 0 1 0 1 0 0]"
26,0.7105490227316914,"[1 1 1 1 0 1 1 1 0 1 1 0 0 1 1 0 0 1 0 1 1 0 1 0 0 1 0 0 0 0 0 1 0 0 0 1 0 1 0 0]"
26,0.7105490227316914,"[1 1 1 1 0 1 1 1 0 1 1 0 0 1 1 0 0 1 0 1 1 0 1 0 0 1 0 0 0 0 0 1 0 0 0 1 0 1 0 0]"
26,0.7105490227316914,"[1 1 1 1 0 1 1 1 0 1 1 0 0 1 1 0 0 1 0 1 1 0 1 0 0 1 0 0 0 0 0 1 0 0 0 1 0 1 0 0]"
26,0.7105490227316914,"[1 1 1 1 0 1 1 1 0 1 1 0 0 1 1 0 0 1 0 1 1 0 1 0 0 1 0 0 0 0 0 1 0 0 0 1 0 1 0 0]"
26,0.7105490227316914,"[1 1 1 1 0 1 1 1 0 1 1 0 0 1 1 0 0 1 0 1 1 0 1 0 0 1 0 0 0 0 0 1 0 0 0 1 0 1 0 0]"
26,0.7105490227316914,"[1 1 1 1 0 1 1 1 0 1 1 0 0 1 1 0 0 1 0 1 1 0 1 0 0 1 0 0 0 0 0 1 0 0 0 1 0 1 0 0]"
26,0.7105490227316914,"[1 1 1 1 0 1 1 1 0 1 1 0 0 1 1 0 0 1 0 1 1 0 1 0 0 1 0 0 0 0 0 1 0 0 0 1 0 1 0 0]"
26,0.7105490227316914,"[1 1 1 1 0 1 1 1 0 1 1 0 0 1 1 0 0 1 0 1 1 0 1 0 0 1 0 0 0 0 0 1 0 0 0 1 0 1 0 0]"
26,0.7105490227316914,"[1 1 1 1 0 1 1 1 0 1 1 0 0 1 1 0 0 1 0 1 1 0 1 0 0 1 0 0 0 0 0 1 0 0 0 1 0 1 0 0]"
26,0.7105490227316914,"[1 1 1 1 0 1 1 1 0 1 1 0 0 1 1 0 0 1 0 1 1 0 1 0 0 1 0 0 0 0 0 1 0 0 0 1 0 1 0 0]"
26,0.7105490227316914,"[1 1 1 1 0 1 1 1 0 1 1 0 0 1 1 0 0 1 0 1 1 0 1 0 0 1 0 0 0 0 0 1 0 0 0 1 0 1 0 0]"
26,0.7105490227316914,"[1 1 1 1 0 1 1 1 0 1 1 0 0 1 1 0 0 1 0 1 1 0 1 0 0 1 0 0 0 0 0 1 0 0 0 1 0 1 0 0]"
26,0.7105490227316914,"[1 1 1 1 0 1 1 1 0 1 1 0 0 1 1 0 0 1 0 1 1 0 1 0 0 1 0 0 0 0 0 1 0 0 0 1 0 1 0 0]"
26,0.7105490227316914,"[1 1 1 1 0 1 1 1 0 1 1 0 0 1 1 0 0 1 0 1 1 0 1 0 0 1 0 0 0 0 0 1 0 0 0 1 0 1 0 0]"
26,0.7105490227316914,"[1 1 1 1 0 1 1 1 0 1 1 0 0 1 1 0 0 1 0 1 1 0 1 0 0 1 0 0 0 0 0 1 0 0 0 1 0 1 0 0]"
26,0.7105490227316914,"[1 1 1 1 0 1 1 1 0 1 1 0 0 1 1 0 0 1 0 1 1 0 1 0 0 1 0 0 0 0 0 1 0 0 0 1 0 1 0 0]"
26,0.7105490227316914,"[1 1 1 1 0 1 1 1 0 1 1 0 0 1 1 0 0 1 0 1 1 0 1 0 0 1 0 0 0 0 0 1 0 0 0 1 0 1 0 0]"
26,0.7105490227316914,"[1 1 1 1 0 1 1 1 0 1 1 0 0 1 1 0 0 1 0 1 1 0 1 0 0 1 0 0 0 0 0 1 0 0 0 1 0 1 0 0]"
26,0.7105490227316914,"[1 1 1 1 0 1 1 1 0 1 1 0 0 1 1 0 0 1 0 1 1 0 1 0 0 1 0 0 0 0 0 1 0 0 0 1 0 1 0 0]"
26,0.7105490227316914,"[1 1 1 1 0 1 1 1 0 1 1 0 0 1 1 0 0 1 0 1 1 0 1 0 0 1 0 0 0 0 0 1 0 0 0 1 0 1 0 0]"
26,0.7105490227316914,"[1 1 1 1 0 1 1 1 0 1 1 0 0 1 1 0 0 1 0 1 1 0 1 0 0 1 0 0 0 0 0 1 0 0 0 1 0 1 0 0]"
26,0.7105490227316914,"[1 1 1 1 0 1 1 1 0 1 1 0 0 1 1 0 0 1 0 1 1 0 1 0 0 1 0 0 0 0 0 1 0 0 0 1 0 1 0 0]"
26,0.7105490227316914,"[1 1 1 1 0 1 1 1 0 1 1 0 0 1 1 0 0 1 0 1 1 0 1 0 0 1 0 0 0 0 0 1 0 0 0 1 0 1 0 0]"
26,0.7105490227316914,"[1 1 1 1 0 1 1 1 0 1 1 0 0 1 1 0 0 1 0 1 1 0 1 0 0 1 0 0 0 0 0 1 0 0 0 1 0 1 0 0]"
26,0.7105490227316914,"[1 1 1 1 0 1 1 1 0 1 1 0 0 1 1 0 0 1 0 1 1 0 1 0 0 1 0 0 0 0 0 1 0 0 0 1 0 1 0 0]"
26,0.7105490227316914,"[1 1 1 1 0 1 1 1 0 1 1 0 0 1 1 0 0 1 0 1 1 0 1 0 0 1 0 0 0 0 0 1 0 0 0 1 0 1 0 0]"
26,0.7105490227316914,"[1 1 1 1 0 1 1 1 0 1 1 0 0 1 1 0 0 1 0 1 1 0 1 0 0 1 0 0 0 0 0 1 0 0 0 1 0 1 0 0]"
26,0.7105490227316914,"[1 1 1 1 0 1 1 1 0 1 1 0 0 1 1 0 0 1 0 1 1 0 1 0 0 1 0 0 0 0 0 1 0 0 0 1 0 1 0 0]"
26,0.7105490227316914,"[1 1 1 1 0 1 1 1 0 1 1 0 0 1 1 0 0 1 0 1 1 0 1 0 0 1 0 0 0 0 0 1 0 0 0 1 0 1 0 0]"
26,0.7105490227316914,"[1 1 1 1 0 1 1 1 0 1 1 0 0 1 1 0 0 1 0 1 1 0 1 0 0 1 0 0 0 0 0 1 0 0 0 1 0 1 0 0]"
26,0.7105490227316914,"[1 1 1 1 0 1 1 1 0 1 1 0 0 1 1 0 0 1 0 1 1 0 1 0 0 1 0 0 0 0 0 1 0 0 0 1 0 1 0 0]"
26,0.7105490227316914,"[1 1 1 1 0 1 1 1 0 1 1 0 0 1 1 0 0 1 0 1 1 0 1 0 0 1 0 0 0 0 0 1 0 0 0 1 0 1 0 0]"
26,0.7105490227316914,"[1 1 1 1 0 1 1 1 0 1 1 0 0 1 1 0 0 1 0 1 1 0 1 0 0 1 0 0 0 0 0 1 0 0 0 1 0 1 0 0]"
26,0.7105490227316914,"[1 1 1 1 0 1 1 1 0 1 1 0 0 1 1 0 0 1 0 1 1 0 1 0 0 1 0 0 0 0 0 1 0 0 0 1 0 1 0 0]"
26,0.7105490227316914,"[1 1 1 1 0 1 1 1 0 1 1 0 0 1 1 0 0 1 0 1 1 0 1 0 0 1 0 0 0 0 0 1 0 0 0 1 0 1 0 0]"
26,0.7105490227316914,"[1 1 1 1 0 1 1 1 0 1 1 0 0 1 1 0 0 1 0 1 1 0 1 0 0 1 0 0 0 0 0 1 0 0 0 1 0 1 0 0]"
26,0.7105490227316914,"[1 1 1 1 0 1 1 1 0 1 1 0 0 1 1 0 0 1 0 1 1 0 1 0 0 1 0 0 0 0 0 1 0 0 0 1 0 1 0 0]"
26,0.7105490227316914,"[1 1 1 1 0 1 1 1 0 1 1 0 0 1 1 0 0 1 0 1 1 0 1 0 0 1 0 0 0 0 0 1 0 0 0 1 0 1 0 0]"
26,0.7105490227316914,"[1 1 1 1 0 1 1 1 0 1 1 0 0 1 1 0 0 1 0 1 1 0 1 0 0 1 0 0 0 0 0 1 0 0 0 1 0 1 0 0]"
26,0.7105490227316914,"[1 1 1 1 0 1 1 1 0 1 1 0 0 1 1 0 0 1 0 1 1 0 1 0 0 1 0 0 0 0 0 1 0 0 0 1 0 1 0 0]"
26,0.7105490227316914,"[1 1 1 1 0 1 1 1 0 1 1 0 0 1 1 0 0 1 0 1 1 0 1 0 0 1 0 0 0 0 0 1 0 0 0 1 0 1 0 0]"
26,0.7105490227316914,"[1 1 1 1 0 1 1 1 0 1 1 0 0 1 1 0 0 1 0 1 1 0 1 0 0 1 0 0 0 0 0 1 0 0 0 1 0 1 0 0]"
26,0.7105490227316914,"[1 1 1 1 0 1 1 1 0 1 1 0 0 1 1 0 0 1 0 1 1 0 1 0 0 1 0 0 0 0 0 1 0 0 0 1 0 1 0 0]"
26,0.7105490227316914,"[1 1 1 1 0 1 1 1 0 1 1 0 0 1 1 0 0 1 0 1 1 0 1 0 0 1 0 0 0 0 0 1 0 0 0 1 0 1 0 0]"
26,0.7105490227316914,"[1 1 1 1 0 1 1 1 0 1 1 0 0 1 1 0 0 1 0 1 1 0 1 0 0 1 0 0 0 0 0 1 0 0 0 1 0 1 0 0]"
26,0.7105490227316914,"[1 1 1 1 0 1 1 1 0 1 1 0 0 1 1 0 0 1 0 1 1 0 1 0 0 1 0 0 0 0 0 1 0 0 0 1 0 1 0 0]"
26,0.7105490227316914,"[1 1 1 1 0 1 1 1 0 1 1 0 0 1 1 0 0 1 0 1 1 0 1 0 0 1 0 0 0 0 0 1 0 0 0 1 0 1 0 0]"
26,0.7105490227316914,"[1 1 1 1 0 1 1 1 0 1 1 0 0 1 1 0 0 1 0 1 1 0 1 0 0 1 0 0 0 0 0 1 0 0 0 1 0 1 0 0]"
26,0.7105490227316914,"[1 1 1 1 0 1 1 1 0 1 1 0 0 1 1 0 0 1 0 1 1 0 1 0 0 1 0 0 0 0 0 1 0 0 0 1 0 1 0 0]"
26,0.7105490227316914,"[1 1 1 1 0 1 1 1 0 1 1 0 0 1 1 0 0 1 0 1 1 0 1 0 0 1 0 0 0 0 0 1 0 0 0 1 0 1 0 0]"
26,0.7105490227316914,"[1 1 1 1 0 1 1 1 0 1 1 0 0 1 1 0 0 1 0 1 1 0 1 0 0 1 0 0 0 0 0 1 0 0 0 1 0 1 0 0]"
26,0.7105490227316914,"[1 1 1 1 0 1 1 1 0 1 1 0 0 1 1 0 0 1 0 1 1 0 1 0 0 1 0 0 0 0 0 1 0 0 0 1 0 1 0 0]"
26,0.7105490227316914,"[1 1 1 1 0 1 1 1 0 1 1 0 0 1 1 0 0 1 0 1 1 0 1 0 0 1 0 0 0 0 0 1 0 0 0 1 0 1 0 0]"
26,0.7105490227316914,"[1 1 1 1 0 1 1 1 0 1 1 0 0 1 1 0 0 1 0 1 1 0 1 0 0 1 0 0 0 0 0 1 0 0 0 1 0 1 0 0]"
26,0.7105490227316914,"[1 1 1 1 0 1 1 1 0 1 1 0 0 1 1 0 0 1 0 1 1 0 1 0 0 1 0 0 0 0 0 1 0 0 0 1 0 1 0 0]"
26,0.7105490227316914,"[1 1 1 1 0 1 1 1 0 1 1 0 0 1 1 0 0 1 0 1 1 0 1 0 0 1 0 0 0 0 0 1 0 0 0 1 0 1 0 0]"
26,0.7105490227316914,"[1 1 1 1 0 1 1 1 0 1 1 0 0 1 1 0 0 1 0 1 1 0 1 0 0 1 0 0 0 0 0 1 0 0 0 1 0 1 0 0]"
26,0.7105490227316914,"[1 1 1 1 0 1 1 1 0 1 1 0 0 1 1 0 0 1 0 1 1 0 1 0 0 1 0 0 0 0 0 1 0 0 0 1 0 1 0 0]"
26,0.7105490227316914,"[1 1 1 1 0 1 1 1 0 1 1 0 0 1 1 0 0 1 0 1 1 0 1 0 0 1 0 0 0 0 0 1 0 0 0 1 0 1 0 0]"
26,0.7105490227316914,"[1 1 1 1 0 1 1 1 0 1 1 0 0 1 1 0 0 1 0 1 1 0 1 0 0 1 0 0 0 0 0 1 0 0 0 1 0 1 0 0]"
26,0.7105490227316914,"[1 1 1 1 0 1 1 1 0 1 1 0 0 1 1 0 0 1 0 1 1 0 1 0 0 1 0 0 0 0 0 1 0 0 0 1 0 1 0 0]"
26,0.7105490227316914,"[1 1 1 1 0 1 1 1 0 1 1 0 0 1 1 0 0 1 0 1 1 0 1 0 0 1 0 0 0 0 0 1 0 0 0 1 0 1 0 0]"
26,0.7105490227316914,"[1 1 1 1 0 1 1 1 0 1 1 0 0 1 1 0 0 1 0 1 1 0 1 0 0 1 0 0 0 0 0 1 0 0 0 1 0 1 0 0]"
26,0.7105490227316914,"[1 1 1 1 0 1 1 1 0 1 1 0 0 1 1 0 0 1 0 1 1 0 1 0 0 1 0 0 0 0 0 1 0 0 0 1 0 1 0 0]"
26,0.7105490227316914,"[1 1 1 1 0 1 1 1 0 1 1 0 0 1 1 0 0 1 0 1 1 0 1 0 0 1 0 0 0 0 0 1 0 0 0 1 0 1 0 0]"
26,0.7105490227316914,"[1 1 1 1 0 1 1 1 0 1 1 0 0 1 1 0 0 1 0 1 1 0 1 0 0 1 0 0 0 0 0 1 0 0 0 1 0 1 0 0]"
26,0.7105490227316914,"[1 1 1 1 0 1 1 1 0 1 1 0 0 1 1 0 0 1 0 1 1 0 1 0 0 1 0 0 0 0 0 1 0 0 0 1 0 1 0 0]"
26,0.7105490227316914,"[1 1 1 1 0 1 1 1 0 1 1 0 0 1 1 0 0 1 0 1 1 0 1 0 0 1 0 0 0 0 0 1 0 0 0 1 0 1 0 0]"
26,0.7105490227316914,"[1 1 1 1 0 1 1 1 0 1 1 0 0 1 1 0 0 1 0 1 1 0 1 0 0 1 0 0 0 0 0 1 0 0 0 1 0 1 0 0]"
26,0.7105490227316914,"[1 1 1 1 0 1 1 1 0 1 1 0 0 1 1 0 0 1 0 1 1 0 1 0 0 1 0 0 0 0 0 1 0 0 0 1 0 1 0 0]"
26,0.7105490227316914,"[1 1 1 1 0 1 1 1 0 1 1 0 0 1 1 0 0 1 0 1 1 0 1 0 0 1 0 0 0 0 0 1 0 0 0 1 0 1 0 0]"
26,0.7105490227316914,"[1 1 1 1 0 1 1 1 0 1 1 0 0 1 1 0 0 1 0 1 1 0 1 0 0 1 0 0 0 0 0 1 0 0 0 1 0 1 0 0]"
26,0.7105490227316914,"[1 1 1 1 0 1 1 1 0 1 1 0 0 1 1 0 0 1 0 1 1 0 1 0 0 1 0 0 0 0 0 1 0 0 0 1 0 1 0 0]"
26,0.7105490227316914,"[1 1 1 1 0 1 1 1 0 1 1 0 0 1 1 0 0 1 0 1 1 0 1 0 0 1 0 0 0 0 0 1 0 0 0 1 0 1 0 0]"
26,0.7105490227316914,"[1 1 1 1 0 1 1 1 0 1 1 0 0 1 1 0 0 1 0 1 1 0 1 0 0 1 0 0 0 0 0 1 0 0 0 1 0 1 0 0]"
26,0.7105490227316914,"[1 1 1 1 0 1 1 1 0 1 1 0 0 1 1 0 0 1 0 1 1 0 1 0 0 1 0 0 0 0 0 1 0 0 0 1 0 1 0 0]"
26,0.7105490227316914,"[1 1 1 1 0 1 1 1 0 1 1 0 0 1 1 0 0 1 0 1 1 0 1 0 0 1 0 0 0 0 0 1 0 0 0 1 0 1 0 0]"
26,0.7105490227316914,"[1 1 1 1 0 1 1 1 0 1 1 0 0 1 1 0 0 1 0 1 1 0 1 0 0 1 0 0 0 0 0 1 0 0 0 1 0 1 0 0]"
26,0.7105490227316914,"[1 1 1 1 0 1 1 1 0 1 1 0 0 1 1 0 0 1 0 1 1 0 1 0 0 1 0 0 0 0 0 1 0 0 0 1 0 1 0 0]"
26,0.7105490227316914,"[1 1 1 1 0 1 1 1 0 1 1 0 0 1 1 0 0 1 0 1 1 0 1 0 0 1 0 0 0 0 0 1 0 0 0 1 0 1 0 0]"
26,0.7105490227316914,"[1 1 1 1 0 1 1 1 0 1 1 0 0 1 1 0 0 1 0 1 1 0 1 0 0 1 0 0 0 0 0 1 0 0 0 1 0 1 0 0]"
26,0.7105490227316914,"[1 1 1 1 0 1 1 1 0 1 1 0 0 1 1 0 0 1 0 1 1 0 1 0 0 1 0 0 0 0 0 1 0 0 0 1 0 1 0 0]"
26,0.7105490227316914,"[1 1 1 1 0 1 1 1 0 1 1 0 0 1 1 0 0 1 0 1 1 0 1 0 0 1 0 0 0 0 0 1 0 0 0 1 0 1 0 0]"
26,0.7105490227316914,"[1 1 1 1 0 1 1 1 0 1 1 0 0 1 1 0 0 1 0 1 1 0 1 0 0 1 0 0 0 0 0 1 0 0 0 1 0 1 0 0]"
26,0.7105490227316914,"[1 1 1 1 0 1 1 1 0 1 1 0 0 1 1 0 0 1 0 1 1 0 1 0 0 1 0 0 0 0 0 1 0 0 0 1 0 1 0 0]"
26,0.7105490227316914,"[1 1 1 1 0 1 1 1 0 1 1 0 0 1 1 0 0 1 0 1 1 0 1 0 0 1 0 0 0 0 0 1 0 0 0 1 0 1 0 0]"
26,0.7105490227316914,"[1 1 1 1 0 1 1 1 0 1 1 0 0 1 1 0 0 1 0 1 1 0 1 0 0 1 0 0 0 0 0 1 0 0 0 1 0 1 0 0]"
26,0.7105490227316914,"[1 1 1 1 0 1 1 1 0 1 1 0 0 1 1 0 0 1 0 1 1 0 1 0 0 1 0 0 0 0 0 1 0 0 0 1 0 1 0 0]"
26,0.7105490227316914,"[1 1 1 1 0 1 1 1 0 1 1 0 0 1 1 0 0 1 0 1 1 0 1 0 0 1 0 0 0 0 0 1 0 0 0 1 0 1 0 0]"
26,0.7105490227316914,"[1 1 1 1 0 1 1 1 0 1 1 0 0 1 1 0 0 1 0 1 1 0 1 0 0 1 0 0 0 0 0 1 0 0 0 1 0 1 0 0]"
26,0.7105490227316914,"[1 1 1 1 0 1 1 1 0 1 1 0 0 1 1 0 0 1 0 1 1 0 1 0 0 1 0 0 0 0 0 1 0 0 0 1 0 1 0 0]"
26,0.7105490227316914,"[1 1 1 1 0 1 1 1 0 1 1 0 0 1 1 0 0 1 0 1 1 0 1 0 0 1 0 0 0 0 0 1 0 0 0 1 0 1 0 0]"
26,0.7105490227316914,"[1 1 1 1 0 1 1 1 0 1 1 0 0 1 1 0 0 1 0 1 1 0 1 0 0 1 0 0 0 0 0 1 0 0 0 1 0 1 0 0]"
27,0.7105490227316914,"[1 1 1 1 0 1 1 1 0 1 1 0 0 1 1 0 0 1 0 1 1 0 1 0 0 1 0 0 0 0 0 1 0 0 0 1 0 1 0 0]"
27,0.7105490227316914,"[1 1 1 1 0 1 1 1 0 1 1 0 0 1 1 0 0 1 0 1 1 0 1 0 0 1 0 0 0 0 0 1 0 0 0 1 0 1 0 0]"
27,0.7105490227316914,"[1 1 1 1 0 1 1 1 0 1 1 0 0 1 1 0 0 1 0 1 1 0 1 0 0 1 0 0 0 0 0 1 0 0 0 1 0 1 0 0]"
27,0.7105490227316914,"[1 1 1 1 0 1 1 1 0 1 1 0 0 1 1 0 0 1 0 1 1 0 1 0 0 1 0 0 0 0 0 1 0 0 0 1 0 1 0 0]"
27,0.7105490227316914,"[1 1 1 1 0 1 1 1 0 1 1 0 0 1 1 0 0 1 0 1 1 0 1 0 0 1 0 0 0 0 0 1 0 0 0 1 0 1 0 0]"
27,0.7105490227316914,"[1 1 1 1 0 1 1 1 0 1 1 0 0 1 1 0 0 1 0 1 1 0 1 0 0 1 0 0 0 0 0 1 0 0 0 1 0 1 0 0]"
27,0.7105490227316914,"[1 1 1 1 0 1 1 1 0 1 1 0 0 1 1 0 0 1 0 1 1 0 1 0 0 1 0 0 0 0 0 1 0 0 0 1 0 1 0 0]"
27,0.7105490227316914,"[1 1 1 1 0 1 1 1 0 1 1 0 0 1 1 0 0 1 0 1 1 0 1 0 0 1 0 0 0 0 0 1 0 0 0 1 0 1 0 0]"
27,0.7105490227316914,"[1 1 1 1 0 1 1 1 0 1 1 0 0 1 1 0 0 1 0 1 1 0 1 0 0 1 0 0 0 0 0 1 0 0 0 1 0 1 0 0]"
27,0.7105490227316914,"[1 1 1 1 0 1 1 1 0 1 1 0 0 1 1 0 0 1 0 1 1 0 1 0 0 1 0 0 0 0 0 1 0 0 0 1 0 1 0 0]"
27,0.7105490227316914,"[1 1 1 1 0 1 1 1 0 1 1 0 0 1 1 0 0 1 0 1 1 0 1 0 0 1 0 0 0 0 0 1 0 0 0 1 0 1 0 0]"
27,0.7105490227316914,"[1 1 1 1 0 1 1 1 0 1 1 0 0 1 1 0 0 1 0 1 1 0 1 0 0 1 0 0 0 0 0 1 0 0 0 1 0 1 0 0]"
27,0.7105490227316914,"[1 1 1 1 0 1 1 1 0 1 1 0 0 1 1 0 0 1 0 1 1 0 1 0 0 1 0 0 0 0 0 1 0 0 0 1 0 1 0 0]"
27,0.7105490227316914,"[1 1 1 1 0 1 1 1 0 1 1 0 0 1 1 0 0 1 0 1 1 0 1 0 0 1 0 0 0 0 0 1 0 0 0 1 0 1 0 0]"
27,0.7105490227316914,"[1 1 1 1 0 1 1 1 0 1 1 0 0 1 1 0 0 1 0 1 1 0 1 0 0 1 0 0 0 0 0 1 0 0 0 1 0 1 0 0]"
27,0.7105490227316914,"[1 1 1 1 0 1 1 1 0 1 1 0 0 1 1 0 0 1 0 1 1 0 1 0 0 1 0 0 0 0 0 1 0 0 0 1 0 1 0 0]"
27,0.7105490227316914,"[1 1 1 1 0 1 1 1 0 1 1 0 0 1 1 0 0 1 0 1 1 0 1 0 0 1 0 0 0 0 0 1 0 0 0 1 0 1 0 0]"
27,0.7105490227316914,"[1 1 1 1 0 1 1 1 0 1 1 0 0 1 1 0 0 1 0 1 1 0 1 0 0 1 0 0 0 0 0 1 0 0 0 1 0 1 0 0]"
27,0.7105490227316914,"[1 1 1 1 0 1 1 1 0 1 1 0 0 1 1 0 0 1 0 1 1 0 1 0 0 1 0 0 0 0 0 1 0 0 0 1 0 1 0 0]"
27,0.7105490227316914,"[1 1 1 1 0 1 1 1 0 1 1 0 0 1 1 0 0 1 0 1 1 0 1 0 0 1 0 0 0 0 0 1 0 0 0 1 0 1 0 0]"
27,0.7105490227316914,"[1 1 1 1 0 1 1 1 0 1 1 0 0 1 1 0 0 1 0 1 1 0 1 0 0 1 0 0 0 0 0 1 0 0 0 1 0 1 0 0]"
27,0.7105490227316914,"[1 1 1 1 0 1 1 1 0 1 1 0 0 1 1 0 0 1 0 1 1 0 1 0 0 1 0 0 0 0 0 1 0 0 0 1 0 1 0 0]"
27,0.7105490227316914,"[1 1 1 1 0 1 1 1 0 1 1 0 0 1 1 0 0 1 0 1 1 0 1 0 0 1 0 0 0 0 0 1 0 0 0 1 0 1 0 0]"
27,0.7105490227316914,"[1 1 1 1 0 1 1 1 0 1 1 0 0 1 1 0 0 1 0 1 1 0 1 0 0 1 0 0 0 0 0 1 0 0 0 1 0 1 0 0]"
27,0.7105490227316914,"[1 1 1 1 0 1 1 1 0 1 1 0 0 1 1 0 0 1 0 1 1 0 1 0 0 1 0 0 0 0 0 1 0 0 0 1 0 1 0 0]"
27,0.7105490227316914,"[1 1 1 1 0 1 1 1 0 1 1 0 0 1 1 0 0 1 0 1 1 0 1 0 0 1 0 0 0 0 0 1 0 0 0 1 0 1 0 0]"
27,0.7105490227316914,"[1 1 1 1 0 1 1 1 0 1 1 0 0 1 1 0 0 1 0 1 1 0 1 0 0 1 0 0 0 0 0 1 0 0 0 1 0 1 0 0]"
27,0.7105490227316914,"[1 1 1 1 0 1 1 1 0 1 1 0 0 1 1 0 0 1 0 1 1 0 1 0 0 1 0 0 0 0 0 1 0 0 0 1 0 1 0 0]"
27,0.7105490227316914,"[1 1 1 1 0 1 1 1 0 1 1 0 0 1 1 0 0 1 0 1 1 0 1 0 0 1 0 0 0 0 0 1 0 0 0 1 0 1 0 0]"
27,0.7105490227316914,"[1 1 1 1 0 1 1 1 0 1 1 0 0 1 1 0 0 1 0 1 1 0 1 0 0 1 0 0 0 0 0 1 0 0 0 1 0 1 0 0]"
27,0.7105490227316914,"[1 1 1 1 0 1 1 1 0 1 1 0 0 1 1 0 0 1 0 1 1 0 1 0 0 1 0 0 0 0 0 1 0 0 0 1 0 1 0 0]"
27,0.7105490227316914,"[1 1 1 1 0 1 1 1 0 1 1 0 0 1 1 0 0 1 0 1 1 0 1 0 0 1 0 0 0 0 0 1 0 0 0 1 0 1 0 0]"
27,0.7105490227316914,"[1 1 1 1 0 1 1 1 0 1 1 0 0 1 1 0 0 1 0 1 1 0 1 0 0 1 0 0 0 0 0 1 0 0 0 1 0 1 0 0]"
27,0.7105490227316914,"[1 1 1 1 0 1 1 1 0 1 1 0 0 1 1 0 0 1 0 1 1 0 1 0 0 1 0 0 0 0 0 1 0 0 0 1 0 1 0 0]"
27,0.7105490227316914,"[1 1 1 1 0 1 1 1 0 1 1 0 0 1 1 0 0 1 0 1 1 0 1 0 0 1 0 0 0 0 0 1 0 0 0 1 0 1 0 0]"
27,0.7105490227316914,"[1 1 1 1 0 1 1 1 0 1 1 0 0 1 1 0 0 1 0 1 1 0 1 0 0 1 0 0 0 0 0 1 0 0 0 1 0 1 0 0]"
27,0.7105490227316914,"[1 1 1 1 0 1 1 1 0 1 1 0 0 1 1 0 0 1 0 1 1 0 1 0 0 1 0 0 0 0 0 1 0 0 0 1 0 1 0 0]"
27,0.7105490227316914,"[1 1 1 1 0 1 1 1 0 1 1 0 0 1 1 0 0 1 0 1 1 0 1 0 0 1 0 0 0 0 0 1 0 0 0 1 0 1 0 0]"
27,0.7105490227316914,"[1 1 1 1 0 1 1 1 0 1 1 0 0 1 1 0 0 1 0 1 1 0 1 0 0 1 0 0 0 0 0 1 0 0 0 1 0 1 0 0]"
27,0.7105490227316914,"[1 1 1 1 0 1 1 1 0 1 1 0 0 1 1 0 0 1 0 1 1 0 1 0 0 1 0 0 0 0 0 1 0 0 0 1 0 1 0 0]"
27,0.7105490227316914,"[1 1 1 1 0 1 1 1 0 1 1 0 0 1 1 0 0 1 0 1 1 0 1 0 0 1 0 0 0 0 0 1 0 0 0 1 0 1 0 0]"
27,0.7105490227316914,"[1 1 1 1 0 1 1 1 0 1 1 0 0 1 1 0 0 1 0 1 1 0 1 0 0 1 0 0 0 0 0 1 0 0 0 1 0 1 0 0]"
27,0.7105490227316914,"[1 1 1 1 0 1 1 1 0 1 1 0 0 1 1 0 0 1 0 1 1 0 1 0 0 1 0 0 0 0 0 1 0 0 0 1 0 1 0 0]"
27,0.7105490227316914,"[1 1 1 1 0 1 1 1 0 1 1 0 0 1 1 0 0 1 0 1 1 0 1 0 0 1 0 0 0 0 0 1 0 0 0 1 0 1 0 0]"
27,0.7105490227316914,"[1 1 1 1 0 1 1 1 0 1 1 0 0 1 1 0 0 1 0 1 1 0 1 0 0 1 0 0 0 0 0 1 0 0 0 1 0 1 0 0]"
27,0.7105490227316914,"[1 1 1 1 0 1 1 1 0 1 1 0 0 1 1 0 0 1 0 1 1 0 1 0 0 1 0 0 0 0 0 1 0 0 0 1 0 1 0 0]"
27,0.7105490227316914,"[1 1 1 1 0 1 1 1 0 1 1 0 0 1 1 0 0 1 0 1 1 0 1 0 0 1 0 0 0 0 0 1 0 0 0 1 0 1 0 0]"
27,0.7105490227316914,"[1 1 1 1 0 1 1 1 0 1 1 0 0 1 1 0 0 1 0 1 1 0 1 0 0 1 0 0 0 0 0 1 0 0 0 1 0 1 0 0]"
27,0.7105490227316914,"[1 1 1 1 0 1 1 1 0 1 1 0 0 1 1 0 0 1 0 1 1 0 1 0 0 1 0 0 0 0 0 1 0 0 0 1 0 1 0 0]"
27,0.7105490227316914,"[1 1 1 1 0 1 1 1 0 1 1 0 0 1 1 0 0 1 0 1 1 0 1 0 0 1 0 0 0 0 0 1 0 0 0 1 0 1 0 0]"
27,0.7105490227316914,"[1 1 1 1 0 1 1 1 0 1 1 0 0 1 1 0 0 1 0 1 1 0 1 0 0 1 0 0 0 0 0 1 0 0 0 1 0 1 0 0]"
27,0.7105490227316914,"[1 1 1 1 0 1 1 1 0 1 1 0 0 1 1 0 0 1 0 1 1 0 1 0 0 1 0 0 0 0 0 1 0 0 0 1 0 1 0 0]"
27,0.7105490227316914,"[1 1 1 1 0 1 1 1 0 1 1 0 0 1 1 0 0 1 0 1 1 0 1 0 0 1 0 0 0 0 0 1 0 0 0 1 0 1 0 0]"
27,0.7105490227316914,"[1 1 1 1 0 1 1 1 0 1 1 0 0 1 1 0 0 1 0 1 1 0 1 0 0 1 0 0 0 0 0 1 0 0 0 1 0 1 0 0]"
27,0.7105490227316914,"[1 1 1 1 0 1 1 1 0 1 1 0 0 1 1 0 0 1 0 1 1 0 1 0 0 1 0 0 0 0 0 1 0 0 0 1 0 1 0 0]"
27,0.7105490227316914,"[1 1 1 1 0 1 1 1 0 1 1 0 0 1 1 0 0 1 0 1 1 0 1 0 0 1 0 0 0 0 0 1 0 0 0 1 0 1 0 0]"
27,0.7105490227316914,"[1 1 1 1 0 1 1 1 0 1 1 0 0 1 1 0 0 1 0 1 1 0 1 0 0 1 0 0 0 0 0 1 0 0 0 1 0 1 0 0]"
27,0.7105490227316914,"[1 1 1 1 0 1 1 1 0 1 1 0 0 1 1 0 0 1 0 1 1 0 1 0 0 1 0 0 0 0 0 1 0 0 0 1 0 1 0 0]"
27,0.7105490227316914,"[1 1 1 1 0 1 1 1 0 1 1 0 0 1 1 0 0 1 0 1 1 0 1 0 0 1 0 0 0 0 0 1 0 0 0 1 0 1 0 0]"
27,0.7105490227316914,"[1 1 1 1 0 1 1 1 0 1 1 0 0 1 1 0 0 1 0 1 1 0 1 0 0 1 0 0 0 0 0 1 0 0 0 1 0 1 0 0]"
27,0.7105490227316914,"[1 1 1 1 0 1 1 1 0 1 1 0 0 1 1 0 0 1 0 1 1 0 1 0 0 1 0 0 0 0 0 1 0 0 0 1 0 1 0 0]"
27,0.7105490227316914,"[1 1 1 1 0 1 1 1 0 1 1 0 0 1 1 0 0 1 0 1 1 0 1 0 0 1 0 0 0 0 0 1 0 0 0 1 0 1 0 0]"
27,0.7105490227316914,"[1 1 1 1 0 1 1 1 0 1 1 0 0 1 1 0 0 1 0 1 1 0 1 0 0 1 0 0 0 0 0 1 0 0 0 1 0 1 0 0]"
27,0.7105490227316914,"[1 1 1 1 0 1 1 1 0 1 1 0 0 1 1 0 0 1 0 1 1 0 1 0 0 1 0 0 0 0 0 1 0 0 0 1 0 1 0 0]"
27,0.7105490227316914,"[1 1 1 1 0 1 1 1 0 1 1 0 0 1 1 0 0 1 0 1 1 0 1 0 0 1 0 0 0 0 0 1 0 0 0 1 0 1 0 0]"
27,0.7105490227316914,"[1 1 1 1 0 1 1 1 0 1 1 0 0 1 1 0 0 1 0 1 1 0 1 0 0 1 0 0 0 0 0 1 0 0 0 1 0 1 0 0]"
27,0.7105490227316914,"[1 1 1 1 0 1 1 1 0 1 1 0 0 1 1 0 0 1 0 1 1 0 1 0 0 1 0 0 0 0 0 1 0 0 0 1 0 1 0 0]"
27,0.7105490227316914,"[1 1 1 1 0 1 1 1 0 1 1 0 0 1 1 0 0 1 0 1 1 0 1 0 0 1 0 0 0 0 0 1 0 0 0 1 0 1 0 0]"
27,0.7105490227316914,"[1 1 1 1 0 1 1 1 0 1 1 0 0 1 1 0 0 1 0 1 1 0 1 0 0 1 0 0 0 0 0 1 0 0 0 1 0 1 0 0]"
27,0.7105490227316914,"[1 1 1 1 0 1 1 1 0 1 1 0 0 1 1 0 0 1 0 1 1 0 1 0 0 1 0 0 0 0 0 1 0 0 0 1 0 1 0 0]"
27,0.7105490227316914,"[1 1 1 1 0 1 1 1 0 1 1 0 0 1 1 0 0 1 0 1 1 0 1 0 0 1 0 0 0 0 0 1 0 0 0 1 0 1 0 0]"
27,0.7105490227316914,"[1 1 1 1 0 1 1 1 0 1 1 0 0 1 1 0 0 1 0 1 1 0 1 0 0 1 0 0 0 0 0 1 0 0 0 1 0 1 0 0]"
27,0.7105490227316914,"[1 1 1 1 0 1 1 1 0 1 1 0 0 1 1 0 0 1 0 1 1 0 1 0 0 1 0 0 0 0 0 1 0 0 0 1 0 1 0 0]"
27,0.7105490227316914,"[1 1 1 1 0 1 1 1 0 1 1 0 0 1 1 0 0 1 0 1 1 0 1 0 0 1 0 0 0 0 0 1 0 0 0 1 0 1 0 0]"
27,0.7105490227316914,"[1 1 1 1 0 1 1 1 0 1 1 0 0 1 1 0 0 1 0 1 1 0 1 0 0 1 0 0 0 0 0 1 0 0 0 1 0 1 0 0]"
27,0.7105490227316914,"[1 1 1 1 0 1 1 1 0 1 1 0 0 1 1 0 0 1 0 1 1 0 1 0 0 1 0 0 0 0 0 1 0 0 0 1 0 1 0 0]"
27,0.7105490227316914,"[1 1 1 1 0 1 1 1 0 1 1 0 0 1 1 0 0 1 0 1 1 0 1 0 0 1 0 0 0 0 0 1 0 0 0 1 0 1 0 0]"
27,0.7105490227316914,"[1 1 1 1 0 1 1 1 0 1 1 0 0 1 1 0 0 1 0 1 1 0 1 0 0 1 0 0 0 0 0 1 0 0 0 1 0 1 0 0]"
27,0.7105490227316914,"[1 1 1 1 0 1 1 1 0 1 1 0 0 1 1 0 0 1 0 1 1 0 1 0 0 1 0 0 0 0 0 1 0 0 0 1 0 1 0 0]"
27,0.7105490227316914,"[1 1 1 1 0 1 1 1 0 1 1 0 0 1 1 0 0 1 0 1 1 0 1 0 0 1 0 0 0 0 0 1 0 0 0 1 0 1 0 0]"
27,0.7105490227316914,"[1 1 1 1 0 1 1 1 0 1 1 0 0 1 1 0 0 1 0 1 1 0 1 0 0 1 0 0 0 0 0 1 0 0 0 1 0 1 0 0]"
27,0.7105490227316914,"[1 1 1 1 0 1 1 1 0 1 1 0 0 1 1 0 0 1 0 1 1 0 1 0 0 1 0 0 0 0 0 1 0 0 0 1 0 1 0 0]"
27,0.7105490227316914,"[1 1 1 1 0 1 1 1 0 1 1 0 0 1 1 0 0 1 0 1 1 0 1 0 0 1 0 0 0 0 0 1 0 0 0 1 0 1 0 0]"
27,0.7105490227316914,"[1 1 1 1 0 1 1 1 0 1 1 0 0 1 1 0 0 1 0 1 1 0 1 0 0 1 0 0 0 0 0 1 0 0 0 1 0 1 0 0]"
27,0.7105490227316914,"[1 1 1 1 0 1 1 1 0 1 1 0 0 1 1 0 0 1 0 1 1 0 1 0 0 1 0 0 0 0 0 1 0 0 0 1 0 1 0 0]"
27,0.7105490227316914,"[1 1 1 1 0 1 1 1 0 1 1 0 0 1 1 0 0 1 0 1 1 0 1 0 0 1 0 0 0 0 0 1 0 0 0 1 0 1 0 0]"
27,0.7105490227316914,"[1 1 1 1 0 1 1 1 0 1 1 0 0 1 1 0 0 1 0 1 1 0 1 0 0 1 0 0 0 0 0 1 0 0 0 1 0 1 0 0]"
27,0.7105490227316914,"[1 1 1 1 0 1 1 1 0 1 1 0 0 1 1 0 0 1 0 1 1 0 1 0 0 1 0 0 0 0 0 1 0 0 0 1 0 1 0 0]"
27,0.7105490227316914,"[1 1 1 1 0 1 1 1 0 1 1 0 0 1 1 0 0 1 0 1 1 0 1 0 0 1 0 0 0 0 0 1 0 0 0 1 0 1 0 0]"
27,0.7105490227316914,"[1 1 1 1 0 1 1 1 0 1 1 0 0 1 1 0 0 1 0 1 1 0 1 0 0 1 0 0 0 0 0 1 0 0 0 1 0 1 0 0]"
27,0.7105490227316914,"[1 1 1 1 0 1 1 1 0 1 1 0 0 1 1 0 0 1 0 1 1 0 1 0 0 1 0 0 0 0 0 1 0 0 0 1 0 1 0 0]"
27,0.7105490227316914,"[1 1 1 1 0 1 1 1 0 1 1 0 0 1 1 0 0 1 0 1 1 0 1 0 0 1 0 0 0 0 0 1 0 0 0 1 0 1 0 0]"
27,0.7105490227316914,"[1 1 1 1 0 1 1 1 0 1 1 0 0 1 1 0 0 1 0 1 1 0 1 0 0 1 0 0 0 0 0 1 0 0 0 1 0 1 0 0]"
27,0.7105490227316914,"[1 1 1 1 0 1 1 1 0 1 1 0 0 1 1 0 0 1 0 1 1 0 1 0 0 1 0 0 0 0 0 1 0 0 0 1 0 1 0 0]"
27,0.7105490227316914,"[1 1 1 1 0 1 1 1 0 1 1 0 0 1 1 0 0 1 0 1 1 0 1 0 0 1 0 0 0 0 0 1 0 0 0 1 0 1 0 0]"
27,0.7105490227316914,"[1 1 1 1 0 1 1 1 0 1 1 0 0 1 1 0 0 1 0 1 1 0 1 0 0 1 0 0 0 0 0 1 0 0 0 1 0 1 0 0]"
27,0.7105490227316914,"[1 1 1 1 0 1 1 1 0 1 1 0 0 1 1 0 0 1 0 1 1 0 1 0 0 1 0 0 0 0 0 1 0 0 0 1 0 1 0 0]"
27,0.7105490227316914,"[1 1 1 1 0 1 1 1 0 1 1 0 0 1 1 0 0 1 0 1 1 0 1 0 0 1 0 0 0 0 0 1 0 0 0 1 0 1 0 0]"
27,0.7105490227316914,"[1 1 1 1 0 1 1 1 0 1 1 0 0 1 1 0 0 1 0 1 1 0 1 0 0 1 0 0 0 0 0 1 0 0 0 1 0 1 0 0]"
27,0.7105490227316914,"[1 1 1 1 0 1 1 1 0 1 1 0 0 1 1 0 0 1 0 1 1 0 1 0 0 1 0 0 0 0 0 1 0 0 0 1 0 1 0 0]"
28,0.7105490227316914,"[1 1 1 1 0 1 1 1 0 1 1 0 0 1 1 0 0 1 0 1 1 0 1 0 0 1 0 0 0 0 0 1 0 0 0 1 0 1 0 0]"
28,0.7105490227316914,"[1 1 1 1 0 1 1 1 0 1 1 0 0 1 1 0 0 1 0 1 1 0 1 0 0 1 0 0 0 0 0 1 0 0 0 1 0 1 0 0]"
28,0.7105490227316914,"[1 1 1 1 0 1 1 1 0 1 1 0 0 1 1 0 0 1 0 1 1 0 1 0 0 1 0 0 0 0 0 1 0 0 0 1 0 1 0 0]"
28,0.7105490227316914,"[1 1 1 1 0 1 1 1 0 1 1 0 0 1 1 0 0 1 0 1 1 0 1 0 0 1 0 0 0 0 0 1 0 0 0 1 0 1 0 0]"
28,0.7105490227316914,"[1 1 1 1 0 1 1 1 0 1 1 0 0 1 1 0 0 1 0 1 1 0 1 0 0 1 0 0 0 0 0 1 0 0 0 1 0 1 0 0]"
28,0.7105490227316914,"[1 1 1 1 0 1 1 1 0 1 1 0 0 1 1 0 0 1 0 1 1 0 1 0 0 1 0 0 0 0 0 1 0 0 0 1 0 1 0 0]"
28,0.7105490227316914,"[1 1 1 1 0 1 1 1 0 1 1 0 0 1 1 0 0 1 0 1 1 0 1 0 0 1 0 0 0 0 0 1 0 0 0 1 0 1 0 0]"
28,0.7105490227316914,"[1 1 1 1 0 1 1 1 0 1 1 0 0 1 1 0 0 1 0 1 1 0 1 0 0 1 0 0 0 0 0 1 0 0 0 1 0 1 0 0]"
28,0.7105490227316914,"[1 1 1 1 0 1 1 1 0 1 1 0 0 1 1 0 0 1 0 1 1 0 1 0 0 1 0 0 0 0 0 1 0 0 0 1 0 1 0 0]"
28,0.7105490227316914,"[1 1 1 1 0 1 1 1 0 1 1 0 0 1 1 0 0 1 0 1 1 0 1 0 0 1 0 0 0 0 0 1 0 0 0 1 0 1 0 0]"
28,0.7105490227316914,"[1 1 1 1 0 1 1 1 0 1 1 0 0 1 1 0 0 1 0 1 1 0 1 0 0 1 0 0 0 0 0 1 0 0 0 1 0 1 0 0]"
28,0.7105490227316914,"[1 1 1 1 0 1 1 1 0 1 1 0 0 1 1 0 0 1 0 1 1 0 1 0 0 1 0 0 0 0 0 1 0 0 0 1 0 1 0 0]"
28,0.7105490227316914,"[1 1 1 1 0 1 1 1 0 1 1 0 0 1 1 0 0 1 0 1 1 0 1 0 0 1 0 0 0 0 0 1 0 0 0 1 0 1 0 0]"
28,0.7105490227316914,"[1 1 1 1 0 1 1 1 0 1 1 0 0 1 1 0 0 1 0 1 1 0 1 0 0 1 0 0 0 0 0 1 0 0 0 1 0 1 0 0]"
28,0.7105490227316914,"[1 1 1 1 0 1 1 1 0 1 1 0 0 1 1 0 0 1 0 1 1 0 1 0 0 1 0 0 0 0 0 1 0 0 0 1 0 1 0 0]"
28,0.7105490227316914,"[1 1 1 1 0 1 1 1 0 1 1 0 0 1 1 0 0 1 0 1 1 0 1 0 0 1 0 0 0 0 0 1 0 0 0 1 0 1 0 0]"
28,0.7105490227316914,"[1 1 1 1 0 1 1 1 0 1 1 0 0 1 1 0 0 1 0 1 1 0 1 0 0 1 0 0 0 0 0 1 0 0 0 1 0 1 0 0]"
28,0.7105490227316914,"[1 1 1 1 0 1 1 1 0 1 1 0 0 1 1 0 0 1 0 1 1 0 1 0 0 1 0 0 0 0 0 1 0 0 0 1 0 1 0 0]"
28,0.7105490227316914,"[1 1 1 1 0 1 1 1 0 1 1 0 0 1 1 0 0 1 0 1 1 0 1 0 0 1 0 0 0 0 0 1 0 0 0 1 0 1 0 0]"
28,0.7105490227316914,"[1 1 1 1 0 1 1 1 0 1 1 0 0 1 1 0 0 1 0 1 1 0 1 0 0 1 0 0 0 0 0 1 0 0 0 1 0 1 0 0]"
28,0.7105490227316914,"[1 1 1 1 0 1 1 1 0 1 1 0 0 1 1 0 0 1 0 1 1 0 1 0 0 1 0 0 0 0 0 1 0 0 0 1 0 1 0 0]"
28,0.7105490227316914,"[1 1 1 1 0 1 1 1 0 1 1 0 0 1 1 0 0 1 0 1 1 0 1 0 0 1 0 0 0 0 0 1 0 0 0 1 0 1 0 0]"
28,0.7105490227316914,"[1 1 1 1 0 1 1 1 0 1 1 0 0 1 1 0 0 1 0 1 1 0 1 0 0 1 0 0 0 0 0 1 0 0 0 1 0 1 0 0]"
28,0.7105490227316914,"[1 1 1 1 0 1 1 1 0 1 1 0 0 1 1 0 0 1 0 1 1 0 1 0 0 1 0 0 0 0 0 1 0 0 0 1 0 1 0 0]"
28,0.7105490227316914,"[1 1 1 1 0 1 1 1 0 1 1 0 0 1 1 0 0 1 0 1 1 0 1 0 0 1 0 0 0 0 0 1 0 0 0 1 0 1 0 0]"
28,0.7105490227316914,"[1 1 1 1 0 1 1 1 0 1 1 0 0 1 1 0 0 1 0 1 1 0 1 0 0 1 0 0 0 0 0 1 0 0 0 1 0 1 0 0]"
28,0.7105490227316914,"[1 1 1 1 0 1 1 1 0 1 1 0 0 1 1 0 0 1 0 1 1 0 1 0 0 1 0 0 0 0 0 1 0 0 0 1 0 1 0 0]"
28,0.7105490227316914,"[1 1 1 1 0 1 1 1 0 1 1 0 0 1 1 0 0 1 0 1 1 0 1 0 0 1 0 0 0 0 0 1 0 0 0 1 0 1 0 0]"
28,0.7105490227316914,"[1 1 1 1 0 1 1 1 0 1 1 0 0 1 1 0 0 1 0 1 1 0 1 0 0 1 0 0 0 0 0 1 0 0 0 1 0 1 0 0]"
28,0.7105490227316914,"[1 1 1 1 0 1 1 1 0 1 1 0 0 1 1 0 0 1 0 1 1 0 1 0 0 1 0 0 0 0 0 1 0 0 0 1 0 1 0 0]"
28,0.7105490227316914,"[1 1 1 1 0 1 1 1 0 1 1 0 0 1 1 0 0 1 0 1 1 0 1 0 0 1 0 0 0 0 0 1 0 0 0 1 0 1 0 0]"
28,0.7105490227316914,"[1 1 1 1 0 1 1 1 0 1 1 0 0 1 1 0 0 1 0 1 1 0 1 0 0 1 0 0 0 0 0 1 0 0 0 1 0 1 0 0]"
28,0.7105490227316914,"[1 1 1 1 0 1 1 1 0 1 1 0 0 1 1 0 0 1 0 1 1 0 1 0 0 1 0 0 0 0 0 1 0 0 0 1 0 1 0 0]"
28,0.7105490227316914,"[1 1 1 1 0 1 1 1 0 1 1 0 0 1 1 0 0 1 0 1 1 0 1 0 0 1 0 0 0 0 0 1 0 0 0 1 0 1 0 0]"
28,0.7105490227316914,"[1 1 1 1 0 1 1 1 0 1 1 0 0 1 1 0 0 1 0 1 1 0 1 0 0 1 0 0 0 0 0 1 0 0 0 1 0 1 0 0]"
28,0.7105490227316914,"[1 1 1 1 0 1 1 1 0 1 1 0 0 1 1 0 0 1 0 1 1 0 1 0 0 1 0 0 0 0 0 1 0 0 0 1 0 1 0 0]"
28,0.7105490227316914,"[1 1 1 1 0 1 1 1 0 1 1 0 0 1 1 0 0 1 0 1 1 0 1 0 0 1 0 0 0 0 0 1 0 0 0 1 0 1 0 0]"
28,0.7105490227316914,"[1 1 1 1 0 1 1 1 0 1 1 0 0 1 1 0 0 1 0 1 1 0 1 0 0 1 0 0 0 0 0 1 0 0 0 1 0 1 0 0]"
28,0.7105490227316914,"[1 1 1 1 0 1 1 1 0 1 1 0 0 1 1 0 0 1 0 1 1 0 1 0 0 1 0 0 0 0 0 1 0 0 0 1 0 1 0 0]"
28,0.7105490227316914,"[1 1 1 1 0 1 1 1 0 1 1 0 0 1 1 0 0 1 0 1 1 0 1 0 0 1 0 0 0 0 0 1 0 0 0 1 0 1 0 0]"
28,0.7105490227316914,"[1 1 1 1 0 1 1 1 0 1 1 0 0 1 1 0 0 1 0 1 1 0 1 0 0 1 0 0 0 0 0 1 0 0 0 1 0 1 0 0]"
28,0.7105490227316914,"[1 1 1 1 0 1 1 1 0 1 1 0 0 1 1 0 0 1 0 1 1 0 1 0 0 1 0 0 0 0 0 1 0 0 0 1 0 1 0 0]"
28,0.7105490227316914,"[1 1 1 1 0 1 1 1 0 1 1 0 0 1 1 0 0 1 0 1 1 0 1 0 0 1 0 0 0 0 0 1 0 0 0 1 0 1 0 0]"
28,0.7105490227316914,"[1 1 1 1 0 1 1 1 0 1 1 0 0 1 1 0 0 1 0 1 1 0 1 0 0 1 0 0 0 0 0 1 0 0 0 1 0 1 0 0]"
28,0.7105490227316914,"[1 1 1 1 0 1 1 1 0 1 1 0 0 1 1 0 0 1 0 1 1 0 1 0 0 1 0 0 0 0 0 1 0 0 0 1 0 1 0 0]"
28,0.7105490227316914,"[1 1 1 1 0 1 1 1 0 1 1 0 0 1 1 0 0 1 0 1 1 0 1 0 0 1 0 0 0 0 0 1 0 0 0 1 0 1 0 0]"
28,0.7105490227316914,"[1 1 1 1 0 1 1 1 0 1 1 0 0 1 1 0 0 1 0 1 1 0 1 0 0 1 0 0 0 0 0 1 0 0 0 1 0 1 0 0]"
28,0.7105490227316914,"[1 1 1 1 0 1 1 1 0 1 1 0 0 1 1 0 0 1 0 1 1 0 1 0 0 1 0 0 0 0 0 1 0 0 0 1 0 1 0 0]"
28,0.7105490227316914,"[1 1 1 1 0 1 1 1 0 1 1 0 0 1 1 0 0 1 0 1 1 0 1 0 0 1 0 0 0 0 0 1 0 0 0 1 0 1 0 0]"
28,0.7105490227316914,"[1 1 1 1 0 1 1 1 0 1 1 0 0 1 1 0 0 1 0 1 1 0 1 0 0 1 0 0 0 0 0 1 0 0 0 1 0 1 0 0]"
28,0.7105490227316914,"[1 1 1 1 0 1 1 1 0 1 1 0 0 1 1 0 0 1 0 1 1 0 1 0 0 1 0 0 0 0 0 1 0 0 0 1 0 1 0 0]"
28,0.7105490227316914,"[1 1 1 1 0 1 1 1 0 1 1 0 0 1 1 0 0 1 0 1 1 0 1 0 0 1 0 0 0 0 0 1 0 0 0 1 0 1 0 0]"
28,0.7105490227316914,"[1 1 1 1 0 1 1 1 0 1 1 0 0 1 1 0 0 1 0 1 1 0 1 0 0 1 0 0 0 0 0 1 0 0 0 1 0 1 0 0]"
28,0.7105490227316914,"[1 1 1 1 0 1 1 1 0 1 1 0 0 1 1 0 0 1 0 1 1 0 1 0 0 1 0 0 0 0 0 1 0 0 0 1 0 1 0 0]"
28,0.7105490227316914,"[1 1 1 1 0 1 1 1 0 1 1 0 0 1 1 0 0 1 0 1 1 0 1 0 0 1 0 0 0 0 0 1 0 0 0 1 0 1 0 0]"
28,0.7105490227316914,"[1 1 1 1 0 1 1 1 0 1 1 0 0 1 1 0 0 1 0 1 1 0 1 0 0 1 0 0 0 0 0 1 0 0 0 1 0 1 0 0]"
28,0.7105490227316914,"[1 1 1 1 0 1 1 1 0 1 1 0 0 1 1 0 0 1 0 1 1 0 1 0 0 1 0 0 0 0 0 1 0 0 0 1 0 1 0 0]"
28,0.7105490227316914,"[1 1 1 1 0 1 1 1 0 1 1 0 0 1 1 0 0 1 0 1 1 0 1 0 0 1 0 0 0 0 0 1 0 0 0 1 0 1 0 0]"
28,0.7105490227316914,"[1 1 1 1 0 1 1 1 0 1 1 0 0 1 1 0 0 1 0 1 1 0 1 0 0 1 0 0 0 0 0 1 0 0 0 1 0 1 0 0]"
28,0.7105490227316914,"[1 1 1 1 0 1 1 1 0 1 1 0 0 1 1 0 0 1 0 1 1 0 1 0 0 1 0 0 0 0 0 1 0 0 0 1 0 1 0 0]"
28,0.7105490227316914,"[1 1 1 1 0 1 1 1 0 1 1 0 0 1 1 0 0 1 0 1 1 0 1 0 0 1 0 0 0 0 0 1 0 0 0 1 0 1 0 0]"
28,0.7105490227316914,"[1 1 1 1 0 1 1 1 0 1 1 0 0 1 1 0 0 1 0 1 1 0 1 0 0 1 0 0 0 0 0 1 0 0 0 1 0 1 0 0]"
28,0.7105490227316914,"[1 1 1 1 0 1 1 1 0 1 1 0 0 1 1 0 0 1 0 1 1 0 1 0 0 1 0 0 0 0 0 1 0 0 0 1 0 1 0 0]"
28,0.7105490227316914,"[1 1 1 1 0 1 1 1 0 1 1 0 0 1 1 0 0 1 0 1 1 0 1 0 0 1 0 0 0 0 0 1 0 0 0 1 0 1 0 0]"
28,0.7105490227316914,"[1 1 1 1 0 1 1 1 0 1 1 0 0 1 1 0 0 1 0 1 1 0 1 0 0 1 0 0 0 0 0 1 0 0 0 1 0 1 0 0]"
28,0.7105490227316914,"[1 1 1 1 0 1 1 1 0 1 1 0 0 1 1 0 0 1 0 1 1 0 1 0 0 1 0 0 0 0 0 1 0 0 0 1 0 1 0 0]"
28,0.7105490227316914,"[1 1 1 1 0 1 1 1 0 1 1 0 0 1 1 0 0 1 0 1 1 0 1 0 0 1 0 0 0 0 0 1 0 0 0 1 0 1 0 0]"
28,0.7105490227316914,"[1 1 1 1 0 1 1 1 0 1 1 0 0 1 1 0 0 1 0 1 1 0 1 0 0 1 0 0 0 0 0 1 0 0 0 1 0 1 0 0]"
28,0.7105490227316914,"[1 1 1 1 0 1 1 1 0 1 1 0 0 1 1 0 0 1 0 1 1 0 1 0 0 1 0 0 0 0 0 1 0 0 0 1 0 1 0 0]"
28,0.7105490227316914,"[1 1 1 1 0 1 1 1 0 1 1 0 0 1 1 0 0 1 0 1 1 0 1 0 0 1 0 0 0 0 0 1 0 0 0 1 0 1 0 0]"
28,0.7105490227316914,"[1 1 1 1 0 1 1 1 0 1 1 0 0 1 1 0 0 1 0 1 1 0 1 0 0 1 0 0 0 0 0 1 0 0 0 1 0 1 0 0]"
28,0.7105490227316914,"[1 1 1 1 0 1 1 1 0 1 1 0 0 1 1 0 0 1 0 1 1 0 1 0 0 1 0 0 0 0 0 1 0 0 0 1 0 1 0 0]"
28,0.7105490227316914,"[1 1 1 1 0 1 1 1 0 1 1 0 0 1 1 0 0 1 0 1 1 0 1 0 0 1 0 0 0 0 0 1 0 0 0 1 0 1 0 0]"
28,0.7105490227316914,"[1 1 1 1 0 1 1 1 0 1 1 0 0 1 1 0 0 1 0 1 1 0 1 0 0 1 0 0 0 0 0 1 0 0 0 1 0 1 0 0]"
28,0.7105490227316914,"[1 1 1 1 0 1 1 1 0 1 1 0 0 1 1 0 0 1 0 1 1 0 1 0 0 1 0 0 0 0 0 1 0 0 0 1 0 1 0 0]"
28,0.7105490227316914,"[1 1 1 1 0 1 1 1 0 1 1 0 0 1 1 0 0 1 0 1 1 0 1 0 0 1 0 0 0 0 0 1 0 0 0 1 0 1 0 0]"
28,0.7105490227316914,"[1 1 1 1 0 1 1 1 0 1 1 0 0 1 1 0 0 1 0 1 1 0 1 0 0 1 0 0 0 0 0 1 0 0 0 1 0 1 0 0]"
28,0.7105490227316914,"[1 1 1 1 0 1 1 1 0 1 1 0 0 1 1 0 0 1 0 1 1 0 1 0 0 1 0 0 0 0 0 1 0 0 0 1 0 1 0 0]"
28,0.7105490227316914,"[1 1 1 1 0 1 1 1 0 1 1 0 0 1 1 0 0 1 0 1 1 0 1 0 0 1 0 0 0 0 0 1 0 0 0 1 0 1 0 0]"
28,0.7105490227316914,"[1 1 1 1 0 1 1 1 0 1 1 0 0 1 1 0 0 1 0 1 1 0 1 0 0 1 0 0 0 0 0 1 0 0 0 1 0 1 0 0]"
28,0.7105490227316914,"[1 1 1 1 0 1 1 1 0 1 1 0 0 1 1 0 0 1 0 1 1 0 1 0 0 1 0 0 0 0 0 1 0 0 0 1 0 1 0 0]"
28,0.7105490227316914,"[1 1 1 1 0 1 1 1 0 1 1 0 0 1 1 0 0 1 0 1 1 0 1 0 0 1 0 0 0 0 0 1 0 0 0 1 0 1 0 0]"
28,0.7105490227316914,"[1 1 1 1 0 1 1 1 0 1 1 0 0 1 1 0 0 1 0 1 1 0 1 0 0 1 0 0 0 0 0 1 0 0 0 1 0 1 0 0]"
28,0.7105490227316914,"[1 1 1 1 0 1 1 1 0 1 1 0 0 1 1 0 0 1 0 1 1 0 1 0 0 1 0 0 0 0 0 1 0 0 0 1 0 1 0 0]"
28,0.7105490227316914,"[1 1 1 1 0 1 1 1 0 1 1 0 0 1 1 0 0 1 0 1 1 0 1 0 0 1 0 0 0 0 0 1 0 0 0 1 0 1 0 0]"
28,0.7105490227316914,"[1 1 1 1 0 1 1 1 0 1 1 0 0 1 1 0 0 1 0 1 1 0 1 0 0 1 0 0 0 0 0 1 0 0 0 1 0 1 0 0]"
28,0.7105490227316914,"[1 1 1 1 0 1 1 1 0 1 1 0 0 1 1 0 0 1 0 1 1 0 1 0 0 1 0 0 0 0 0 1 0 0 0 1 0 1 0 0]"
28,0.7105490227316914,"[1 1 1 1 0 1 1 1 0 1 1 0 0 1 1 0 0 1 0 1 1 0 1 0 0 1 0 0 0 0 0 1 0 0 0 1 0 1 0 0]"
28,0.7105490227316914,"[1 1 1 1 0 1 1 1 0 1 1 0 0 1 1 0 0 1 0 1 1 0 1 0 0 1 0 0 0 0 0 1 0 0 0 1 0 1 0 0]"
28,0.7105490227316914,"[1 1 1 1 0 1 1 1 0 1 1 0 0 1 1 0 0 1 0 1 1 0 1 0 0 1 0 0 0 0 0 1 0 0 0 1 0 1 0 0]"
28,0.7105490227316914,"[1 1 1 1 0 1 1 1 0 1 1 0 0 1 1 0 0 1 0 1 1 0 1 0 0 1 0 0 0 0 0 1 0 0 0 1 0 1 0 0]"
28,0.7105490227316914,"[1 1 1 1 0 1 1 1 0 1 1 0 0 1 1 0 0 1 0 1 1 0 1 0 0 1 0 0 0 0 0 1 0 0 0 1 0 1 0 0]"
28,0.7105490227316914,"[1 1 1 1 0 1 1 1 0 1 1 0 0 1 1 0 0 1 0 1 1 0 1 0 0 1 0 0 0 0 0 1 0 0 0 1 0 1 0 0]"
28,0.7105490227316914,"[1 1 1 1 0 1 1 1 0 1 1 0 0 1 1 0 0 1 0 1 1 0 1 0 0 1 0 0 0 0 0 1 0 0 0 1 0 1 0 0]"
28,0.7105490227316914,"[1 1 1 1 0 1 1 1 0 1 1 0 0 1 1 0 0 1 0 1 1 0 1 0 0 1 0 0 0 0 0 1 0 0 0 1 0 1 0 0]"
28,0.7105490227316914,"[1 1 1 1 0 1 1 1 0 1 1 0 0 1 1 0 0 1 0 1 1 0 1 0 0 1 0 0 0 0 0 1 0 0 0 1 0 1 0 0]"
28,0.7105490227316914,"[1 1 1 1 0 1 1 1 0 1 1 0 0 1 1 0 0 1 0 1 1 0 1 0 0 1 0 0 0 0 0 1 0 0 0 1 0 1 0 0]"
28,0.7105490227316914,"[1 1 1 1 0 1 1 1 0 1 1 0 0 1 1 0 0 1 0 1 1 0 1 0 0 1 0 0 0 0 0 1 0 0 0 1 0 1 0 0]"
28,0.7105490227316914,"[1 1 1 1 0 1 1 1 0 1 1 0 0 1 1 0 0 1 0 1 1 0 1 0 0 1 0 0 0 0 0 1 0 0 0 1 0 1 0 0]"
28,0.7105490227316914,"[1 1 1 1 0 1 1 1 0 1 1 0 0 1 1 0 0 1 0 1 1 0 1 0 0 1 0 0 0 0 0 1 0 0 0 1 0 1 0 0]"
29,0.7105490227316914,"[1 1 1 1 0 1 1 1 0 1 1 0 0 1 1 0 0 1 0 1 1 0 1 0 0 1 0 0 0 0 0 1 0 0 0 1 0 1 0 0]"
29,0.7105490227316914,"[1 1 1 1 0 1 1 1 0 1 1 0 0 1 1 0 0 1 0 1 1 0 1 0 0 1 0 0 0 0 0 1 0 0 0 1 0 1 0 0]"
29,0.7105490227316914,"[1 1 1 1 0 1 1 1 0 1 1 0 0 1 1 0 0 1 0 1 1 0 1 0 0 1 0 0 0 0 0 1 0 0 0 1 0 1 0 0]"
29,0.7105490227316914,"[1 1 1 1 0 1 1 1 0 1 1 0 0 1 1 0 0 1 0 1 1 0 1 0 0 1 0 0 0 0 0 1 0 0 0 1 0 1 0 0]"
29,0.7105490227316914,"[1 1 1 1 0 1 1 1 0 1 1 0 0 1 1 0 0 1 0 1 1 0 1 0 0 1 0 0 0 0 0 1 0 0 0 1 0 1 0 0]"
29,0.7105490227316914,"[1 1 1 1 0 1 1 1 0 1 1 0 0 1 1 0 0 1 0 1 1 0 1 0 0 1 0 0 0 0 0 1 0 0 0 1 0 1 0 0]"
29,0.7105490227316914,"[1 1 1 1 0 1 1 1 0 1 1 0 0 1 1 0 0 1 0 1 1 0 1 0 0 1 0 0 0 0 0 1 0 0 0 1 0 1 0 0]"
29,0.7105490227316914,"[1 1 1 1 0 1 1 1 0 1 1 0 0 1 1 0 0 1 0 1 1 0 1 0 0 1 0 0 0 0 0 1 0 0 0 1 0 1 0 0]"
29,0.7105490227316914,"[1 1 1 1 0 1 1 1 0 1 1 0 0 1 1 0 0 1 0 1 1 0 1 0 0 1 0 0 0 0 0 1 0 0 0 1 0 1 0 0]"
29,0.7105490227316914,"[1 1 1 1 0 1 1 1 0 1 1 0 0 1 1 0 0 1 0 1 1 0 1 0 0 1 0 0 0 0 0 1 0 0 0 1 0 1 0 0]"
29,0.7105490227316914,"[1 1 1 1 0 1 1 1 0 1 1 0 0 1 1 0 0 1 0 1 1 0 1 0 0 1 0 0 0 0 0 1 0 0 0 1 0 1 0 0]"
29,0.7105490227316914,"[1 1 1 1 0 1 1 1 0 1 1 0 0 1 1 0 0 1 0 1 1 0 1 0 0 1 0 0 0 0 0 1 0 0 0 1 0 1 0 0]"
29,0.7105490227316914,"[1 1 1 1 0 1 1 1 0 1 1 0 0 1 1 0 0 1 0 1 1 0 1 0 0 1 0 0 0 0 0 1 0 0 0 1 0 1 0 0]"
29,0.7105490227316914,"[1 1 1 1 0 1 1 1 0 1 1 0 0 1 1 0 0 1 0 1 1 0 1 0 0 1 0 0 0 0 0 1 0 0 0 1 0 1 0 0]"
29,0.7105490227316914,"[1 1 1 1 0 1 1 1 0 1 1 0 0 1 1 0 0 1 0 1 1 0 1 0 0 1 0 0 0 0 0 1 0 0 0 1 0 1 0 0]"
29,0.7105490227316914,"[1 1 1 1 0 1 1 1 0 1 1 0 0 1 1 0 0 1 0 1 1 0 1 0 0 1 0 0 0 0 0 1 0 0 0 1 0 1 0 0]"
29,0.7105490227316914,"[1 1 1 1 0 1 1 1 0 1 1 0 0 1 1 0 0 1 0 1 1 0 1 0 0 1 0 0 0 0 0 1 0 0 0 1 0 1 0 0]"
29,0.7105490227316914,"[1 1 1 1 0 1 1 1 0 1 1 0 0 1 1 0 0 1 0 1 1 0 1 0 0 1 0 0 0 0 0 1 0 0 0 1 0 1 0 0]"
29,0.7105490227316914,"[1 1 1 1 0 1 1 1 0 1 1 0 0 1 1 0 0 1 0 1 1 0 1 0 0 1 0 0 0 0 0 1 0 0 0 1 0 1 0 0]"
29,0.7105490227316914,"[1 1 1 1 0 1 1 1 0 1 1 0 0 1 1 0 0 1 0 1 1 0 1 0 0 1 0 0 0 0 0 1 0 0 0 1 0 1 0 0]"
29,0.7105490227316914,"[1 1 1 1 0 1 1 1 0 1 1 0 0 1 1 0 0 1 0 1 1 0 1 0 0 1 0 0 0 0 0 1 0 0 0 1 0 1 0 0]"
29,0.7105490227316914,"[1 1 1 1 0 1 1 1 0 1 1 0 0 1 1 0 0 1 0 1 1 0 1 0 0 1 0 0 0 0 0 1 0 0 0 1 0 1 0 0]"
29,0.7105490227316914,"[1 1 1 1 0 1 1 1 0 1 1 0 0 1 1 0 0 1 0 1 1 0 1 0 0 1 0 0 0 0 0 1 0 0 0 1 0 1 0 0]"
29,0.7105490227316914,"[1 1 1 1 0 1 1 1 0 1 1 0 0 1 1 0 0 1 0 1 1 0 1 0 0 1 0 0 0 0 0 1 0 0 0 1 0 1 0 0]"
29,0.7105490227316914,"[1 1 1 1 0 1 1 1 0 1 1 0 0 1 1 0 0 1 0 1 1 0 1 0 0 1 0 0 0 0 0 1 0 0 0 1 0 1 0 0]"
29,0.7105490227316914,"[1 1 1 1 0 1 1 1 0 1 1 0 0 1 1 0 0 1 0 1 1 0 1 0 0 1 0 0 0 0 0 1 0 0 0 1 0 1 0 0]"
29,0.7105490227316914,"[1 1 1 1 0 1 1 1 0 1 1 0 0 1 1 0 0 1 0 1 1 0 1 0 0 1 0 0 0 0 0 1 0 0 0 1 0 1 0 0]"
29,0.7105490227316914,"[1 1 1 1 0 1 1 1 0 1 1 0 0 1 1 0 0 1 0 1 1 0 1 0 0 1 0 0 0 0 0 1 0 0 0 1 0 1 0 0]"
29,0.7105490227316914,"[1 1 1 1 0 1 1 1 0 1 1 0 0 1 1 0 0 1 0 1 1 0 1 0 0 1 0 0 0 0 0 1 0 0 0 1 0 1 0 0]"
29,0.7105490227316914,"[1 1 1 1 0 1 1 1 0 1 1 0 0 1 1 0 0 1 0 1 1 0 1 0 0 1 0 0 0 0 0 1 0 0 0 1 0 1 0 0]"
29,0.7105490227316914,"[1 1 1 1 0 1 1 1 0 1 1 0 0 1 1 0 0 1 0 1 1 0 1 0 0 1 0 0 0 0 0 1 0 0 0 1 0 1 0 0]"
29,0.7105490227316914,"[1 1 1 1 0 1 1 1 0 1 1 0 0 1 1 0 0 1 0 1 1 0 1 0 0 1 0 0 0 0 0 1 0 0 0 1 0 1 0 0]"
29,0.7105490227316914,"[1 1 1 1 0 1 1 1 0 1 1 0 0 1 1 0 0 1 0 1 1 0 1 0 0 1 0 0 0 0 0 1 0 0 0 1 0 1 0 0]"
29,0.7105490227316914,"[1 1 1 1 0 1 1 1 0 1 1 0 0 1 1 0 0 1 0 1 1 0 1 0 0 1 0 0 0 0 0 1 0 0 0 1 0 1 0 0]"
29,0.7105490227316914,"[1 1 1 1 0 1 1 1 0 1 1 0 0 1 1 0 0 1 0 1 1 0 1 0 0 1 0 0 0 0 0 1 0 0 0 1 0 1 0 0]"
29,0.7105490227316914,"[1 1 1 1 0 1 1 1 0 1 1 0 0 1 1 0 0 1 0 1 1 0 1 0 0 1 0 0 0 0 0 1 0 0 0 1 0 1 0 0]"
29,0.7105490227316914,"[1 1 1 1 0 1 1 1 0 1 1 0 0 1 1 0 0 1 0 1 1 0 1 0 0 1 0 0 0 0 0 1 0 0 0 1 0 1 0 0]"
29,0.7105490227316914,"[1 1 1 1 0 1 1 1 0 1 1 0 0 1 1 0 0 1 0 1 1 0 1 0 0 1 0 0 0 0 0 1 0 0 0 1 0 1 0 0]"
29,0.7105490227316914,"[1 1 1 1 0 1 1 1 0 1 1 0 0 1 1 0 0 1 0 1 1 0 1 0 0 1 0 0 0 0 0 1 0 0 0 1 0 1 0 0]"
29,0.7105490227316914,"[1 1 1 1 0 1 1 1 0 1 1 0 0 1 1 0 0 1 0 1 1 0 1 0 0 1 0 0 0 0 0 1 0 0 0 1 0 1 0 0]"
29,0.7105490227316914,"[1 1 1 1 0 1 1 1 0 1 1 0 0 1 1 0 0 1 0 1 1 0 1 0 0 1 0 0 0 0 0 1 0 0 0 1 0 1 0 0]"
29,0.7105490227316914,"[1 1 1 1 0 1 1 1 0 1 1 0 0 1 1 0 0 1 0 1 1 0 1 0 0 1 0 0 0 0 0 1 0 0 0 1 0 1 0 0]"
29,0.7105490227316914,"[1 1 1 1 0 1 1 1 0 1 1 0 0 1 1 0 0 1 0 1 1 0 1 0 0 1 0 0 0 0 0 1 0 0 0 1 0 1 0 0]"
29,0.7105490227316914,"[1 1 1 1 0 1 1 1 0 1 1 0 0 1 1 0 0 1 0 1 1 0 1 0 0 1 0 0 0 0 0 1 0 0 0 1 0 1 0 0]"
29,0.7105490227316914,"[1 1 1 1 0 1 1 1 0 1 1 0 0 1 1 0 0 1 0 1 1 0 1 0 0 1 0 0 0 0 0 1 0 0 0 1 0 1 0 0]"
29,0.7105490227316914,"[1 1 1 1 0 1 1 1 0 1 1 0 0 1 1 0 0 1 0 1 1 0 1 0 0 1 0 0 0 0 0 1 0 0 0 1 0 1 0 0]"
29,0.7105490227316914,"[1 1 1 1 0 1 1 1 0 1 1 0 0 1 1 0 0 1 0 1 1 0 1 0 0 1 0 0 0 0 0 1 0 0 0 1 0 1 0 0]"
29,0.7105490227316914,"[1 1 1 1 0 1 1 1 0 1 1 0 0 1 1 0 0 1 0 1 1 0 1 0 0 1 0 0 0 0 0 1 0 0 0 1 0 1 0 0]"
29,0.7105490227316914,"[1 1 1 1 0 1 1 1 0 1 1 0 0 1 1 0 0 1 0 1 1 0 1 0 0 1 0 0 0 0 0 1 0 0 0 1 0 1 0 0]"
29,0.7105490227316914,"[1 1 1 1 0 1 1 1 0 1 1 0 0 1 1 0 0 1 0 1 1 0 1 0 0 1 0 0 0 0 0 1 0 0 0 1 0 1 0 0]"
29,0.7105490227316914,"[1 1 1 1 0 1 1 1 0 1 1 0 0 1 1 0 0 1 0 1 1 0 1 0 0 1 0 0 0 0 0 1 0 0 0 1 0 1 0 0]"
29,0.7105490227316914,"[1 1 1 1 0 1 1 1 0 1 1 0 0 1 1 0 0 1 0 1 1 0 1 0 0 1 0 0 0 0 0 1 0 0 0 1 0 1 0 0]"
29,0.7105490227316914,"[1 1 1 1 0 1 1 1 0 1 1 0 0 1 1 0 0 1 0 1 1 0 1 0 0 1 0 0 0 0 0 1 0 0 0 1 0 1 0 0]"
29,0.7105490227316914,"[1 1 1 1 0 1 1 1 0 1 1 0 0 1 1 0 0 1 0 1 1 0 1 0 0 1 0 0 0 0 0 1 0 0 0 1 0 1 0 0]"
29,0.7105490227316914,"[1 1 1 1 0 1 1 1 0 1 1 0 0 1 1 0 0 1 0 1 1 0 1 0 0 1 0 0 0 0 0 1 0 0 0 1 0 1 0 0]"
29,0.7105490227316914,"[1 1 1 1 0 1 1 1 0 1 1 0 0 1 1 0 0 1 0 1 1 0 1 0 0 1 0 0 0 0 0 1 0 0 0 1 0 1 0 0]"
29,0.7105490227316914,"[1 1 1 1 0 1 1 1 0 1 1 0 0 1 1 0 0 1 0 1 1 0 1 0 0 1 0 0 0 0 0 1 0 0 0 1 0 1 0 0]"
29,0.7105490227316914,"[1 1 1 1 0 1 1 1 0 1 1 0 0 1 1 0 0 1 0 1 1 0 1 0 0 1 0 0 0 0 0 1 0 0 0 1 0 1 0 0]"
29,0.7105490227316914,"[1 1 1 1 0 1 1 1 0 1 1 0 0 1 1 0 0 1 0 1 1 0 1 0 0 1 0 0 0 0 0 1 0 0 0 1 0 1 0 0]"
29,0.7105490227316914,"[1 1 1 1 0 1 1 1 0 1 1 0 0 1 1 0 0 1 0 1 1 0 1 0 0 1 0 0 0 0 0 1 0 0 0 1 0 1 0 0]"
29,0.7105490227316914,"[1 1 1 1 0 1 1 1 0 1 1 0 0 1 1 0 0 1 0 1 1 0 1 0 0 1 0 0 0 0 0 1 0 0 0 1 0 1 0 0]"
29,0.7105490227316914,"[1 1 1 1 0 1 1 1 0 1 1 0 0 1 1 0 0 1 0 1 1 0 1 0 0 1 0 0 0 0 0 1 0 0 0 1 0 1 0 0]"
29,0.7105490227316914,"[1 1 1 1 0 1 1 1 0 1 1 0 0 1 1 0 0 1 0 1 1 0 1 0 0 1 0 0 0 0 0 1 0 0 0 1 0 1 0 0]"
29,0.7105490227316914,"[1 1 1 1 0 1 1 1 0 1 1 0 0 1 1 0 0 1 0 1 1 0 1 0 0 1 0 0 0 0 0 1 0 0 0 1 0 1 0 0]"
29,0.7105490227316914,"[1 1 1 1 0 1 1 1 0 1 1 0 0 1 1 0 0 1 0 1 1 0 1 0 0 1 0 0 0 0 0 1 0 0 0 1 0 1 0 0]"
29,0.7105490227316914,"[1 1 1 1 0 1 1 1 0 1 1 0 0 1 1 0 0 1 0 1 1 0 1 0 0 1 0 0 0 0 0 1 0 0 0 1 0 1 0 0]"
29,0.7105490227316914,"[1 1 1 1 0 1 1 1 0 1 1 0 0 1 1 0 0 1 0 1 1 0 1 0 0 1 0 0 0 0 0 1 0 0 0 1 0 1 0 0]"
29,0.7105490227316914,"[1 1 1 1 0 1 1 1 0 1 1 0 0 1 1 0 0 1 0 1 1 0 1 0 0 1 0 0 0 0 0 1 0 0 0 1 0 1 0 0]"
29,0.7105490227316914,"[1 1 1 1 0 1 1 1 0 1 1 0 0 1 1 0 0 1 0 1 1 0 1 0 0 1 0 0 0 0 0 1 0 0 0 1 0 1 0 0]"
29,0.7105490227316914,"[1 1 1 1 0 1 1 1 0 1 1 0 0 1 1 0 0 1 0 1 1 0 1 0 0 1 0 0 0 0 0 1 0 0 0 1 0 1 0 0]"
29,0.7105490227316914,"[1 1 1 1 0 1 1 1 0 1 1 0 0 1 1 0 0 1 0 1 1 0 1 0 0 1 0 0 0 0 0 1 0 0 0 1 0 1 0 0]"
29,0.7105490227316914,"[1 1 1 1 0 1 1 1 0 1 1 0 0 1 1 0 0 1 0 1 1 0 1 0 0 1 0 0 0 0 0 1 0 0 0 1 0 1 0 0]"
29,0.7105490227316914,"[1 1 1 1 0 1 1 1 0 1 1 0 0 1 1 0 0 1 0 1 1 0 1 0 0 1 0 0 0 0 0 1 0 0 0 1 0 1 0 0]"
29,0.7105490227316914,"[1 1 1 1 0 1 1 1 0 1 1 0 0 1 1 0 0 1 0 1 1 0 1 0 0 1 0 0 0 0 0 1 0 0 0 1 0 1 0 0]"
29,0.7105490227316914,"[1 1 1 1 0 1 1 1 0 1 1 0 0 1 1 0 0 1 0 1 1 0 1 0 0 1 0 0 0 0 0 1 0 0 0 1 0 1 0 0]"
29,0.7105490227316914,"[1 1 1 1 0 1 1 1 0 1 1 0 0 1 1 0 0 1 0 1 1 0 1 0 0 1 0 0 0 0 0 1 0 0 0 1 0 1 0 0]"
29,0.7105490227316914,"[1 1 1 1 0 1 1 1 0 1 1 0 0 1 1 0 0 1 0 1 1 0 1 0 0 1 0 0 0 0 0 1 0 0 0 1 0 1 0 0]"
29,0.7105490227316914,"[1 1 1 1 0 1 1 1 0 1 1 0 0 1 1 0 0 1 0 1 1 0 1 0 0 1 0 0 0 0 0 1 0 0 0 1 0 1 0 0]"
29,0.7105490227316914,"[1 1 1 1 0 1 1 1 0 1 1 0 0 1 1 0 0 1 0 1 1 0 1 0 0 1 0 0 0 0 0 1 0 0 0 1 0 1 0 0]"
29,0.7105490227316914,"[1 1 1 1 0 1 1 1 0 1 1 0 0 1 1 0 0 1 0 1 1 0 1 0 0 1 0 0 0 0 0 1 0 0 0 1 0 1 0 0]"
29,0.7105490227316914,"[1 1 1 1 0 1 1 1 0 1 1 0 0 1 1 0 0 1 0 1 1 0 1 0 0 1 0 0 0 0 0 1 0 0 0 1 0 1 0 0]"
29,0.7105490227316914,"[1 1 1 1 0 1 1 1 0 1 1 0 0 1 1 0 0 1 0 1 1 0 1 0 0 1 0 0 0 0 0 1 0 0 0 1 0 1 0 0]"
29,0.7105490227316914,"[1 1 1 1 0 1 1 1 0 1 1 0 0 1 1 0 0 1 0 1 1 0 1 0 0 1 0 0 0 0 0 1 0 0 0 1 0 1 0 0]"
29,0.7105490227316914,"[1 1 1 1 0 1 1 1 0 1 1 0 0 1 1 0 0 1 0 1 1 0 1 0 0 1 0 0 0 0 0 1 0 0 0 1 0 1 0 0]"
29,0.7105490227316914,"[1 1 1 1 0 1 1 1 0 1 1 0 0 1 1 0 0 1 0 1 1 0 1 0 0 1 0 0 0 0 0 1 0 0 0 1 0 1 0 0]"
29,0.7105490227316914,"[1 1 1 1 0 1 1 1 0 1 1 0 0 1 1 0 0 1 0 1 1 0 1 0 0 1 0 0 0 0 0 1 0 0 0 1 0 1 0 0]"
29,0.7105490227316914,"[1 1 1 1 0 1 1 1 0 1 1 0 0 1 1 0 0 1 0 1 1 0 1 0 0 1 0 0 0 0 0 1 0 0 0 1 0 1 0 0]"
29,0.7105490227316914,"[1 1 1 1 0 1 1 1 0 1 1 0 0 1 1 0 0 1 0 1 1 0 1 0 0 1 0 0 0 0 0 1 0 0 0 1 0 1 0 0]"
29,0.7105490227316914,"[1 1 1 1 0 1 1 1 0 1 1 0 0 1 1 0 0 1 0 1 1 0 1 0 0 1 0 0 0 0 0 1 0 0 0 1 0 1 0 0]"
29,0.7105490227316914,"[1 1 1 1 0 1 1 1 0 1 1 0 0 1 1 0 0 1 0 1 1 0 1 0 0 1 0 0 0 0 0 1 0 0 0 1 0 1 0 0]"
29,0.7105490227316914,"[1 1 1 1 0 1 1 1 0 1 1 0 0 1 1 0 0 1 0 1 1 0 1 0 0 1 0 0 0 0 0 1 0 0 0 1 0 1 0 0]"
29,0.7105490227316914,"[1 1 1 1 0 1 1 1 0 1 1 0 0 1 1 0 0 1 0 1 1 0 1 0 0 1 0 0 0 0 0 1 0 0 0 1 0 1 0 0]"
29,0.7105490227316914,"[1 1 1 1 0 1 1 1 0 1 1 0 0 1 1 0 0 1 0 1 1 0 1 0 0 1 0 0 0 0 0 1 0 0 0 1 0 1 0 0]"
29,0.7105490227316914,"[1 1 1 1 0 1 1 1 0 1 1 0 0 1 1 0 0 1 0 1 1 0 1 0 0 1 0 0 0 0 0 1 0 0 0 1 0 1 0 0]"
29,0.7105490227316914,"[1 1 1 1 0 1 1 1 0 1 1 0 0 1 1 0 0 1 0 1 1 0 1 0 0 1 0 0 0 0 0 1 0 0 0 1 0 1 0 0]"
29,0.7105490227316914,"[1 1 1 1 0 1 1 1 0 1 1 0 0 1 1 0 0 1 0 1 1 0 1 0 0 1 0 0 0 0 0 1 0 0 0 1 0 1 0 0]"
29,0.7105490227316914,"[1 1 1 1 0 1 1 1 0 1 1 0 0 1 1 0 0 1 0 1 1 0 1 0 0 1 0 0 0 0 0 1 0 0 0 1 0 1 0 0]"
29,0.7105490227316914,"[1 1 1 1 0 1 1 1 0 1 1 0 0 1 1 0 0 1 0 1 1 0 1 0 0 1 0 0 0 0 0 1 0 0 0 1 0 1 0 0]"
29,0.7105490227316914,"[1 1 1 1 0 1 1 1 0 1 1 0 0 1 1 0 0 1 0 1 1 0 1 0 0 1 0 0 0 0 0 1 0 0 0 1 0 1 0 0]"
29,0.7105490227316914,"[1 1 1 1 0 1 1 1 0 1 1 0 0 1 1 0 0 1 0 1 1 0 1 0 0 1 0 0 0 0 0 1 0 0 0 1 0 1 0 0]"
