step,fitness,genome
0,0.3277992570677774,"[1 1 1 0 0 1 0 0 1 1 1 1 1 0 1 1 0 1 0 1 0 0 0 0 0 0 1 1 1 0 0 1 0 1 0 1 1 1 0 1]"
0,0.008712064999204008,"[1 0 0 1 1 1 1 1 0 1 0 1 0 0 0 0 0 0 1 1 0 1 0 1 0 1 1 1 0 0 1 0 0 1 1 1 0 0 1 1]"
0,0.29882302163497226,"[1 1 1 0 0 0 1 0 1 1 0 1 1 1 1 1 0 1 0 0 1 0 1 1 1 0 0 0 0 1 0 0 0 1 0 1 0 0 1 1]"
0,0.6571436399636021,"[1 1 1 1 0 1 0 1 0 1 1 1 1 0 0 1 0 1 1 0 1 0 1 0 0 1 1 1 0 1 1 0 1 0 1 1 0 1 1 0]"
0,0.09975369499197745,"[1 1 0 0 1 0 1 1 0 1 0 0 1 1 0 0 0 1 0 0 0 0 1 0 0 1 0 1 0 0 0 0 0 0 0 0 1 1 0 0]"
0,0.29882302163497226,"[1 1 1 0 0 0 1 0 1 1 0 1 1 1 1 1 0 1 0 0 1 0 1 1 1 0 0 0 0 1 0 0 0 1 0 1 0 0 1 1]"
0,0.29882302163497226,"[1 1 1 0 0 0 1 0 1 1 0 1 1 1 1 1 0 1 0 0 1 0 1 1 1 0 0 0 0 1 0 0 0 1 0 1 0 0 1 1]"
0,0.3277992570677774,"[1 1 1 0 0 1 0 0 1 1 1 1 1 0 1 1 0 1 0 1 0 0 0 0 0 0 1 1 1 0 0 1 0 1 0 1 1 1 0 1]"
0,0.017795926396373823,"[1 0 1 0 1 0 1 1 0 0 0 1 1 0 1 1 1 1 0 1 0 0 1 0 0 0 0 0 1 1 0 0 1 1 0 0 0 1 1 0]"
0,0.3277992570677774,"[1 1 1 0 0 1 0 0 1 1 1 1 1 0 1 1 0 1 0 1 0 0 0 0 0 0 1 1 1 0 0 1 0 1 0 1 1 1 0 1]"
0,0.3277992570677774,"[1 1 1 0 0 1 0 0 1 1 1 1 1 0 1 1 0 1 0 1 0 0 0 0 0 0 1 1 1 0 0 1 0 1 0 1 1 1 0 1]"
0,0.0016777749473337621,"[1 0 0 0 0 1 1 1 0 0 0 1 1 1 1 0 0 0 1 1 0 1 1 1 1 1 0 1 1 0 0 1 0 1 1 1 1 1 1 0]"
0,0.09975369499197745,"[1 1 0 0 1 0 1 1 0 1 0 0 1 1 0 0 0 1 0 0 0 0 1 0 0 1 0 1 0 0 0 0 0 0 0 0 1 1 0 0]"
0,0.29882302163497226,"[1 1 1 0 0 0 1 0 1 1 0 1 1 1 1 1 0 1 0 0 1 0 1 1 1 0 0 0 0 1 0 0 0 1 0 1 0 0 1 1]"
0,0.29882302163497226,"[1 1 1 0 0 0 1 0 1 1 0 1 1 1 1 1 0 1 0 0 1 0 1 1 1 0 0 0 0 1 0 0 0 1 0 1 0 0 1 1]"
0,0.02151823003173287,"[1 0 1 0 1 1 1 0 0 1 1 0 0 0 1 1 1 0 1 1 1 1 0 1 1 1 0 1 0 1 0 1 1 1 0 1 0 0 1 1]"
0,0.0007883637664437413,"[0 1 1 1 1 1 0 1 0 1 0 0 1 0 0 1 1 1 1 1 0 1 1 0 0 0 0 0 0 0 0 1 0 0 1 1 0 0 1 0]"
0,0.04583484711544342,"[1 0 1 1 1 1 0 0 0 0 0 1 0 1 1 0 0 1 0 1 1 0 1 1 0 1 0 1 0 1 0 0 1 1 1 1 0 0 1 0]"
0,0.02070401015901803,"[1 0 1 0 1 1 0 1 1 0 1 1 0 1 1 1 1 1 0 1 1 1 1 0 0 1 0 1 1 1 0 0 1 0 0 1 0 0 0 1]"
0,0.29803304081037973,"[1 1 1 0 0 0 1 0 1 1 0 0 1 1 1 1 1 1 1 0 1 1 0 0 0 0 1 1 0 0 0 0 0 0 1 0 1 1 1 1]"
0,0.6571436399636021,"[1 1 1 1 0 1 0 1 0 1 1 1 1 0 0 1 0 1 1 0 1 0 1 0 0 1 1 1 0 1 1 0 1 0 1 1 0 1 1 0]"
0,0.3277992570677774,"[1 1 1 0 0 1 0 0 1 1 1 1 1 0 1 1 0 1 0 1 0 0 0 0 0 0 1 1 1 0 0 1 0 1 0 1 1 1 0 1]"
0,0.3277992570677774,"[1 1 1 0 0 1 0 0 1 1 1 1 1 0 1 1 0 1 0 1 0 0 0 0 0 0 1 1 1 0 0 1 0 1 0 1 1 1 0 1]"
0,0.04583484711544342,"[1 0 1 1 1 1 0 0 0 0 0 1 0 1 1 0 0 1 0 1 1 0 1 1 0 1 0 1 0 1 0 0 1 1 1 1 0 0 1 0]"
0,0.04583484711544342,"[1 0 1 1 1 1 0 0 0 0 0 1 0 1 1 0 0 1 0 1 1 0 1 1 0 1 0 1 0 1 0 0 1 1 1 1 0 0 1 0]"
1,0.3277992570677774,"[1 1 1 0 0 1 0 0 1 1 1 1 1 0 1 1 0 1 0 1 0 0 0 0 0 0 1 1 1 0 0 1 0 1 0 1 1 1 0 1]"
1,0.3277992570677774,"[1 1 1 0 0 1 0 0 1 1 1 1 1 0 1 1 0 1 0 1 0 0 0 0 0 0 1 1 1 0 0 1 0 1 0 1 1 1 0 1]"
1,0.29882302163497226,"[1 1 1 0 0 0 1 0 1 1 0 1 1 1 1 1 0 1 0 0 1 0 1 1 1 0 0 0 0 1 0 0 0 1 0 1 0 0 1 1]"
1,0.3277992570677774,"[1 1 1 0 0 1 0 0 1 1 1 1 1 0 1 1 0 1 0 1 0 0 0 0 0 0 1 1 1 0 0 1 0 1 0 1 1 1 0 1]"
1,0.3277992570677774,"[1 1 1 0 0 1 0 0 1 1 1 1 1 0 1 1 0 1 0 1 0 0 0 0 0 0 1 1 1 0 0 1 0 1 0 1 1 1 0 1]"
1,0.6571436399636021,"[1 1 1 1 0 1 0 1 0 1 1 1 1 0 0 1 0 1 1 0 1 0 1 0 0 1 1 1 0 1 1 0 1 0 1 1 0 1 1 0]"
1,0.6571436399636021,"[1 1 1 1 0 1 0 1 0 1 1 1 1 0 0 1 0 1 1 0 1 0 1 0 0 1 1 1 0 1 1 0 1 0 1 1 0 1 1 0]"
1,0.29882302163497226,"[1 1 1 0 0 0 1 0 1 1 0 1 1 1 1 1 0 1 0 0 1 0 1 1 1 0 0 0 0 1 0 0 0 1 0 1 0 0 1 1]"
1,0.6571436399636021,"[1 1 1 1 0 1 0 1 0 1 1 1 1 0 0 1 0 1 1 0 1 0 1 0 0 1 1 1 0 1 1 0 1 0 1 1 0 1 1 0]"
1,0.3277992570677774,"[1 1 1 0 0 1 0 0 1 1 1 1 1 0 1 1 0 1 0 1 0 0 0 0 0 0 1 1 1 0 0 1 0 1 0 1 1 1 0 1]"
1,0.3277992570677774,"[1 1 1 0 0 1 0 0 1 1 1 1 1 0 1 1 0 1 0 1 0 0 0 0 0 0 1 1 1 0 0 1 0 1 0 1 1 1 0 1]"
1,0.29803304081037973,"[1 1 1 0 0 0 1 0 1 1 0 0 1 1 1 1 1 1 1 0 1 1 0 0 0 0 1 1 0 0 0 0 0 0 1 0 1 1 1 1]"
1,0.3277992570677774,"[1 1 1 0 0 1 0 0 1 1 1 1 1 0 1 1 0 1 0 1 0 0 0 0 0 0 1 1 1 0 0 1 0 1 0 1 1 1 0 1]"
1,0.6571436399636021,"[1 1 1 1 0 1 0 1 0 1 1 1 1 0 0 1 0 1 1 0 1 0 1 0 0 1 1 1 0 1 1 0 1 0 1 1 0 1 1 0]"
1,0.29882302163497226,"[1 1 1 0 0 0 1 0 1 1 0 1 1 1 1 1 0 1 0 0 1 0 1 1 1 0 0 0 0 1 0 0 0 1 0 1 0 0 1 1]"
1,0.3277992570677774,"[1 1 1 0 0 1 0 0 1 1 1 1 1 0 1 1 0 1 0 1 0 0 0 0 0 0 1 1 1 0 0 1 0 1 0 1 1 1 0 1]"
1,0.3277992570677774,"[1 1 1 0 0 1 0 0 1 1 1 1 1 0 1 1 0 1 0 1 0 0 0 0 0 0 1 1 1 0 0 1 0 1 0 1 1 1 0 1]"
1,0.09975369499197745,"[1 1 0 0 1 0 1 1 0 1 0 0 1 1 0 0 0 1 0 0 0 0 1 0 0 1 0 1 0 0 0 0 0 0 0 0 1 1 0 0]"
1,0.29882302163497226,"[1 1 1 0 0 0 1 0 1 1 0 1 1 1 1 1 0 1 0 0 1 0 1 1 1 0 0 0 0 1 0 0 0 1 0 1 0 0 1 1]"
1,0.3277992570677774,"[1 1 1 0 0 1 0 0 1 1 1 1 1 0 1 1 0 1 0 1 0 0 0 0 0 0 1 1 1 0 0 1 0 1 0 1 1 1 0 1]"
1,0.29882302163497226,"[1 1 1 0 0 0 1 0 1 1 0 1 1 1 1 1 0 1 0 0 1 0 1 1 1 0 0 0 0 1 0 0 0 1 0 1 0 0 1 1]"
1,0.3277992570677774,"[1 1 1 0 0 1 0 0 1 1 1 1 1 0 1 1 0 1 0 1 0 0 0 0 0 0 1 1 1 0 0 1 0 1 0 1 1 1 0 1]"
1,0.29882302163497226,"[1 1 1 0 0 0 1 0 1 1 0 1 1 1 1 1 0 1 0 0 1 0 1 1 1 0 0 0 0 1 0 0 0 1 0 1 0 0 1 1]"
1,0.6571436399636021,"[1 1 1 1 0 1 0 1 0 1 1 1 1 0 0 1 0 1 1 0 1 0 1 0 0 1 1 1 0 1 1 0 1 0 1 1 0 1 1 0]"
1,0.3277992570677774,"[1 1 1 0 0 1 0 0 1 1 1 1 1 0 1 1 0 1 0 1 0 0 0 0 0 0 1 1 1 0 0 1 0 1 0 1 1 1 0 1]"
2,0.3277992570677774,"[1 1 1 0 0 1 0 0 1 1 1 1 1 0 1 1 0 1 0 1 0 0 0 0 0 0 1 1 1 0 0 1 0 1 0 1 1 1 0 1]"
2,0.6571436399636021,"[1 1 1 1 0 1 0 1 0 1 1 1 1 0 0 1 0 1 1 0 1 0 1 0 0 1 1 1 0 1 1 0 1 0 1 1 0 1 1 0]"
2,0.6571436399636021,"[1 1 1 1 0 1 0 1 0 1 1 1 1 0 0 1 0 1 1 0 1 0 1 0 0 1 1 1 0 1 1 0 1 0 1 1 0 1 1 0]"
2,0.6571436399636021,"[1 1 1 1 0 1 0 1 0 1 1 1 1 0 0 1 0 1 1 0 1 0 1 0 0 1 1 1 0 1 1 0 1 0 1 1 0 1 1 0]"
2,0.6571436399636021,"[1 1 1 1 0 1 0 1 0 1 1 1 1 0 0 1 0 1 1 0 1 0 1 0 0 1 1 1 0 1 1 0 1 0 1 1 0 1 1 0]"
2,0.6571436399636021,"[1 1 1 1 0 1 0 1 0 1 1 1 1 0 0 1 0 1 1 0 1 0 1 0 0 1 1 1 0 1 1 0 1 0 1 1 0 1 1 0]"
2,0.6571436399636021,"[1 1 1 1 0 1 0 1 0 1 1 1 1 0 0 1 0 1 1 0 1 0 1 0 0 1 1 1 0 1 1 0 1 0 1 1 0 1 1 0]"
2,0.3277992570677774,"[1 1 1 0 0 1 0 0 1 1 1 1 1 0 1 1 0 1 0 1 0 0 0 0 0 0 1 1 1 0 0 1 0 1 0 1 1 1 0 1]"
2,0.6571436399636021,"[1 1 1 1 0 1 0 1 0 1 1 1 1 0 0 1 0 1 1 0 1 0 1 0 0 1 1 1 0 1 1 0 1 0 1 1 0 1 1 0]"
2,0.3277992570677774,"[1 1 1 0 0 1 0 0 1 1 1 1 1 0 1 1 0 1 0 1 0 0 0 0 0 0 1 1 1 0 0 1 0 1 0 1 1 1 0 1]"
2,0.3277992570677774,"[1 1 1 0 0 1 0 0 1 1 1 1 1 0 1 1 0 1 0 1 0 0 0 0 0 0 1 1 1 0 0 1 0 1 0 1 1 1 0 1]"
2,0.3277992570677774,"[1 1 1 0 0 1 0 0 1 1 1 1 1 0 1 1 0 1 0 1 0 0 0 0 0 0 1 1 1 0 0 1 0 1 0 1 1 1 0 1]"
2,0.6571436399636021,"[1 1 1 1 0 1 0 1 0 1 1 1 1 0 0 1 0 1 1 0 1 0 1 0 0 1 1 1 0 1 1 0 1 0 1 1 0 1 1 0]"
2,0.3277992570677774,"[1 1 1 0 0 1 0 0 1 1 1 1 1 0 1 1 0 1 0 1 0 0 0 0 0 0 1 1 1 0 0 1 0 1 0 1 1 1 0 1]"
2,0.6571436399636021,"[1 1 1 1 0 1 0 1 0 1 1 1 1 0 0 1 0 1 1 0 1 0 1 0 0 1 1 1 0 1 1 0 1 0 1 1 0 1 1 0]"
2,0.3277992570677774,"[1 1 1 0 0 1 0 0 1 1 1 1 1 0 1 1 0 1 0 1 0 0 0 0 0 0 1 1 1 0 0 1 0 1 0 1 1 1 0 1]"
2,0.6571436399636021,"[1 1 1 1 0 1 0 1 0 1 1 1 1 0 0 1 0 1 1 0 1 0 1 0 0 1 1 1 0 1 1 0 1 0 1 1 0 1 1 0]"
2,0.6571436399636021,"[1 1 1 1 0 1 0 1 0 1 1 1 1 0 0 1 0 1 1 0 1 0 1 0 0 1 1 1 0 1 1 0 1 0 1 1 0 1 1 0]"
2,0.3277992570677774,"[1 1 1 0 0 1 0 0 1 1 1 1 1 0 1 1 0 1 0 1 0 0 0 0 0 0 1 1 1 0 0 1 0 1 0 1 1 1 0 1]"
2,0.3277992570677774,"[1 1 1 0 0 1 0 0 1 1 1 1 1 0 1 1 0 1 0 1 0 0 0 0 0 0 1 1 1 0 0 1 0 1 0 1 1 1 0 1]"
2,0.6571436399636021,"[1 1 1 1 0 1 0 1 0 1 1 1 1 0 0 1 0 1 1 0 1 0 1 0 0 1 1 1 0 1 1 0 1 0 1 1 0 1 1 0]"
2,0.3277992570677774,"[1 1 1 0 0 1 0 0 1 1 1 1 1 0 1 1 0 1 0 1 0 0 0 0 0 0 1 1 1 0 0 1 0 1 0 1 1 1 0 1]"
2,0.3277992570677774,"[1 1 1 0 0 1 0 0 1 1 1 1 1 0 1 1 0 1 0 1 0 0 0 0 0 0 1 1 1 0 0 1 0 1 0 1 1 1 0 1]"
2,0.6571436399636021,"[1 1 1 1 0 1 0 1 0 1 1 1 1 0 0 1 0 1 1 0 1 0 1 0 0 1 1 1 0 1 1 0 1 0 1 1 0 1 1 0]"
2,0.6571436399636021,"[1 1 1 1 0 1 0 1 0 1 1 1 1 0 0 1 0 1 1 0 1 0 1 0 0 1 1 1 0 1 1 0 1 0 1 1 0 1 1 0]"
3,0.6571436399636021,"[1 1 1 1 0 1 0 1 0 1 1 1 1 0 0 1 0 1 1 0 1 0 1 0 0 1 1 1 0 1 1 0 1 0 1 1 0 1 1 0]"
3,0.6571436399636021,"[1 1 1 1 0 1 0 1 0 1 1 1 1 0 0 1 0 1 1 0 1 0 1 0 0 1 1 1 0 1 1 0 1 0 1 1 0 1 1 0]"
3,0.6571436399636021,"[1 1 1 1 0 1 0 1 0 1 1 1 1 0 0 1 0 1 1 0 1 0 1 0 0 1 1 1 0 1 1 0 1 0 1 1 0 1 1 0]"
3,0.6571436399636021,"[1 1 1 1 0 1 0 1 0 1 1 1 1 0 0 1 0 1 1 0 1 0 1 0 0 1 1 1 0 1 1 0 1 0 1 1 0 1 1 0]"
3,0.3277992570677774,"[1 1 1 0 0 1 0 0 1 1 1 1 1 0 1 1 0 1 0 1 0 0 0 0 0 0 1 1 1 0 0 1 0 1 0 1 1 1 0 1]"
3,0.6571436399636021,"[1 1 1 1 0 1 0 1 0 1 1 1 1 0 0 1 0 1 1 0 1 0 1 0 0 1 1 1 0 1 1 0 1 0 1 1 0 1 1 0]"
3,0.6571436399636021,"[1 1 1 1 0 1 0 1 0 1 1 1 1 0 0 1 0 1 1 0 1 0 1 0 0 1 1 1 0 1 1 0 1 0 1 1 0 1 1 0]"
3,0.6571436399636021,"[1 1 1 1 0 1 0 1 0 1 1 1 1 0 0 1 0 1 1 0 1 0 1 0 0 1 1 1 0 1 1 0 1 0 1 1 0 1 1 0]"
3,0.6571436399636021,"[1 1 1 1 0 1 0 1 0 1 1 1 1 0 0 1 0 1 1 0 1 0 1 0 0 1 1 1 0 1 1 0 1 0 1 1 0 1 1 0]"
3,0.6571436399636021,"[1 1 1 1 0 1 0 1 0 1 1 1 1 0 0 1 0 1 1 0 1 0 1 0 0 1 1 1 0 1 1 0 1 0 1 1 0 1 1 0]"
3,0.6571436399636021,"[1 1 1 1 0 1 0 1 0 1 1 1 1 0 0 1 0 1 1 0 1 0 1 0 0 1 1 1 0 1 1 0 1 0 1 1 0 1 1 0]"
3,0.6571436399636021,"[1 1 1 1 0 1 0 1 0 1 1 1 1 0 0 1 0 1 1 0 1 0 1 0 0 1 1 1 0 1 1 0 1 0 1 1 0 1 1 0]"
3,0.6571436399636021,"[1 1 1 1 0 1 0 1 0 1 1 1 1 0 0 1 0 1 1 0 1 0 1 0 0 1 1 1 0 1 1 0 1 0 1 1 0 1 1 0]"
3,0.6571436399636021,"[1 1 1 1 0 1 0 1 0 1 1 1 1 0 0 1 0 1 1 0 1 0 1 0 0 1 1 1 0 1 1 0 1 0 1 1 0 1 1 0]"
3,0.6571436399636021,"[1 1 1 1 0 1 0 1 0 1 1 1 1 0 0 1 0 1 1 0 1 0 1 0 0 1 1 1 0 1 1 0 1 0 1 1 0 1 1 0]"
3,0.6571436399636021,"[1 1 1 1 0 1 0 1 0 1 1 1 1 0 0 1 0 1 1 0 1 0 1 0 0 1 1 1 0 1 1 0 1 0 1 1 0 1 1 0]"
3,0.6571436399636021,"[1 1 1 1 0 1 0 1 0 1 1 1 1 0 0 1 0 1 1 0 1 0 1 0 0 1 1 1 0 1 1 0 1 0 1 1 0 1 1 0]"
3,0.6571436399636021,"[1 1 1 1 0 1 0 1 0 1 1 1 1 0 0 1 0 1 1 0 1 0 1 0 0 1 1 1 0 1 1 0 1 0 1 1 0 1 1 0]"
3,0.6571436399636021,"[1 1 1 1 0 1 0 1 0 1 1 1 1 0 0 1 0 1 1 0 1 0 1 0 0 1 1 1 0 1 1 0 1 0 1 1 0 1 1 0]"
3,0.6571436399636021,"[1 1 1 1 0 1 0 1 0 1 1 1 1 0 0 1 0 1 1 0 1 0 1 0 0 1 1 1 0 1 1 0 1 0 1 1 0 1 1 0]"
3,0.6571436399636021,"[1 1 1 1 0 1 0 1 0 1 1 1 1 0 0 1 0 1 1 0 1 0 1 0 0 1 1 1 0 1 1 0 1 0 1 1 0 1 1 0]"
3,0.6571436399636021,"[1 1 1 1 0 1 0 1 0 1 1 1 1 0 0 1 0 1 1 0 1 0 1 0 0 1 1 1 0 1 1 0 1 0 1 1 0 1 1 0]"
3,0.6571436399636021,"[1 1 1 1 0 1 0 1 0 1 1 1 1 0 0 1 0 1 1 0 1 0 1 0 0 1 1 1 0 1 1 0 1 0 1 1 0 1 1 0]"
3,0.6571436399636021,"[1 1 1 1 0 1 0 1 0 1 1 1 1 0 0 1 0 1 1 0 1 0 1 0 0 1 1 1 0 1 1 0 1 0 1 1 0 1 1 0]"
3,0.6571436399636021,"[1 1 1 1 0 1 0 1 0 1 1 1 1 0 0 1 0 1 1 0 1 0 1 0 0 1 1 1 0 1 1 0 1 0 1 1 0 1 1 0]"
4,0.6571436399636021,"[1 1 1 1 0 1 0 1 0 1 1 1 1 0 0 1 0 1 1 0 1 0 1 0 0 1 1 1 0 1 1 0 1 0 1 1 0 1 1 0]"
4,0.6571436399636021,"[1 1 1 1 0 1 0 1 0 1 1 1 1 0 0 1 0 1 1 0 1 0 1 0 0 1 1 1 0 1 1 0 1 0 1 1 0 1 1 0]"
4,0.6571436399636021,"[1 1 1 1 0 1 0 1 0 1 1 1 1 0 0 1 0 1 1 0 1 0 1 0 0 1 1 1 0 1 1 0 1 0 1 1 0 1 1 0]"
4,0.6571436399636021,"[1 1 1 1 0 1 0 1 0 1 1 1 1 0 0 1 0 1 1 0 1 0 1 0 0 1 1 1 0 1 1 0 1 0 1 1 0 1 1 0]"
4,0.6571436399636021,"[1 1 1 1 0 1 0 1 0 1 1 1 1 0 0 1 0 1 1 0 1 0 1 0 0 1 1 1 0 1 1 0 1 0 1 1 0 1 1 0]"
4,0.6571436399636021,"[1 1 1 1 0 1 0 1 0 1 1 1 1 0 0 1 0 1 1 0 1 0 1 0 0 1 1 1 0 1 1 0 1 0 1 1 0 1 1 0]"
4,0.6571436399636021,"[1 1 1 1 0 1 0 1 0 1 1 1 1 0 0 1 0 1 1 0 1 0 1 0 0 1 1 1 0 1 1 0 1 0 1 1 0 1 1 0]"
4,0.6571436399636021,"[1 1 1 1 0 1 0 1 0 1 1 1 1 0 0 1 0 1 1 0 1 0 1 0 0 1 1 1 0 1 1 0 1 0 1 1 0 1 1 0]"
4,0.6571436399636021,"[1 1 1 1 0 1 0 1 0 1 1 1 1 0 0 1 0 1 1 0 1 0 1 0 0 1 1 1 0 1 1 0 1 0 1 1 0 1 1 0]"
4,0.6571436399636021,"[1 1 1 1 0 1 0 1 0 1 1 1 1 0 0 1 0 1 1 0 1 0 1 0 0 1 1 1 0 1 1 0 1 0 1 1 0 1 1 0]"
4,0.6571436399636021,"[1 1 1 1 0 1 0 1 0 1 1 1 1 0 0 1 0 1 1 0 1 0 1 0 0 1 1 1 0 1 1 0 1 0 1 1 0 1 1 0]"
4,0.6571436399636021,"[1 1 1 1 0 1 0 1 0 1 1 1 1 0 0 1 0 1 1 0 1 0 1 0 0 1 1 1 0 1 1 0 1 0 1 1 0 1 1 0]"
4,0.6571436399636021,"[1 1 1 1 0 1 0 1 0 1 1 1 1 0 0 1 0 1 1 0 1 0 1 0 0 1 1 1 0 1 1 0 1 0 1 1 0 1 1 0]"
4,0.6571436399636021,"[1 1 1 1 0 1 0 1 0 1 1 1 1 0 0 1 0 1 1 0 1 0 1 0 0 1 1 1 0 1 1 0 1 0 1 1 0 1 1 0]"
4,0.6571436399636021,"[1 1 1 1 0 1 0 1 0 1 1 1 1 0 0 1 0 1 1 0 1 0 1 0 0 1 1 1 0 1 1 0 1 0 1 1 0 1 1 0]"
4,0.6571436399636021,"[1 1 1 1 0 1 0 1 0 1 1 1 1 0 0 1 0 1 1 0 1 0 1 0 0 1 1 1 0 1 1 0 1 0 1 1 0 1 1 0]"
4,0.6571436399636021,"[1 1 1 1 0 1 0 1 0 1 1 1 1 0 0 1 0 1 1 0 1 0 1 0 0 1 1 1 0 1 1 0 1 0 1 1 0 1 1 0]"
4,0.6571436399636021,"[1 1 1 1 0 1 0 1 0 1 1 1 1 0 0 1 0 1 1 0 1 0 1 0 0 1 1 1 0 1 1 0 1 0 1 1 0 1 1 0]"
4,0.6571436399636021,"[1 1 1 1 0 1 0 1 0 1 1 1 1 0 0 1 0 1 1 0 1 0 1 0 0 1 1 1 0 1 1 0 1 0 1 1 0 1 1 0]"
4,0.6571436399636021,"[1 1 1 1 0 1 0 1 0 1 1 1 1 0 0 1 0 1 1 0 1 0 1 0 0 1 1 1 0 1 1 0 1 0 1 1 0 1 1 0]"
4,0.6571436399636021,"[1 1 1 1 0 1 0 1 0 1 1 1 1 0 0 1 0 1 1 0 1 0 1 0 0 1 1 1 0 1 1 0 1 0 1 1 0 1 1 0]"
4,0.6571436399636021,"[1 1 1 1 0 1 0 1 0 1 1 1 1 0 0 1 0 1 1 0 1 0 1 0 0 1 1 1 0 1 1 0 1 0 1 1 0 1 1 0]"
4,0.6571436399636021,"[1 1 1 1 0 1 0 1 0 1 1 1 1 0 0 1 0 1 1 0 1 0 1 0 0 1 1 1 0 1 1 0 1 0 1 1 0 1 1 0]"
4,0.6571436399636021,"[1 1 1 1 0 1 0 1 0 1 1 1 1 0 0 1 0 1 1 0 1 0 1 0 0 1 1 1 0 1 1 0 1 0 1 1 0 1 1 0]"
4,0.6571436399636021,"[1 1 1 1 0 1 0 1 0 1 1 1 1 0 0 1 0 1 1 0 1 0 1 0 0 1 1 1 0 1 1 0 1 0 1 1 0 1 1 0]"
5,0.6571436399636021,"[1 1 1 1 0 1 0 1 0 1 1 1 1 0 0 1 0 1 1 0 1 0 1 0 0 1 1 1 0 1 1 0 1 0 1 1 0 1 1 0]"
5,0.6571436399636021,"[1 1 1 1 0 1 0 1 0 1 1 1 1 0 0 1 0 1 1 0 1 0 1 0 0 1 1 1 0 1 1 0 1 0 1 1 0 1 1 0]"
5,0.6571436399636021,"[1 1 1 1 0 1 0 1 0 1 1 1 1 0 0 1 0 1 1 0 1 0 1 0 0 1 1 1 0 1 1 0 1 0 1 1 0 1 1 0]"
5,0.6571436399636021,"[1 1 1 1 0 1 0 1 0 1 1 1 1 0 0 1 0 1 1 0 1 0 1 0 0 1 1 1 0 1 1 0 1 0 1 1 0 1 1 0]"
5,0.6571436399636021,"[1 1 1 1 0 1 0 1 0 1 1 1 1 0 0 1 0 1 1 0 1 0 1 0 0 1 1 1 0 1 1 0 1 0 1 1 0 1 1 0]"
5,0.6571436399636021,"[1 1 1 1 0 1 0 1 0 1 1 1 1 0 0 1 0 1 1 0 1 0 1 0 0 1 1 1 0 1 1 0 1 0 1 1 0 1 1 0]"
5,0.6571436399636021,"[1 1 1 1 0 1 0 1 0 1 1 1 1 0 0 1 0 1 1 0 1 0 1 0 0 1 1 1 0 1 1 0 1 0 1 1 0 1 1 0]"
5,0.6571436399636021,"[1 1 1 1 0 1 0 1 0 1 1 1 1 0 0 1 0 1 1 0 1 0 1 0 0 1 1 1 0 1 1 0 1 0 1 1 0 1 1 0]"
5,0.6571436399636021,"[1 1 1 1 0 1 0 1 0 1 1 1 1 0 0 1 0 1 1 0 1 0 1 0 0 1 1 1 0 1 1 0 1 0 1 1 0 1 1 0]"
5,0.6571436399636021,"[1 1 1 1 0 1 0 1 0 1 1 1 1 0 0 1 0 1 1 0 1 0 1 0 0 1 1 1 0 1 1 0 1 0 1 1 0 1 1 0]"
5,0.6571436399636021,"[1 1 1 1 0 1 0 1 0 1 1 1 1 0 0 1 0 1 1 0 1 0 1 0 0 1 1 1 0 1 1 0 1 0 1 1 0 1 1 0]"
5,0.6571436399636021,"[1 1 1 1 0 1 0 1 0 1 1 1 1 0 0 1 0 1 1 0 1 0 1 0 0 1 1 1 0 1 1 0 1 0 1 1 0 1 1 0]"
5,0.6571436399636021,"[1 1 1 1 0 1 0 1 0 1 1 1 1 0 0 1 0 1 1 0 1 0 1 0 0 1 1 1 0 1 1 0 1 0 1 1 0 1 1 0]"
5,0.6571436399636021,"[1 1 1 1 0 1 0 1 0 1 1 1 1 0 0 1 0 1 1 0 1 0 1 0 0 1 1 1 0 1 1 0 1 0 1 1 0 1 1 0]"
5,0.6571436399636021,"[1 1 1 1 0 1 0 1 0 1 1 1 1 0 0 1 0 1 1 0 1 0 1 0 0 1 1 1 0 1 1 0 1 0 1 1 0 1 1 0]"
5,0.6571436399636021,"[1 1 1 1 0 1 0 1 0 1 1 1 1 0 0 1 0 1 1 0 1 0 1 0 0 1 1 1 0 1 1 0 1 0 1 1 0 1 1 0]"
5,0.6571436399636021,"[1 1 1 1 0 1 0 1 0 1 1 1 1 0 0 1 0 1 1 0 1 0 1 0 0 1 1 1 0 1 1 0 1 0 1 1 0 1 1 0]"
5,0.6571436399636021,"[1 1 1 1 0 1 0 1 0 1 1 1 1 0 0 1 0 1 1 0 1 0 1 0 0 1 1 1 0 1 1 0 1 0 1 1 0 1 1 0]"
5,0.6571436399636021,"[1 1 1 1 0 1 0 1 0 1 1 1 1 0 0 1 0 1 1 0 1 0 1 0 0 1 1 1 0 1 1 0 1 0 1 1 0 1 1 0]"
5,0.6571436399636021,"[1 1 1 1 0 1 0 1 0 1 1 1 1 0 0 1 0 1 1 0 1 0 1 0 0 1 1 1 0 1 1 0 1 0 1 1 0 1 1 0]"
5,0.6571436399636021,"[1 1 1 1 0 1 0 1 0 1 1 1 1 0 0 1 0 1 1 0 1 0 1 0 0 1 1 1 0 1 1 0 1 0 1 1 0 1 1 0]"
5,0.6571436399636021,"[1 1 1 1 0 1 0 1 0 1 1 1 1 0 0 1 0 1 1 0 1 0 1 0 0 1 1 1 0 1 1 0 1 0 1 1 0 1 1 0]"
5,0.6571436399636021,"[1 1 1 1 0 1 0 1 0 1 1 1 1 0 0 1 0 1 1 0 1 0 1 0 0 1 1 1 0 1 1 0 1 0 1 1 0 1 1 0]"
5,0.6571436399636021,"[1 1 1 1 0 1 0 1 0 1 1 1 1 0 0 1 0 1 1 0 1 0 1 0 0 1 1 1 0 1 1 0 1 0 1 1 0 1 1 0]"
5,0.6571436399636021,"[1 1 1 1 0 1 0 1 0 1 1 1 1 0 0 1 0 1 1 0 1 0 1 0 0 1 1 1 0 1 1 0 1 0 1 1 0 1 1 0]"
6,0.6571436399636021,"[1 1 1 1 0 1 0 1 0 1 1 1 1 0 0 1 0 1 1 0 1 0 1 0 0 1 1 1 0 1 1 0 1 0 1 1 0 1 1 0]"
6,0.6571436399636021,"[1 1 1 1 0 1 0 1 0 1 1 1 1 0 0 1 0 1 1 0 1 0 1 0 0 1 1 1 0 1 1 0 1 0 1 1 0 1 1 0]"
6,0.6571436399636021,"[1 1 1 1 0 1 0 1 0 1 1 1 1 0 0 1 0 1 1 0 1 0 1 0 0 1 1 1 0 1 1 0 1 0 1 1 0 1 1 0]"
6,0.6571436399636021,"[1 1 1 1 0 1 0 1 0 1 1 1 1 0 0 1 0 1 1 0 1 0 1 0 0 1 1 1 0 1 1 0 1 0 1 1 0 1 1 0]"
6,0.6571436399636021,"[1 1 1 1 0 1 0 1 0 1 1 1 1 0 0 1 0 1 1 0 1 0 1 0 0 1 1 1 0 1 1 0 1 0 1 1 0 1 1 0]"
6,0.6571436399636021,"[1 1 1 1 0 1 0 1 0 1 1 1 1 0 0 1 0 1 1 0 1 0 1 0 0 1 1 1 0 1 1 0 1 0 1 1 0 1 1 0]"
6,0.6571436399636021,"[1 1 1 1 0 1 0 1 0 1 1 1 1 0 0 1 0 1 1 0 1 0 1 0 0 1 1 1 0 1 1 0 1 0 1 1 0 1 1 0]"
6,0.6571436399636021,"[1 1 1 1 0 1 0 1 0 1 1 1 1 0 0 1 0 1 1 0 1 0 1 0 0 1 1 1 0 1 1 0 1 0 1 1 0 1 1 0]"
6,0.6571436399636021,"[1 1 1 1 0 1 0 1 0 1 1 1 1 0 0 1 0 1 1 0 1 0 1 0 0 1 1 1 0 1 1 0 1 0 1 1 0 1 1 0]"
6,0.6571436399636021,"[1 1 1 1 0 1 0 1 0 1 1 1 1 0 0 1 0 1 1 0 1 0 1 0 0 1 1 1 0 1 1 0 1 0 1 1 0 1 1 0]"
6,0.6571436399636021,"[1 1 1 1 0 1 0 1 0 1 1 1 1 0 0 1 0 1 1 0 1 0 1 0 0 1 1 1 0 1 1 0 1 0 1 1 0 1 1 0]"
6,0.6571436399636021,"[1 1 1 1 0 1 0 1 0 1 1 1 1 0 0 1 0 1 1 0 1 0 1 0 0 1 1 1 0 1 1 0 1 0 1 1 0 1 1 0]"
6,0.6571436399636021,"[1 1 1 1 0 1 0 1 0 1 1 1 1 0 0 1 0 1 1 0 1 0 1 0 0 1 1 1 0 1 1 0 1 0 1 1 0 1 1 0]"
6,0.6571436399636021,"[1 1 1 1 0 1 0 1 0 1 1 1 1 0 0 1 0 1 1 0 1 0 1 0 0 1 1 1 0 1 1 0 1 0 1 1 0 1 1 0]"
6,0.6571436399636021,"[1 1 1 1 0 1 0 1 0 1 1 1 1 0 0 1 0 1 1 0 1 0 1 0 0 1 1 1 0 1 1 0 1 0 1 1 0 1 1 0]"
6,0.6571436399636021,"[1 1 1 1 0 1 0 1 0 1 1 1 1 0 0 1 0 1 1 0 1 0 1 0 0 1 1 1 0 1 1 0 1 0 1 1 0 1 1 0]"
6,0.6571436399636021,"[1 1 1 1 0 1 0 1 0 1 1 1 1 0 0 1 0 1 1 0 1 0 1 0 0 1 1 1 0 1 1 0 1 0 1 1 0 1 1 0]"
6,0.6571436399636021,"[1 1 1 1 0 1 0 1 0 1 1 1 1 0 0 1 0 1 1 0 1 0 1 0 0 1 1 1 0 1 1 0 1 0 1 1 0 1 1 0]"
6,0.6571436399636021,"[1 1 1 1 0 1 0 1 0 1 1 1 1 0 0 1 0 1 1 0 1 0 1 0 0 1 1 1 0 1 1 0 1 0 1 1 0 1 1 0]"
6,0.6571436399636021,"[1 1 1 1 0 1 0 1 0 1 1 1 1 0 0 1 0 1 1 0 1 0 1 0 0 1 1 1 0 1 1 0 1 0 1 1 0 1 1 0]"
6,0.6571436399636021,"[1 1 1 1 0 1 0 1 0 1 1 1 1 0 0 1 0 1 1 0 1 0 1 0 0 1 1 1 0 1 1 0 1 0 1 1 0 1 1 0]"
6,0.6571436399636021,"[1 1 1 1 0 1 0 1 0 1 1 1 1 0 0 1 0 1 1 0 1 0 1 0 0 1 1 1 0 1 1 0 1 0 1 1 0 1 1 0]"
6,0.6571436399636021,"[1 1 1 1 0 1 0 1 0 1 1 1 1 0 0 1 0 1 1 0 1 0 1 0 0 1 1 1 0 1 1 0 1 0 1 1 0 1 1 0]"
6,0.6571436399636021,"[1 1 1 1 0 1 0 1 0 1 1 1 1 0 0 1 0 1 1 0 1 0 1 0 0 1 1 1 0 1 1 0 1 0 1 1 0 1 1 0]"
6,0.6571436399636021,"[1 1 1 1 0 1 0 1 0 1 1 1 1 0 0 1 0 1 1 0 1 0 1 0 0 1 1 1 0 1 1 0 1 0 1 1 0 1 1 0]"
7,0.6571436399636021,"[1 1 1 1 0 1 0 1 0 1 1 1 1 0 0 1 0 1 1 0 1 0 1 0 0 1 1 1 0 1 1 0 1 0 1 1 0 1 1 0]"
7,0.6571436399636021,"[1 1 1 1 0 1 0 1 0 1 1 1 1 0 0 1 0 1 1 0 1 0 1 0 0 1 1 1 0 1 1 0 1 0 1 1 0 1 1 0]"
7,0.6571436399636021,"[1 1 1 1 0 1 0 1 0 1 1 1 1 0 0 1 0 1 1 0 1 0 1 0 0 1 1 1 0 1 1 0 1 0 1 1 0 1 1 0]"
7,0.6571436399636021,"[1 1 1 1 0 1 0 1 0 1 1 1 1 0 0 1 0 1 1 0 1 0 1 0 0 1 1 1 0 1 1 0 1 0 1 1 0 1 1 0]"
7,0.6571436399636021,"[1 1 1 1 0 1 0 1 0 1 1 1 1 0 0 1 0 1 1 0 1 0 1 0 0 1 1 1 0 1 1 0 1 0 1 1 0 1 1 0]"
7,0.6571436399636021,"[1 1 1 1 0 1 0 1 0 1 1 1 1 0 0 1 0 1 1 0 1 0 1 0 0 1 1 1 0 1 1 0 1 0 1 1 0 1 1 0]"
7,0.6571436399636021,"[1 1 1 1 0 1 0 1 0 1 1 1 1 0 0 1 0 1 1 0 1 0 1 0 0 1 1 1 0 1 1 0 1 0 1 1 0 1 1 0]"
7,0.6571436399636021,"[1 1 1 1 0 1 0 1 0 1 1 1 1 0 0 1 0 1 1 0 1 0 1 0 0 1 1 1 0 1 1 0 1 0 1 1 0 1 1 0]"
7,0.6571436399636021,"[1 1 1 1 0 1 0 1 0 1 1 1 1 0 0 1 0 1 1 0 1 0 1 0 0 1 1 1 0 1 1 0 1 0 1 1 0 1 1 0]"
7,0.6571436399636021,"[1 1 1 1 0 1 0 1 0 1 1 1 1 0 0 1 0 1 1 0 1 0 1 0 0 1 1 1 0 1 1 0 1 0 1 1 0 1 1 0]"
7,0.6571436399636021,"[1 1 1 1 0 1 0 1 0 1 1 1 1 0 0 1 0 1 1 0 1 0 1 0 0 1 1 1 0 1 1 0 1 0 1 1 0 1 1 0]"
7,0.6571436399636021,"[1 1 1 1 0 1 0 1 0 1 1 1 1 0 0 1 0 1 1 0 1 0 1 0 0 1 1 1 0 1 1 0 1 0 1 1 0 1 1 0]"
7,0.6571436399636021,"[1 1 1 1 0 1 0 1 0 1 1 1 1 0 0 1 0 1 1 0 1 0 1 0 0 1 1 1 0 1 1 0 1 0 1 1 0 1 1 0]"
7,0.6571436399636021,"[1 1 1 1 0 1 0 1 0 1 1 1 1 0 0 1 0 1 1 0 1 0 1 0 0 1 1 1 0 1 1 0 1 0 1 1 0 1 1 0]"
7,0.6571436399636021,"[1 1 1 1 0 1 0 1 0 1 1 1 1 0 0 1 0 1 1 0 1 0 1 0 0 1 1 1 0 1 1 0 1 0 1 1 0 1 1 0]"
7,0.6571436399636021,"[1 1 1 1 0 1 0 1 0 1 1 1 1 0 0 1 0 1 1 0 1 0 1 0 0 1 1 1 0 1 1 0 1 0 1 1 0 1 1 0]"
7,0.6571436399636021,"[1 1 1 1 0 1 0 1 0 1 1 1 1 0 0 1 0 1 1 0 1 0 1 0 0 1 1 1 0 1 1 0 1 0 1 1 0 1 1 0]"
7,0.6571436399636021,"[1 1 1 1 0 1 0 1 0 1 1 1 1 0 0 1 0 1 1 0 1 0 1 0 0 1 1 1 0 1 1 0 1 0 1 1 0 1 1 0]"
7,0.6571436399636021,"[1 1 1 1 0 1 0 1 0 1 1 1 1 0 0 1 0 1 1 0 1 0 1 0 0 1 1 1 0 1 1 0 1 0 1 1 0 1 1 0]"
7,0.6571436399636021,"[1 1 1 1 0 1 0 1 0 1 1 1 1 0 0 1 0 1 1 0 1 0 1 0 0 1 1 1 0 1 1 0 1 0 1 1 0 1 1 0]"
7,0.6571436399636021,"[1 1 1 1 0 1 0 1 0 1 1 1 1 0 0 1 0 1 1 0 1 0 1 0 0 1 1 1 0 1 1 0 1 0 1 1 0 1 1 0]"
7,0.6571436399636021,"[1 1 1 1 0 1 0 1 0 1 1 1 1 0 0 1 0 1 1 0 1 0 1 0 0 1 1 1 0 1 1 0 1 0 1 1 0 1 1 0]"
7,0.6571436399636021,"[1 1 1 1 0 1 0 1 0 1 1 1 1 0 0 1 0 1 1 0 1 0 1 0 0 1 1 1 0 1 1 0 1 0 1 1 0 1 1 0]"
7,0.6571436399636021,"[1 1 1 1 0 1 0 1 0 1 1 1 1 0 0 1 0 1 1 0 1 0 1 0 0 1 1 1 0 1 1 0 1 0 1 1 0 1 1 0]"
7,0.6571436399636021,"[1 1 1 1 0 1 0 1 0 1 1 1 1 0 0 1 0 1 1 0 1 0 1 0 0 1 1 1 0 1 1 0 1 0 1 1 0 1 1 0]"
8,0.6571436399636021,"[1 1 1 1 0 1 0 1 0 1 1 1 1 0 0 1 0 1 1 0 1 0 1 0 0 1 1 1 0 1 1 0 1 0 1 1 0 1 1 0]"
8,0.6571436399636021,"[1 1 1 1 0 1 0 1 0 1 1 1 1 0 0 1 0 1 1 0 1 0 1 0 0 1 1 1 0 1 1 0 1 0 1 1 0 1 1 0]"
8,0.6571436399636021,"[1 1 1 1 0 1 0 1 0 1 1 1 1 0 0 1 0 1 1 0 1 0 1 0 0 1 1 1 0 1 1 0 1 0 1 1 0 1 1 0]"
8,0.6571436399636021,"[1 1 1 1 0 1 0 1 0 1 1 1 1 0 0 1 0 1 1 0 1 0 1 0 0 1 1 1 0 1 1 0 1 0 1 1 0 1 1 0]"
8,0.6571436399636021,"[1 1 1 1 0 1 0 1 0 1 1 1 1 0 0 1 0 1 1 0 1 0 1 0 0 1 1 1 0 1 1 0 1 0 1 1 0 1 1 0]"
8,0.6571436399636021,"[1 1 1 1 0 1 0 1 0 1 1 1 1 0 0 1 0 1 1 0 1 0 1 0 0 1 1 1 0 1 1 0 1 0 1 1 0 1 1 0]"
8,0.6571436399636021,"[1 1 1 1 0 1 0 1 0 1 1 1 1 0 0 1 0 1 1 0 1 0 1 0 0 1 1 1 0 1 1 0 1 0 1 1 0 1 1 0]"
8,0.6571436399636021,"[1 1 1 1 0 1 0 1 0 1 1 1 1 0 0 1 0 1 1 0 1 0 1 0 0 1 1 1 0 1 1 0 1 0 1 1 0 1 1 0]"
8,0.6571436399636021,"[1 1 1 1 0 1 0 1 0 1 1 1 1 0 0 1 0 1 1 0 1 0 1 0 0 1 1 1 0 1 1 0 1 0 1 1 0 1 1 0]"
8,0.6571436399636021,"[1 1 1 1 0 1 0 1 0 1 1 1 1 0 0 1 0 1 1 0 1 0 1 0 0 1 1 1 0 1 1 0 1 0 1 1 0 1 1 0]"
8,0.6571436399636021,"[1 1 1 1 0 1 0 1 0 1 1 1 1 0 0 1 0 1 1 0 1 0 1 0 0 1 1 1 0 1 1 0 1 0 1 1 0 1 1 0]"
8,0.6571436399636021,"[1 1 1 1 0 1 0 1 0 1 1 1 1 0 0 1 0 1 1 0 1 0 1 0 0 1 1 1 0 1 1 0 1 0 1 1 0 1 1 0]"
8,0.6571436399636021,"[1 1 1 1 0 1 0 1 0 1 1 1 1 0 0 1 0 1 1 0 1 0 1 0 0 1 1 1 0 1 1 0 1 0 1 1 0 1 1 0]"
8,0.6571436399636021,"[1 1 1 1 0 1 0 1 0 1 1 1 1 0 0 1 0 1 1 0 1 0 1 0 0 1 1 1 0 1 1 0 1 0 1 1 0 1 1 0]"
8,0.6571436399636021,"[1 1 1 1 0 1 0 1 0 1 1 1 1 0 0 1 0 1 1 0 1 0 1 0 0 1 1 1 0 1 1 0 1 0 1 1 0 1 1 0]"
8,0.6571436399636021,"[1 1 1 1 0 1 0 1 0 1 1 1 1 0 0 1 0 1 1 0 1 0 1 0 0 1 1 1 0 1 1 0 1 0 1 1 0 1 1 0]"
8,0.6571436399636021,"[1 1 1 1 0 1 0 1 0 1 1 1 1 0 0 1 0 1 1 0 1 0 1 0 0 1 1 1 0 1 1 0 1 0 1 1 0 1 1 0]"
8,0.6571436399636021,"[1 1 1 1 0 1 0 1 0 1 1 1 1 0 0 1 0 1 1 0 1 0 1 0 0 1 1 1 0 1 1 0 1 0 1 1 0 1 1 0]"
8,0.6571436399636021,"[1 1 1 1 0 1 0 1 0 1 1 1 1 0 0 1 0 1 1 0 1 0 1 0 0 1 1 1 0 1 1 0 1 0 1 1 0 1 1 0]"
8,0.6571436399636021,"[1 1 1 1 0 1 0 1 0 1 1 1 1 0 0 1 0 1 1 0 1 0 1 0 0 1 1 1 0 1 1 0 1 0 1 1 0 1 1 0]"
8,0.6571436399636021,"[1 1 1 1 0 1 0 1 0 1 1 1 1 0 0 1 0 1 1 0 1 0 1 0 0 1 1 1 0 1 1 0 1 0 1 1 0 1 1 0]"
8,0.6571436399636021,"[1 1 1 1 0 1 0 1 0 1 1 1 1 0 0 1 0 1 1 0 1 0 1 0 0 1 1 1 0 1 1 0 1 0 1 1 0 1 1 0]"
8,0.6571436399636021,"[1 1 1 1 0 1 0 1 0 1 1 1 1 0 0 1 0 1 1 0 1 0 1 0 0 1 1 1 0 1 1 0 1 0 1 1 0 1 1 0]"
8,0.6571436399636021,"[1 1 1 1 0 1 0 1 0 1 1 1 1 0 0 1 0 1 1 0 1 0 1 0 0 1 1 1 0 1 1 0 1 0 1 1 0 1 1 0]"
8,0.6571436399636021,"[1 1 1 1 0 1 0 1 0 1 1 1 1 0 0 1 0 1 1 0 1 0 1 0 0 1 1 1 0 1 1 0 1 0 1 1 0 1 1 0]"
9,0.6571436399636021,"[1 1 1 1 0 1 0 1 0 1 1 1 1 0 0 1 0 1 1 0 1 0 1 0 0 1 1 1 0 1 1 0 1 0 1 1 0 1 1 0]"
9,0.6571436399636021,"[1 1 1 1 0 1 0 1 0 1 1 1 1 0 0 1 0 1 1 0 1 0 1 0 0 1 1 1 0 1 1 0 1 0 1 1 0 1 1 0]"
9,0.6571436399636021,"[1 1 1 1 0 1 0 1 0 1 1 1 1 0 0 1 0 1 1 0 1 0 1 0 0 1 1 1 0 1 1 0 1 0 1 1 0 1 1 0]"
9,0.6571436399636021,"[1 1 1 1 0 1 0 1 0 1 1 1 1 0 0 1 0 1 1 0 1 0 1 0 0 1 1 1 0 1 1 0 1 0 1 1 0 1 1 0]"
9,0.6571436399636021,"[1 1 1 1 0 1 0 1 0 1 1 1 1 0 0 1 0 1 1 0 1 0 1 0 0 1 1 1 0 1 1 0 1 0 1 1 0 1 1 0]"
9,0.6571436399636021,"[1 1 1 1 0 1 0 1 0 1 1 1 1 0 0 1 0 1 1 0 1 0 1 0 0 1 1 1 0 1 1 0 1 0 1 1 0 1 1 0]"
9,0.6571436399636021,"[1 1 1 1 0 1 0 1 0 1 1 1 1 0 0 1 0 1 1 0 1 0 1 0 0 1 1 1 0 1 1 0 1 0 1 1 0 1 1 0]"
9,0.6571436399636021,"[1 1 1 1 0 1 0 1 0 1 1 1 1 0 0 1 0 1 1 0 1 0 1 0 0 1 1 1 0 1 1 0 1 0 1 1 0 1 1 0]"
9,0.6571436399636021,"[1 1 1 1 0 1 0 1 0 1 1 1 1 0 0 1 0 1 1 0 1 0 1 0 0 1 1 1 0 1 1 0 1 0 1 1 0 1 1 0]"
9,0.6571436399636021,"[1 1 1 1 0 1 0 1 0 1 1 1 1 0 0 1 0 1 1 0 1 0 1 0 0 1 1 1 0 1 1 0 1 0 1 1 0 1 1 0]"
9,0.6571436399636021,"[1 1 1 1 0 1 0 1 0 1 1 1 1 0 0 1 0 1 1 0 1 0 1 0 0 1 1 1 0 1 1 0 1 0 1 1 0 1 1 0]"
9,0.6571436399636021,"[1 1 1 1 0 1 0 1 0 1 1 1 1 0 0 1 0 1 1 0 1 0 1 0 0 1 1 1 0 1 1 0 1 0 1 1 0 1 1 0]"
9,0.6571436399636021,"[1 1 1 1 0 1 0 1 0 1 1 1 1 0 0 1 0 1 1 0 1 0 1 0 0 1 1 1 0 1 1 0 1 0 1 1 0 1 1 0]"
9,0.6571436399636021,"[1 1 1 1 0 1 0 1 0 1 1 1 1 0 0 1 0 1 1 0 1 0 1 0 0 1 1 1 0 1 1 0 1 0 1 1 0 1 1 0]"
9,0.6571436399636021,"[1 1 1 1 0 1 0 1 0 1 1 1 1 0 0 1 0 1 1 0 1 0 1 0 0 1 1 1 0 1 1 0 1 0 1 1 0 1 1 0]"
9,0.6571436399636021,"[1 1 1 1 0 1 0 1 0 1 1 1 1 0 0 1 0 1 1 0 1 0 1 0 0 1 1 1 0 1 1 0 1 0 1 1 0 1 1 0]"
9,0.6571436399636021,"[1 1 1 1 0 1 0 1 0 1 1 1 1 0 0 1 0 1 1 0 1 0 1 0 0 1 1 1 0 1 1 0 1 0 1 1 0 1 1 0]"
9,0.6571436399636021,"[1 1 1 1 0 1 0 1 0 1 1 1 1 0 0 1 0 1 1 0 1 0 1 0 0 1 1 1 0 1 1 0 1 0 1 1 0 1 1 0]"
9,0.6571436399636021,"[1 1 1 1 0 1 0 1 0 1 1 1 1 0 0 1 0 1 1 0 1 0 1 0 0 1 1 1 0 1 1 0 1 0 1 1 0 1 1 0]"
9,0.6571436399636021,"[1 1 1 1 0 1 0 1 0 1 1 1 1 0 0 1 0 1 1 0 1 0 1 0 0 1 1 1 0 1 1 0 1 0 1 1 0 1 1 0]"
9,0.6571436399636021,"[1 1 1 1 0 1 0 1 0 1 1 1 1 0 0 1 0 1 1 0 1 0 1 0 0 1 1 1 0 1 1 0 1 0 1 1 0 1 1 0]"
9,0.6571436399636021,"[1 1 1 1 0 1 0 1 0 1 1 1 1 0 0 1 0 1 1 0 1 0 1 0 0 1 1 1 0 1 1 0 1 0 1 1 0 1 1 0]"
9,0.6571436399636021,"[1 1 1 1 0 1 0 1 0 1 1 1 1 0 0 1 0 1 1 0 1 0 1 0 0 1 1 1 0 1 1 0 1 0 1 1 0 1 1 0]"
9,0.6571436399636021,"[1 1 1 1 0 1 0 1 0 1 1 1 1 0 0 1 0 1 1 0 1 0 1 0 0 1 1 1 0 1 1 0 1 0 1 1 0 1 1 0]"
9,0.6571436399636021,"[1 1 1 1 0 1 0 1 0 1 1 1 1 0 0 1 0 1 1 0 1 0 1 0 0 1 1 1 0 1 1 0 1 0 1 1 0 1 1 0]"
10,0.6571436399636021,"[1 1 1 1 0 1 0 1 0 1 1 1 1 0 0 1 0 1 1 0 1 0 1 0 0 1 1 1 0 1 1 0 1 0 1 1 0 1 1 0]"
10,0.6571436399636021,"[1 1 1 1 0 1 0 1 0 1 1 1 1 0 0 1 0 1 1 0 1 0 1 0 0 1 1 1 0 1 1 0 1 0 1 1 0 1 1 0]"
10,0.6571436399636021,"[1 1 1 1 0 1 0 1 0 1 1 1 1 0 0 1 0 1 1 0 1 0 1 0 0 1 1 1 0 1 1 0 1 0 1 1 0 1 1 0]"
10,0.6571436399636021,"[1 1 1 1 0 1 0 1 0 1 1 1 1 0 0 1 0 1 1 0 1 0 1 0 0 1 1 1 0 1 1 0 1 0 1 1 0 1 1 0]"
10,0.6571436399636021,"[1 1 1 1 0 1 0 1 0 1 1 1 1 0 0 1 0 1 1 0 1 0 1 0 0 1 1 1 0 1 1 0 1 0 1 1 0 1 1 0]"
10,0.6571436399636021,"[1 1 1 1 0 1 0 1 0 1 1 1 1 0 0 1 0 1 1 0 1 0 1 0 0 1 1 1 0 1 1 0 1 0 1 1 0 1 1 0]"
10,0.6571436399636021,"[1 1 1 1 0 1 0 1 0 1 1 1 1 0 0 1 0 1 1 0 1 0 1 0 0 1 1 1 0 1 1 0 1 0 1 1 0 1 1 0]"
10,0.6571436399636021,"[1 1 1 1 0 1 0 1 0 1 1 1 1 0 0 1 0 1 1 0 1 0 1 0 0 1 1 1 0 1 1 0 1 0 1 1 0 1 1 0]"
10,0.6571436399636021,"[1 1 1 1 0 1 0 1 0 1 1 1 1 0 0 1 0 1 1 0 1 0 1 0 0 1 1 1 0 1 1 0 1 0 1 1 0 1 1 0]"
10,0.6571436399636021,"[1 1 1 1 0 1 0 1 0 1 1 1 1 0 0 1 0 1 1 0 1 0 1 0 0 1 1 1 0 1 1 0 1 0 1 1 0 1 1 0]"
10,0.6571436399636021,"[1 1 1 1 0 1 0 1 0 1 1 1 1 0 0 1 0 1 1 0 1 0 1 0 0 1 1 1 0 1 1 0 1 0 1 1 0 1 1 0]"
10,0.6571436399636021,"[1 1 1 1 0 1 0 1 0 1 1 1 1 0 0 1 0 1 1 0 1 0 1 0 0 1 1 1 0 1 1 0 1 0 1 1 0 1 1 0]"
10,0.6571436399636021,"[1 1 1 1 0 1 0 1 0 1 1 1 1 0 0 1 0 1 1 0 1 0 1 0 0 1 1 1 0 1 1 0 1 0 1 1 0 1 1 0]"
10,0.6571436399636021,"[1 1 1 1 0 1 0 1 0 1 1 1 1 0 0 1 0 1 1 0 1 0 1 0 0 1 1 1 0 1 1 0 1 0 1 1 0 1 1 0]"
10,0.6571436399636021,"[1 1 1 1 0 1 0 1 0 1 1 1 1 0 0 1 0 1 1 0 1 0 1 0 0 1 1 1 0 1 1 0 1 0 1 1 0 1 1 0]"
10,0.6571436399636021,"[1 1 1 1 0 1 0 1 0 1 1 1 1 0 0 1 0 1 1 0 1 0 1 0 0 1 1 1 0 1 1 0 1 0 1 1 0 1 1 0]"
10,0.6571436399636021,"[1 1 1 1 0 1 0 1 0 1 1 1 1 0 0 1 0 1 1 0 1 0 1 0 0 1 1 1 0 1 1 0 1 0 1 1 0 1 1 0]"
10,0.6571436399636021,"[1 1 1 1 0 1 0 1 0 1 1 1 1 0 0 1 0 1 1 0 1 0 1 0 0 1 1 1 0 1 1 0 1 0 1 1 0 1 1 0]"
10,0.6571436399636021,"[1 1 1 1 0 1 0 1 0 1 1 1 1 0 0 1 0 1 1 0 1 0 1 0 0 1 1 1 0 1 1 0 1 0 1 1 0 1 1 0]"
10,0.6571436399636021,"[1 1 1 1 0 1 0 1 0 1 1 1 1 0 0 1 0 1 1 0 1 0 1 0 0 1 1 1 0 1 1 0 1 0 1 1 0 1 1 0]"
10,0.6571436399636021,"[1 1 1 1 0 1 0 1 0 1 1 1 1 0 0 1 0 1 1 0 1 0 1 0 0 1 1 1 0 1 1 0 1 0 1 1 0 1 1 0]"
10,0.6571436399636021,"[1 1 1 1 0 1 0 1 0 1 1 1 1 0 0 1 0 1 1 0 1 0 1 0 0 1 1 1 0 1 1 0 1 0 1 1 0 1 1 0]"
10,0.6571436399636021,"[1 1 1 1 0 1 0 1 0 1 1 1 1 0 0 1 0 1 1 0 1 0 1 0 0 1 1 1 0 1 1 0 1 0 1 1 0 1 1 0]"
10,0.6571436399636021,"[1 1 1 1 0 1 0 1 0 1 1 1 1 0 0 1 0 1 1 0 1 0 1 0 0 1 1 1 0 1 1 0 1 0 1 1 0 1 1 0]"
10,0.6571436399636021,"[1 1 1 1 0 1 0 1 0 1 1 1 1 0 0 1 0 1 1 0 1 0 1 0 0 1 1 1 0 1 1 0 1 0 1 1 0 1 1 0]"
11,0.6571436399636021,"[1 1 1 1 0 1 0 1 0 1 1 1 1 0 0 1 0 1 1 0 1 0 1 0 0 1 1 1 0 1 1 0 1 0 1 1 0 1 1 0]"
11,0.6571436399636021,"[1 1 1 1 0 1 0 1 0 1 1 1 1 0 0 1 0 1 1 0 1 0 1 0 0 1 1 1 0 1 1 0 1 0 1 1 0 1 1 0]"
11,0.6571436399636021,"[1 1 1 1 0 1 0 1 0 1 1 1 1 0 0 1 0 1 1 0 1 0 1 0 0 1 1 1 0 1 1 0 1 0 1 1 0 1 1 0]"
11,0.6571436399636021,"[1 1 1 1 0 1 0 1 0 1 1 1 1 0 0 1 0 1 1 0 1 0 1 0 0 1 1 1 0 1 1 0 1 0 1 1 0 1 1 0]"
11,0.6571436399636021,"[1 1 1 1 0 1 0 1 0 1 1 1 1 0 0 1 0 1 1 0 1 0 1 0 0 1 1 1 0 1 1 0 1 0 1 1 0 1 1 0]"
11,0.6571436399636021,"[1 1 1 1 0 1 0 1 0 1 1 1 1 0 0 1 0 1 1 0 1 0 1 0 0 1 1 1 0 1 1 0 1 0 1 1 0 1 1 0]"
11,0.6571436399636021,"[1 1 1 1 0 1 0 1 0 1 1 1 1 0 0 1 0 1 1 0 1 0 1 0 0 1 1 1 0 1 1 0 1 0 1 1 0 1 1 0]"
11,0.6571436399636021,"[1 1 1 1 0 1 0 1 0 1 1 1 1 0 0 1 0 1 1 0 1 0 1 0 0 1 1 1 0 1 1 0 1 0 1 1 0 1 1 0]"
11,0.6571436399636021,"[1 1 1 1 0 1 0 1 0 1 1 1 1 0 0 1 0 1 1 0 1 0 1 0 0 1 1 1 0 1 1 0 1 0 1 1 0 1 1 0]"
11,0.6571436399636021,"[1 1 1 1 0 1 0 1 0 1 1 1 1 0 0 1 0 1 1 0 1 0 1 0 0 1 1 1 0 1 1 0 1 0 1 1 0 1 1 0]"
11,0.6571436399636021,"[1 1 1 1 0 1 0 1 0 1 1 1 1 0 0 1 0 1 1 0 1 0 1 0 0 1 1 1 0 1 1 0 1 0 1 1 0 1 1 0]"
11,0.6571436399636021,"[1 1 1 1 0 1 0 1 0 1 1 1 1 0 0 1 0 1 1 0 1 0 1 0 0 1 1 1 0 1 1 0 1 0 1 1 0 1 1 0]"
11,0.6571436399636021,"[1 1 1 1 0 1 0 1 0 1 1 1 1 0 0 1 0 1 1 0 1 0 1 0 0 1 1 1 0 1 1 0 1 0 1 1 0 1 1 0]"
11,0.6571436399636021,"[1 1 1 1 0 1 0 1 0 1 1 1 1 0 0 1 0 1 1 0 1 0 1 0 0 1 1 1 0 1 1 0 1 0 1 1 0 1 1 0]"
11,0.6571436399636021,"[1 1 1 1 0 1 0 1 0 1 1 1 1 0 0 1 0 1 1 0 1 0 1 0 0 1 1 1 0 1 1 0 1 0 1 1 0 1 1 0]"
11,0.6571436399636021,"[1 1 1 1 0 1 0 1 0 1 1 1 1 0 0 1 0 1 1 0 1 0 1 0 0 1 1 1 0 1 1 0 1 0 1 1 0 1 1 0]"
11,0.6571436399636021,"[1 1 1 1 0 1 0 1 0 1 1 1 1 0 0 1 0 1 1 0 1 0 1 0 0 1 1 1 0 1 1 0 1 0 1 1 0 1 1 0]"
11,0.6571436399636021,"[1 1 1 1 0 1 0 1 0 1 1 1 1 0 0 1 0 1 1 0 1 0 1 0 0 1 1 1 0 1 1 0 1 0 1 1 0 1 1 0]"
11,0.6571436399636021,"[1 1 1 1 0 1 0 1 0 1 1 1 1 0 0 1 0 1 1 0 1 0 1 0 0 1 1 1 0 1 1 0 1 0 1 1 0 1 1 0]"
11,0.6571436399636021,"[1 1 1 1 0 1 0 1 0 1 1 1 1 0 0 1 0 1 1 0 1 0 1 0 0 1 1 1 0 1 1 0 1 0 1 1 0 1 1 0]"
11,0.6571436399636021,"[1 1 1 1 0 1 0 1 0 1 1 1 1 0 0 1 0 1 1 0 1 0 1 0 0 1 1 1 0 1 1 0 1 0 1 1 0 1 1 0]"
11,0.6571436399636021,"[1 1 1 1 0 1 0 1 0 1 1 1 1 0 0 1 0 1 1 0 1 0 1 0 0 1 1 1 0 1 1 0 1 0 1 1 0 1 1 0]"
11,0.6571436399636021,"[1 1 1 1 0 1 0 1 0 1 1 1 1 0 0 1 0 1 1 0 1 0 1 0 0 1 1 1 0 1 1 0 1 0 1 1 0 1 1 0]"
11,0.6571436399636021,"[1 1 1 1 0 1 0 1 0 1 1 1 1 0 0 1 0 1 1 0 1 0 1 0 0 1 1 1 0 1 1 0 1 0 1 1 0 1 1 0]"
11,0.6571436399636021,"[1 1 1 1 0 1 0 1 0 1 1 1 1 0 0 1 0 1 1 0 1 0 1 0 0 1 1 1 0 1 1 0 1 0 1 1 0 1 1 0]"
12,0.6571436399636021,"[1 1 1 1 0 1 0 1 0 1 1 1 1 0 0 1 0 1 1 0 1 0 1 0 0 1 1 1 0 1 1 0 1 0 1 1 0 1 1 0]"
12,0.6571436399636021,"[1 1 1 1 0 1 0 1 0 1 1 1 1 0 0 1 0 1 1 0 1 0 1 0 0 1 1 1 0 1 1 0 1 0 1 1 0 1 1 0]"
12,0.6571436399636021,"[1 1 1 1 0 1 0 1 0 1 1 1 1 0 0 1 0 1 1 0 1 0 1 0 0 1 1 1 0 1 1 0 1 0 1 1 0 1 1 0]"
12,0.6571436399636021,"[1 1 1 1 0 1 0 1 0 1 1 1 1 0 0 1 0 1 1 0 1 0 1 0 0 1 1 1 0 1 1 0 1 0 1 1 0 1 1 0]"
12,0.6571436399636021,"[1 1 1 1 0 1 0 1 0 1 1 1 1 0 0 1 0 1 1 0 1 0 1 0 0 1 1 1 0 1 1 0 1 0 1 1 0 1 1 0]"
12,0.6571436399636021,"[1 1 1 1 0 1 0 1 0 1 1 1 1 0 0 1 0 1 1 0 1 0 1 0 0 1 1 1 0 1 1 0 1 0 1 1 0 1 1 0]"
12,0.6571436399636021,"[1 1 1 1 0 1 0 1 0 1 1 1 1 0 0 1 0 1 1 0 1 0 1 0 0 1 1 1 0 1 1 0 1 0 1 1 0 1 1 0]"
12,0.6571436399636021,"[1 1 1 1 0 1 0 1 0 1 1 1 1 0 0 1 0 1 1 0 1 0 1 0 0 1 1 1 0 1 1 0 1 0 1 1 0 1 1 0]"
12,0.6571436399636021,"[1 1 1 1 0 1 0 1 0 1 1 1 1 0 0 1 0 1 1 0 1 0 1 0 0 1 1 1 0 1 1 0 1 0 1 1 0 1 1 0]"
12,0.6571436399636021,"[1 1 1 1 0 1 0 1 0 1 1 1 1 0 0 1 0 1 1 0 1 0 1 0 0 1 1 1 0 1 1 0 1 0 1 1 0 1 1 0]"
12,0.6571436399636021,"[1 1 1 1 0 1 0 1 0 1 1 1 1 0 0 1 0 1 1 0 1 0 1 0 0 1 1 1 0 1 1 0 1 0 1 1 0 1 1 0]"
12,0.6571436399636021,"[1 1 1 1 0 1 0 1 0 1 1 1 1 0 0 1 0 1 1 0 1 0 1 0 0 1 1 1 0 1 1 0 1 0 1 1 0 1 1 0]"
12,0.6571436399636021,"[1 1 1 1 0 1 0 1 0 1 1 1 1 0 0 1 0 1 1 0 1 0 1 0 0 1 1 1 0 1 1 0 1 0 1 1 0 1 1 0]"
12,0.6571436399636021,"[1 1 1 1 0 1 0 1 0 1 1 1 1 0 0 1 0 1 1 0 1 0 1 0 0 1 1 1 0 1 1 0 1 0 1 1 0 1 1 0]"
12,0.6571436399636021,"[1 1 1 1 0 1 0 1 0 1 1 1 1 0 0 1 0 1 1 0 1 0 1 0 0 1 1 1 0 1 1 0 1 0 1 1 0 1 1 0]"
12,0.6571436399636021,"[1 1 1 1 0 1 0 1 0 1 1 1 1 0 0 1 0 1 1 0 1 0 1 0 0 1 1 1 0 1 1 0 1 0 1 1 0 1 1 0]"
12,0.6571436399636021,"[1 1 1 1 0 1 0 1 0 1 1 1 1 0 0 1 0 1 1 0 1 0 1 0 0 1 1 1 0 1 1 0 1 0 1 1 0 1 1 0]"
12,0.6571436399636021,"[1 1 1 1 0 1 0 1 0 1 1 1 1 0 0 1 0 1 1 0 1 0 1 0 0 1 1 1 0 1 1 0 1 0 1 1 0 1 1 0]"
12,0.6571436399636021,"[1 1 1 1 0 1 0 1 0 1 1 1 1 0 0 1 0 1 1 0 1 0 1 0 0 1 1 1 0 1 1 0 1 0 1 1 0 1 1 0]"
12,0.6571436399636021,"[1 1 1 1 0 1 0 1 0 1 1 1 1 0 0 1 0 1 1 0 1 0 1 0 0 1 1 1 0 1 1 0 1 0 1 1 0 1 1 0]"
12,0.6571436399636021,"[1 1 1 1 0 1 0 1 0 1 1 1 1 0 0 1 0 1 1 0 1 0 1 0 0 1 1 1 0 1 1 0 1 0 1 1 0 1 1 0]"
12,0.6571436399636021,"[1 1 1 1 0 1 0 1 0 1 1 1 1 0 0 1 0 1 1 0 1 0 1 0 0 1 1 1 0 1 1 0 1 0 1 1 0 1 1 0]"
12,0.6571436399636021,"[1 1 1 1 0 1 0 1 0 1 1 1 1 0 0 1 0 1 1 0 1 0 1 0 0 1 1 1 0 1 1 0 1 0 1 1 0 1 1 0]"
12,0.6571436399636021,"[1 1 1 1 0 1 0 1 0 1 1 1 1 0 0 1 0 1 1 0 1 0 1 0 0 1 1 1 0 1 1 0 1 0 1 1 0 1 1 0]"
12,0.6571436399636021,"[1 1 1 1 0 1 0 1 0 1 1 1 1 0 0 1 0 1 1 0 1 0 1 0 0 1 1 1 0 1 1 0 1 0 1 1 0 1 1 0]"
13,0.6571436399636021,"[1 1 1 1 0 1 0 1 0 1 1 1 1 0 0 1 0 1 1 0 1 0 1 0 0 1 1 1 0 1 1 0 1 0 1 1 0 1 1 0]"
13,0.6571436399636021,"[1 1 1 1 0 1 0 1 0 1 1 1 1 0 0 1 0 1 1 0 1 0 1 0 0 1 1 1 0 1 1 0 1 0 1 1 0 1 1 0]"
13,0.6571436399636021,"[1 1 1 1 0 1 0 1 0 1 1 1 1 0 0 1 0 1 1 0 1 0 1 0 0 1 1 1 0 1 1 0 1 0 1 1 0 1 1 0]"
13,0.6571436399636021,"[1 1 1 1 0 1 0 1 0 1 1 1 1 0 0 1 0 1 1 0 1 0 1 0 0 1 1 1 0 1 1 0 1 0 1 1 0 1 1 0]"
13,0.6571436399636021,"[1 1 1 1 0 1 0 1 0 1 1 1 1 0 0 1 0 1 1 0 1 0 1 0 0 1 1 1 0 1 1 0 1 0 1 1 0 1 1 0]"
13,0.6571436399636021,"[1 1 1 1 0 1 0 1 0 1 1 1 1 0 0 1 0 1 1 0 1 0 1 0 0 1 1 1 0 1 1 0 1 0 1 1 0 1 1 0]"
13,0.6571436399636021,"[1 1 1 1 0 1 0 1 0 1 1 1 1 0 0 1 0 1 1 0 1 0 1 0 0 1 1 1 0 1 1 0 1 0 1 1 0 1 1 0]"
13,0.6571436399636021,"[1 1 1 1 0 1 0 1 0 1 1 1 1 0 0 1 0 1 1 0 1 0 1 0 0 1 1 1 0 1 1 0 1 0 1 1 0 1 1 0]"
13,0.6571436399636021,"[1 1 1 1 0 1 0 1 0 1 1 1 1 0 0 1 0 1 1 0 1 0 1 0 0 1 1 1 0 1 1 0 1 0 1 1 0 1 1 0]"
13,0.6571436399636021,"[1 1 1 1 0 1 0 1 0 1 1 1 1 0 0 1 0 1 1 0 1 0 1 0 0 1 1 1 0 1 1 0 1 0 1 1 0 1 1 0]"
13,0.6571436399636021,"[1 1 1 1 0 1 0 1 0 1 1 1 1 0 0 1 0 1 1 0 1 0 1 0 0 1 1 1 0 1 1 0 1 0 1 1 0 1 1 0]"
13,0.6571436399636021,"[1 1 1 1 0 1 0 1 0 1 1 1 1 0 0 1 0 1 1 0 1 0 1 0 0 1 1 1 0 1 1 0 1 0 1 1 0 1 1 0]"
13,0.6571436399636021,"[1 1 1 1 0 1 0 1 0 1 1 1 1 0 0 1 0 1 1 0 1 0 1 0 0 1 1 1 0 1 1 0 1 0 1 1 0 1 1 0]"
13,0.6571436399636021,"[1 1 1 1 0 1 0 1 0 1 1 1 1 0 0 1 0 1 1 0 1 0 1 0 0 1 1 1 0 1 1 0 1 0 1 1 0 1 1 0]"
13,0.6571436399636021,"[1 1 1 1 0 1 0 1 0 1 1 1 1 0 0 1 0 1 1 0 1 0 1 0 0 1 1 1 0 1 1 0 1 0 1 1 0 1 1 0]"
13,0.6571436399636021,"[1 1 1 1 0 1 0 1 0 1 1 1 1 0 0 1 0 1 1 0 1 0 1 0 0 1 1 1 0 1 1 0 1 0 1 1 0 1 1 0]"
13,0.6571436399636021,"[1 1 1 1 0 1 0 1 0 1 1 1 1 0 0 1 0 1 1 0 1 0 1 0 0 1 1 1 0 1 1 0 1 0 1 1 0 1 1 0]"
13,0.6571436399636021,"[1 1 1 1 0 1 0 1 0 1 1 1 1 0 0 1 0 1 1 0 1 0 1 0 0 1 1 1 0 1 1 0 1 0 1 1 0 1 1 0]"
13,0.6571436399636021,"[1 1 1 1 0 1 0 1 0 1 1 1 1 0 0 1 0 1 1 0 1 0 1 0 0 1 1 1 0 1 1 0 1 0 1 1 0 1 1 0]"
13,0.6571436399636021,"[1 1 1 1 0 1 0 1 0 1 1 1 1 0 0 1 0 1 1 0 1 0 1 0 0 1 1 1 0 1 1 0 1 0 1 1 0 1 1 0]"
13,0.6571436399636021,"[1 1 1 1 0 1 0 1 0 1 1 1 1 0 0 1 0 1 1 0 1 0 1 0 0 1 1 1 0 1 1 0 1 0 1 1 0 1 1 0]"
13,0.6571436399636021,"[1 1 1 1 0 1 0 1 0 1 1 1 1 0 0 1 0 1 1 0 1 0 1 0 0 1 1 1 0 1 1 0 1 0 1 1 0 1 1 0]"
13,0.6571436399636021,"[1 1 1 1 0 1 0 1 0 1 1 1 1 0 0 1 0 1 1 0 1 0 1 0 0 1 1 1 0 1 1 0 1 0 1 1 0 1 1 0]"
13,0.6571436399636021,"[1 1 1 1 0 1 0 1 0 1 1 1 1 0 0 1 0 1 1 0 1 0 1 0 0 1 1 1 0 1 1 0 1 0 1 1 0 1 1 0]"
13,0.6571436399636021,"[1 1 1 1 0 1 0 1 0 1 1 1 1 0 0 1 0 1 1 0 1 0 1 0 0 1 1 1 0 1 1 0 1 0 1 1 0 1 1 0]"
14,0.6571436399636021,"[1 1 1 1 0 1 0 1 0 1 1 1 1 0 0 1 0 1 1 0 1 0 1 0 0 1 1 1 0 1 1 0 1 0 1 1 0 1 1 0]"
14,0.6571436399636021,"[1 1 1 1 0 1 0 1 0 1 1 1 1 0 0 1 0 1 1 0 1 0 1 0 0 1 1 1 0 1 1 0 1 0 1 1 0 1 1 0]"
14,0.6571436399636021,"[1 1 1 1 0 1 0 1 0 1 1 1 1 0 0 1 0 1 1 0 1 0 1 0 0 1 1 1 0 1 1 0 1 0 1 1 0 1 1 0]"
14,0.6571436399636021,"[1 1 1 1 0 1 0 1 0 1 1 1 1 0 0 1 0 1 1 0 1 0 1 0 0 1 1 1 0 1 1 0 1 0 1 1 0 1 1 0]"
14,0.6571436399636021,"[1 1 1 1 0 1 0 1 0 1 1 1 1 0 0 1 0 1 1 0 1 0 1 0 0 1 1 1 0 1 1 0 1 0 1 1 0 1 1 0]"
14,0.6571436399636021,"[1 1 1 1 0 1 0 1 0 1 1 1 1 0 0 1 0 1 1 0 1 0 1 0 0 1 1 1 0 1 1 0 1 0 1 1 0 1 1 0]"
14,0.6571436399636021,"[1 1 1 1 0 1 0 1 0 1 1 1 1 0 0 1 0 1 1 0 1 0 1 0 0 1 1 1 0 1 1 0 1 0 1 1 0 1 1 0]"
14,0.6571436399636021,"[1 1 1 1 0 1 0 1 0 1 1 1 1 0 0 1 0 1 1 0 1 0 1 0 0 1 1 1 0 1 1 0 1 0 1 1 0 1 1 0]"
14,0.6571436399636021,"[1 1 1 1 0 1 0 1 0 1 1 1 1 0 0 1 0 1 1 0 1 0 1 0 0 1 1 1 0 1 1 0 1 0 1 1 0 1 1 0]"
14,0.6571436399636021,"[1 1 1 1 0 1 0 1 0 1 1 1 1 0 0 1 0 1 1 0 1 0 1 0 0 1 1 1 0 1 1 0 1 0 1 1 0 1 1 0]"
14,0.6571436399636021,"[1 1 1 1 0 1 0 1 0 1 1 1 1 0 0 1 0 1 1 0 1 0 1 0 0 1 1 1 0 1 1 0 1 0 1 1 0 1 1 0]"
14,0.6571436399636021,"[1 1 1 1 0 1 0 1 0 1 1 1 1 0 0 1 0 1 1 0 1 0 1 0 0 1 1 1 0 1 1 0 1 0 1 1 0 1 1 0]"
14,0.6571436399636021,"[1 1 1 1 0 1 0 1 0 1 1 1 1 0 0 1 0 1 1 0 1 0 1 0 0 1 1 1 0 1 1 0 1 0 1 1 0 1 1 0]"
14,0.6571436399636021,"[1 1 1 1 0 1 0 1 0 1 1 1 1 0 0 1 0 1 1 0 1 0 1 0 0 1 1 1 0 1 1 0 1 0 1 1 0 1 1 0]"
14,0.6571436399636021,"[1 1 1 1 0 1 0 1 0 1 1 1 1 0 0 1 0 1 1 0 1 0 1 0 0 1 1 1 0 1 1 0 1 0 1 1 0 1 1 0]"
14,0.6571436399636021,"[1 1 1 1 0 1 0 1 0 1 1 1 1 0 0 1 0 1 1 0 1 0 1 0 0 1 1 1 0 1 1 0 1 0 1 1 0 1 1 0]"
14,0.6571436399636021,"[1 1 1 1 0 1 0 1 0 1 1 1 1 0 0 1 0 1 1 0 1 0 1 0 0 1 1 1 0 1 1 0 1 0 1 1 0 1 1 0]"
14,0.6571436399636021,"[1 1 1 1 0 1 0 1 0 1 1 1 1 0 0 1 0 1 1 0 1 0 1 0 0 1 1 1 0 1 1 0 1 0 1 1 0 1 1 0]"
14,0.6571436399636021,"[1 1 1 1 0 1 0 1 0 1 1 1 1 0 0 1 0 1 1 0 1 0 1 0 0 1 1 1 0 1 1 0 1 0 1 1 0 1 1 0]"
14,0.6571436399636021,"[1 1 1 1 0 1 0 1 0 1 1 1 1 0 0 1 0 1 1 0 1 0 1 0 0 1 1 1 0 1 1 0 1 0 1 1 0 1 1 0]"
14,0.6571436399636021,"[1 1 1 1 0 1 0 1 0 1 1 1 1 0 0 1 0 1 1 0 1 0 1 0 0 1 1 1 0 1 1 0 1 0 1 1 0 1 1 0]"
14,0.6571436399636021,"[1 1 1 1 0 1 0 1 0 1 1 1 1 0 0 1 0 1 1 0 1 0 1 0 0 1 1 1 0 1 1 0 1 0 1 1 0 1 1 0]"
14,0.6571436399636021,"[1 1 1 1 0 1 0 1 0 1 1 1 1 0 0 1 0 1 1 0 1 0 1 0 0 1 1 1 0 1 1 0 1 0 1 1 0 1 1 0]"
14,0.6571436399636021,"[1 1 1 1 0 1 0 1 0 1 1 1 1 0 0 1 0 1 1 0 1 0 1 0 0 1 1 1 0 1 1 0 1 0 1 1 0 1 1 0]"
14,0.6571436399636021,"[1 1 1 1 0 1 0 1 0 1 1 1 1 0 0 1 0 1 1 0 1 0 1 0 0 1 1 1 0 1 1 0 1 0 1 1 0 1 1 0]"
15,0.6571436399636021,"[1 1 1 1 0 1 0 1 0 1 1 1 1 0 0 1 0 1 1 0 1 0 1 0 0 1 1 1 0 1 1 0 1 0 1 1 0 1 1 0]"
15,0.6571436399636021,"[1 1 1 1 0 1 0 1 0 1 1 1 1 0 0 1 0 1 1 0 1 0 1 0 0 1 1 1 0 1 1 0 1 0 1 1 0 1 1 0]"
15,0.6571436399636021,"[1 1 1 1 0 1 0 1 0 1 1 1 1 0 0 1 0 1 1 0 1 0 1 0 0 1 1 1 0 1 1 0 1 0 1 1 0 1 1 0]"
15,0.6571436399636021,"[1 1 1 1 0 1 0 1 0 1 1 1 1 0 0 1 0 1 1 0 1 0 1 0 0 1 1 1 0 1 1 0 1 0 1 1 0 1 1 0]"
15,0.6571436399636021,"[1 1 1 1 0 1 0 1 0 1 1 1 1 0 0 1 0 1 1 0 1 0 1 0 0 1 1 1 0 1 1 0 1 0 1 1 0 1 1 0]"
15,0.6571436399636021,"[1 1 1 1 0 1 0 1 0 1 1 1 1 0 0 1 0 1 1 0 1 0 1 0 0 1 1 1 0 1 1 0 1 0 1 1 0 1 1 0]"
15,0.6571436399636021,"[1 1 1 1 0 1 0 1 0 1 1 1 1 0 0 1 0 1 1 0 1 0 1 0 0 1 1 1 0 1 1 0 1 0 1 1 0 1 1 0]"
15,0.6571436399636021,"[1 1 1 1 0 1 0 1 0 1 1 1 1 0 0 1 0 1 1 0 1 0 1 0 0 1 1 1 0 1 1 0 1 0 1 1 0 1 1 0]"
15,0.6571436399636021,"[1 1 1 1 0 1 0 1 0 1 1 1 1 0 0 1 0 1 1 0 1 0 1 0 0 1 1 1 0 1 1 0 1 0 1 1 0 1 1 0]"
15,0.6571436399636021,"[1 1 1 1 0 1 0 1 0 1 1 1 1 0 0 1 0 1 1 0 1 0 1 0 0 1 1 1 0 1 1 0 1 0 1 1 0 1 1 0]"
15,0.6571436399636021,"[1 1 1 1 0 1 0 1 0 1 1 1 1 0 0 1 0 1 1 0 1 0 1 0 0 1 1 1 0 1 1 0 1 0 1 1 0 1 1 0]"
15,0.6571436399636021,"[1 1 1 1 0 1 0 1 0 1 1 1 1 0 0 1 0 1 1 0 1 0 1 0 0 1 1 1 0 1 1 0 1 0 1 1 0 1 1 0]"
15,0.6571436399636021,"[1 1 1 1 0 1 0 1 0 1 1 1 1 0 0 1 0 1 1 0 1 0 1 0 0 1 1 1 0 1 1 0 1 0 1 1 0 1 1 0]"
15,0.6571436399636021,"[1 1 1 1 0 1 0 1 0 1 1 1 1 0 0 1 0 1 1 0 1 0 1 0 0 1 1 1 0 1 1 0 1 0 1 1 0 1 1 0]"
15,0.6571436399636021,"[1 1 1 1 0 1 0 1 0 1 1 1 1 0 0 1 0 1 1 0 1 0 1 0 0 1 1 1 0 1 1 0 1 0 1 1 0 1 1 0]"
15,0.6571436399636021,"[1 1 1 1 0 1 0 1 0 1 1 1 1 0 0 1 0 1 1 0 1 0 1 0 0 1 1 1 0 1 1 0 1 0 1 1 0 1 1 0]"
15,0.6571436399636021,"[1 1 1 1 0 1 0 1 0 1 1 1 1 0 0 1 0 1 1 0 1 0 1 0 0 1 1 1 0 1 1 0 1 0 1 1 0 1 1 0]"
15,0.6571436399636021,"[1 1 1 1 0 1 0 1 0 1 1 1 1 0 0 1 0 1 1 0 1 0 1 0 0 1 1 1 0 1 1 0 1 0 1 1 0 1 1 0]"
15,0.6571436399636021,"[1 1 1 1 0 1 0 1 0 1 1 1 1 0 0 1 0 1 1 0 1 0 1 0 0 1 1 1 0 1 1 0 1 0 1 1 0 1 1 0]"
15,0.6571436399636021,"[1 1 1 1 0 1 0 1 0 1 1 1 1 0 0 1 0 1 1 0 1 0 1 0 0 1 1 1 0 1 1 0 1 0 1 1 0 1 1 0]"
15,0.6571436399636021,"[1 1 1 1 0 1 0 1 0 1 1 1 1 0 0 1 0 1 1 0 1 0 1 0 0 1 1 1 0 1 1 0 1 0 1 1 0 1 1 0]"
15,0.6571436399636021,"[1 1 1 1 0 1 0 1 0 1 1 1 1 0 0 1 0 1 1 0 1 0 1 0 0 1 1 1 0 1 1 0 1 0 1 1 0 1 1 0]"
15,0.6571436399636021,"[1 1 1 1 0 1 0 1 0 1 1 1 1 0 0 1 0 1 1 0 1 0 1 0 0 1 1 1 0 1 1 0 1 0 1 1 0 1 1 0]"
15,0.6571436399636021,"[1 1 1 1 0 1 0 1 0 1 1 1 1 0 0 1 0 1 1 0 1 0 1 0 0 1 1 1 0 1 1 0 1 0 1 1 0 1 1 0]"
15,0.6571436399636021,"[1 1 1 1 0 1 0 1 0 1 1 1 1 0 0 1 0 1 1 0 1 0 1 0 0 1 1 1 0 1 1 0 1 0 1 1 0 1 1 0]"
16,0.6571436399636021,"[1 1 1 1 0 1 0 1 0 1 1 1 1 0 0 1 0 1 1 0 1 0 1 0 0 1 1 1 0 1 1 0 1 0 1 1 0 1 1 0]"
16,0.6571436399636021,"[1 1 1 1 0 1 0 1 0 1 1 1 1 0 0 1 0 1 1 0 1 0 1 0 0 1 1 1 0 1 1 0 1 0 1 1 0 1 1 0]"
16,0.6571436399636021,"[1 1 1 1 0 1 0 1 0 1 1 1 1 0 0 1 0 1 1 0 1 0 1 0 0 1 1 1 0 1 1 0 1 0 1 1 0 1 1 0]"
16,0.6571436399636021,"[1 1 1 1 0 1 0 1 0 1 1 1 1 0 0 1 0 1 1 0 1 0 1 0 0 1 1 1 0 1 1 0 1 0 1 1 0 1 1 0]"
16,0.6571436399636021,"[1 1 1 1 0 1 0 1 0 1 1 1 1 0 0 1 0 1 1 0 1 0 1 0 0 1 1 1 0 1 1 0 1 0 1 1 0 1 1 0]"
16,0.6571436399636021,"[1 1 1 1 0 1 0 1 0 1 1 1 1 0 0 1 0 1 1 0 1 0 1 0 0 1 1 1 0 1 1 0 1 0 1 1 0 1 1 0]"
16,0.6571436399636021,"[1 1 1 1 0 1 0 1 0 1 1 1 1 0 0 1 0 1 1 0 1 0 1 0 0 1 1 1 0 1 1 0 1 0 1 1 0 1 1 0]"
16,0.6571436399636021,"[1 1 1 1 0 1 0 1 0 1 1 1 1 0 0 1 0 1 1 0 1 0 1 0 0 1 1 1 0 1 1 0 1 0 1 1 0 1 1 0]"
16,0.6571436399636021,"[1 1 1 1 0 1 0 1 0 1 1 1 1 0 0 1 0 1 1 0 1 0 1 0 0 1 1 1 0 1 1 0 1 0 1 1 0 1 1 0]"
16,0.6571436399636021,"[1 1 1 1 0 1 0 1 0 1 1 1 1 0 0 1 0 1 1 0 1 0 1 0 0 1 1 1 0 1 1 0 1 0 1 1 0 1 1 0]"
16,0.6571436399636021,"[1 1 1 1 0 1 0 1 0 1 1 1 1 0 0 1 0 1 1 0 1 0 1 0 0 1 1 1 0 1 1 0 1 0 1 1 0 1 1 0]"
16,0.6571436399636021,"[1 1 1 1 0 1 0 1 0 1 1 1 1 0 0 1 0 1 1 0 1 0 1 0 0 1 1 1 0 1 1 0 1 0 1 1 0 1 1 0]"
16,0.6571436399636021,"[1 1 1 1 0 1 0 1 0 1 1 1 1 0 0 1 0 1 1 0 1 0 1 0 0 1 1 1 0 1 1 0 1 0 1 1 0 1 1 0]"
16,0.6571436399636021,"[1 1 1 1 0 1 0 1 0 1 1 1 1 0 0 1 0 1 1 0 1 0 1 0 0 1 1 1 0 1 1 0 1 0 1 1 0 1 1 0]"
16,0.6571436399636021,"[1 1 1 1 0 1 0 1 0 1 1 1 1 0 0 1 0 1 1 0 1 0 1 0 0 1 1 1 0 1 1 0 1 0 1 1 0 1 1 0]"
16,0.6571436399636021,"[1 1 1 1 0 1 0 1 0 1 1 1 1 0 0 1 0 1 1 0 1 0 1 0 0 1 1 1 0 1 1 0 1 0 1 1 0 1 1 0]"
16,0.6571436399636021,"[1 1 1 1 0 1 0 1 0 1 1 1 1 0 0 1 0 1 1 0 1 0 1 0 0 1 1 1 0 1 1 0 1 0 1 1 0 1 1 0]"
16,0.6571436399636021,"[1 1 1 1 0 1 0 1 0 1 1 1 1 0 0 1 0 1 1 0 1 0 1 0 0 1 1 1 0 1 1 0 1 0 1 1 0 1 1 0]"
16,0.6571436399636021,"[1 1 1 1 0 1 0 1 0 1 1 1 1 0 0 1 0 1 1 0 1 0 1 0 0 1 1 1 0 1 1 0 1 0 1 1 0 1 1 0]"
16,0.6571436399636021,"[1 1 1 1 0 1 0 1 0 1 1 1 1 0 0 1 0 1 1 0 1 0 1 0 0 1 1 1 0 1 1 0 1 0 1 1 0 1 1 0]"
16,0.6571436399636021,"[1 1 1 1 0 1 0 1 0 1 1 1 1 0 0 1 0 1 1 0 1 0 1 0 0 1 1 1 0 1 1 0 1 0 1 1 0 1 1 0]"
16,0.6571436399636021,"[1 1 1 1 0 1 0 1 0 1 1 1 1 0 0 1 0 1 1 0 1 0 1 0 0 1 1 1 0 1 1 0 1 0 1 1 0 1 1 0]"
16,0.6571436399636021,"[1 1 1 1 0 1 0 1 0 1 1 1 1 0 0 1 0 1 1 0 1 0 1 0 0 1 1 1 0 1 1 0 1 0 1 1 0 1 1 0]"
16,0.6571436399636021,"[1 1 1 1 0 1 0 1 0 1 1 1 1 0 0 1 0 1 1 0 1 0 1 0 0 1 1 1 0 1 1 0 1 0 1 1 0 1 1 0]"
16,0.6571436399636021,"[1 1 1 1 0 1 0 1 0 1 1 1 1 0 0 1 0 1 1 0 1 0 1 0 0 1 1 1 0 1 1 0 1 0 1 1 0 1 1 0]"
17,0.6571436399636021,"[1 1 1 1 0 1 0 1 0 1 1 1 1 0 0 1 0 1 1 0 1 0 1 0 0 1 1 1 0 1 1 0 1 0 1 1 0 1 1 0]"
17,0.6571436399636021,"[1 1 1 1 0 1 0 1 0 1 1 1 1 0 0 1 0 1 1 0 1 0 1 0 0 1 1 1 0 1 1 0 1 0 1 1 0 1 1 0]"
17,0.6571436399636021,"[1 1 1 1 0 1 0 1 0 1 1 1 1 0 0 1 0 1 1 0 1 0 1 0 0 1 1 1 0 1 1 0 1 0 1 1 0 1 1 0]"
17,0.6571436399636021,"[1 1 1 1 0 1 0 1 0 1 1 1 1 0 0 1 0 1 1 0 1 0 1 0 0 1 1 1 0 1 1 0 1 0 1 1 0 1 1 0]"
17,0.6571436399636021,"[1 1 1 1 0 1 0 1 0 1 1 1 1 0 0 1 0 1 1 0 1 0 1 0 0 1 1 1 0 1 1 0 1 0 1 1 0 1 1 0]"
17,0.6571436399636021,"[1 1 1 1 0 1 0 1 0 1 1 1 1 0 0 1 0 1 1 0 1 0 1 0 0 1 1 1 0 1 1 0 1 0 1 1 0 1 1 0]"
17,0.6571436399636021,"[1 1 1 1 0 1 0 1 0 1 1 1 1 0 0 1 0 1 1 0 1 0 1 0 0 1 1 1 0 1 1 0 1 0 1 1 0 1 1 0]"
17,0.6571436399636021,"[1 1 1 1 0 1 0 1 0 1 1 1 1 0 0 1 0 1 1 0 1 0 1 0 0 1 1 1 0 1 1 0 1 0 1 1 0 1 1 0]"
17,0.6571436399636021,"[1 1 1 1 0 1 0 1 0 1 1 1 1 0 0 1 0 1 1 0 1 0 1 0 0 1 1 1 0 1 1 0 1 0 1 1 0 1 1 0]"
17,0.6571436399636021,"[1 1 1 1 0 1 0 1 0 1 1 1 1 0 0 1 0 1 1 0 1 0 1 0 0 1 1 1 0 1 1 0 1 0 1 1 0 1 1 0]"
17,0.6571436399636021,"[1 1 1 1 0 1 0 1 0 1 1 1 1 0 0 1 0 1 1 0 1 0 1 0 0 1 1 1 0 1 1 0 1 0 1 1 0 1 1 0]"
17,0.6571436399636021,"[1 1 1 1 0 1 0 1 0 1 1 1 1 0 0 1 0 1 1 0 1 0 1 0 0 1 1 1 0 1 1 0 1 0 1 1 0 1 1 0]"
17,0.6571436399636021,"[1 1 1 1 0 1 0 1 0 1 1 1 1 0 0 1 0 1 1 0 1 0 1 0 0 1 1 1 0 1 1 0 1 0 1 1 0 1 1 0]"
17,0.6571436399636021,"[1 1 1 1 0 1 0 1 0 1 1 1 1 0 0 1 0 1 1 0 1 0 1 0 0 1 1 1 0 1 1 0 1 0 1 1 0 1 1 0]"
17,0.6571436399636021,"[1 1 1 1 0 1 0 1 0 1 1 1 1 0 0 1 0 1 1 0 1 0 1 0 0 1 1 1 0 1 1 0 1 0 1 1 0 1 1 0]"
17,0.6571436399636021,"[1 1 1 1 0 1 0 1 0 1 1 1 1 0 0 1 0 1 1 0 1 0 1 0 0 1 1 1 0 1 1 0 1 0 1 1 0 1 1 0]"
17,0.6571436399636021,"[1 1 1 1 0 1 0 1 0 1 1 1 1 0 0 1 0 1 1 0 1 0 1 0 0 1 1 1 0 1 1 0 1 0 1 1 0 1 1 0]"
17,0.6571436399636021,"[1 1 1 1 0 1 0 1 0 1 1 1 1 0 0 1 0 1 1 0 1 0 1 0 0 1 1 1 0 1 1 0 1 0 1 1 0 1 1 0]"
17,0.6571436399636021,"[1 1 1 1 0 1 0 1 0 1 1 1 1 0 0 1 0 1 1 0 1 0 1 0 0 1 1 1 0 1 1 0 1 0 1 1 0 1 1 0]"
17,0.6571436399636021,"[1 1 1 1 0 1 0 1 0 1 1 1 1 0 0 1 0 1 1 0 1 0 1 0 0 1 1 1 0 1 1 0 1 0 1 1 0 1 1 0]"
17,0.6571436399636021,"[1 1 1 1 0 1 0 1 0 1 1 1 1 0 0 1 0 1 1 0 1 0 1 0 0 1 1 1 0 1 1 0 1 0 1 1 0 1 1 0]"
17,0.6571436399636021,"[1 1 1 1 0 1 0 1 0 1 1 1 1 0 0 1 0 1 1 0 1 0 1 0 0 1 1 1 0 1 1 0 1 0 1 1 0 1 1 0]"
17,0.6571436399636021,"[1 1 1 1 0 1 0 1 0 1 1 1 1 0 0 1 0 1 1 0 1 0 1 0 0 1 1 1 0 1 1 0 1 0 1 1 0 1 1 0]"
17,0.6571436399636021,"[1 1 1 1 0 1 0 1 0 1 1 1 1 0 0 1 0 1 1 0 1 0 1 0 0 1 1 1 0 1 1 0 1 0 1 1 0 1 1 0]"
17,0.6571436399636021,"[1 1 1 1 0 1 0 1 0 1 1 1 1 0 0 1 0 1 1 0 1 0 1 0 0 1 1 1 0 1 1 0 1 0 1 1 0 1 1 0]"
18,0.6571436399636021,"[1 1 1 1 0 1 0 1 0 1 1 1 1 0 0 1 0 1 1 0 1 0 1 0 0 1 1 1 0 1 1 0 1 0 1 1 0 1 1 0]"
18,0.6571436399636021,"[1 1 1 1 0 1 0 1 0 1 1 1 1 0 0 1 0 1 1 0 1 0 1 0 0 1 1 1 0 1 1 0 1 0 1 1 0 1 1 0]"
18,0.6571436399636021,"[1 1 1 1 0 1 0 1 0 1 1 1 1 0 0 1 0 1 1 0 1 0 1 0 0 1 1 1 0 1 1 0 1 0 1 1 0 1 1 0]"
18,0.6571436399636021,"[1 1 1 1 0 1 0 1 0 1 1 1 1 0 0 1 0 1 1 0 1 0 1 0 0 1 1 1 0 1 1 0 1 0 1 1 0 1 1 0]"
18,0.6571436399636021,"[1 1 1 1 0 1 0 1 0 1 1 1 1 0 0 1 0 1 1 0 1 0 1 0 0 1 1 1 0 1 1 0 1 0 1 1 0 1 1 0]"
18,0.6571436399636021,"[1 1 1 1 0 1 0 1 0 1 1 1 1 0 0 1 0 1 1 0 1 0 1 0 0 1 1 1 0 1 1 0 1 0 1 1 0 1 1 0]"
18,0.6571436399636021,"[1 1 1 1 0 1 0 1 0 1 1 1 1 0 0 1 0 1 1 0 1 0 1 0 0 1 1 1 0 1 1 0 1 0 1 1 0 1 1 0]"
18,0.6571436399636021,"[1 1 1 1 0 1 0 1 0 1 1 1 1 0 0 1 0 1 1 0 1 0 1 0 0 1 1 1 0 1 1 0 1 0 1 1 0 1 1 0]"
18,0.6571436399636021,"[1 1 1 1 0 1 0 1 0 1 1 1 1 0 0 1 0 1 1 0 1 0 1 0 0 1 1 1 0 1 1 0 1 0 1 1 0 1 1 0]"
18,0.6571436399636021,"[1 1 1 1 0 1 0 1 0 1 1 1 1 0 0 1 0 1 1 0 1 0 1 0 0 1 1 1 0 1 1 0 1 0 1 1 0 1 1 0]"
18,0.6571436399636021,"[1 1 1 1 0 1 0 1 0 1 1 1 1 0 0 1 0 1 1 0 1 0 1 0 0 1 1 1 0 1 1 0 1 0 1 1 0 1 1 0]"
18,0.6571436399636021,"[1 1 1 1 0 1 0 1 0 1 1 1 1 0 0 1 0 1 1 0 1 0 1 0 0 1 1 1 0 1 1 0 1 0 1 1 0 1 1 0]"
18,0.6571436399636021,"[1 1 1 1 0 1 0 1 0 1 1 1 1 0 0 1 0 1 1 0 1 0 1 0 0 1 1 1 0 1 1 0 1 0 1 1 0 1 1 0]"
18,0.6571436399636021,"[1 1 1 1 0 1 0 1 0 1 1 1 1 0 0 1 0 1 1 0 1 0 1 0 0 1 1 1 0 1 1 0 1 0 1 1 0 1 1 0]"
18,0.6571436399636021,"[1 1 1 1 0 1 0 1 0 1 1 1 1 0 0 1 0 1 1 0 1 0 1 0 0 1 1 1 0 1 1 0 1 0 1 1 0 1 1 0]"
18,0.6571436399636021,"[1 1 1 1 0 1 0 1 0 1 1 1 1 0 0 1 0 1 1 0 1 0 1 0 0 1 1 1 0 1 1 0 1 0 1 1 0 1 1 0]"
18,0.6571436399636021,"[1 1 1 1 0 1 0 1 0 1 1 1 1 0 0 1 0 1 1 0 1 0 1 0 0 1 1 1 0 1 1 0 1 0 1 1 0 1 1 0]"
18,0.6571436399636021,"[1 1 1 1 0 1 0 1 0 1 1 1 1 0 0 1 0 1 1 0 1 0 1 0 0 1 1 1 0 1 1 0 1 0 1 1 0 1 1 0]"
18,0.6571436399636021,"[1 1 1 1 0 1 0 1 0 1 1 1 1 0 0 1 0 1 1 0 1 0 1 0 0 1 1 1 0 1 1 0 1 0 1 1 0 1 1 0]"
18,0.6571436399636021,"[1 1 1 1 0 1 0 1 0 1 1 1 1 0 0 1 0 1 1 0 1 0 1 0 0 1 1 1 0 1 1 0 1 0 1 1 0 1 1 0]"
18,0.6571436399636021,"[1 1 1 1 0 1 0 1 0 1 1 1 1 0 0 1 0 1 1 0 1 0 1 0 0 1 1 1 0 1 1 0 1 0 1 1 0 1 1 0]"
18,0.6571436399636021,"[1 1 1 1 0 1 0 1 0 1 1 1 1 0 0 1 0 1 1 0 1 0 1 0 0 1 1 1 0 1 1 0 1 0 1 1 0 1 1 0]"
18,0.6571436399636021,"[1 1 1 1 0 1 0 1 0 1 1 1 1 0 0 1 0 1 1 0 1 0 1 0 0 1 1 1 0 1 1 0 1 0 1 1 0 1 1 0]"
18,0.6571436399636021,"[1 1 1 1 0 1 0 1 0 1 1 1 1 0 0 1 0 1 1 0 1 0 1 0 0 1 1 1 0 1 1 0 1 0 1 1 0 1 1 0]"
18,0.6571436399636021,"[1 1 1 1 0 1 0 1 0 1 1 1 1 0 0 1 0 1 1 0 1 0 1 0 0 1 1 1 0 1 1 0 1 0 1 1 0 1 1 0]"
19,0.6571436399636021,"[1 1 1 1 0 1 0 1 0 1 1 1 1 0 0 1 0 1 1 0 1 0 1 0 0 1 1 1 0 1 1 0 1 0 1 1 0 1 1 0]"
19,0.6571436399636021,"[1 1 1 1 0 1 0 1 0 1 1 1 1 0 0 1 0 1 1 0 1 0 1 0 0 1 1 1 0 1 1 0 1 0 1 1 0 1 1 0]"
19,0.6571436399636021,"[1 1 1 1 0 1 0 1 0 1 1 1 1 0 0 1 0 1 1 0 1 0 1 0 0 1 1 1 0 1 1 0 1 0 1 1 0 1 1 0]"
19,0.6571436399636021,"[1 1 1 1 0 1 0 1 0 1 1 1 1 0 0 1 0 1 1 0 1 0 1 0 0 1 1 1 0 1 1 0 1 0 1 1 0 1 1 0]"
19,0.6571436399636021,"[1 1 1 1 0 1 0 1 0 1 1 1 1 0 0 1 0 1 1 0 1 0 1 0 0 1 1 1 0 1 1 0 1 0 1 1 0 1 1 0]"
19,0.6571436399636021,"[1 1 1 1 0 1 0 1 0 1 1 1 1 0 0 1 0 1 1 0 1 0 1 0 0 1 1 1 0 1 1 0 1 0 1 1 0 1 1 0]"
19,0.6571436399636021,"[1 1 1 1 0 1 0 1 0 1 1 1 1 0 0 1 0 1 1 0 1 0 1 0 0 1 1 1 0 1 1 0 1 0 1 1 0 1 1 0]"
19,0.6571436399636021,"[1 1 1 1 0 1 0 1 0 1 1 1 1 0 0 1 0 1 1 0 1 0 1 0 0 1 1 1 0 1 1 0 1 0 1 1 0 1 1 0]"
19,0.6571436399636021,"[1 1 1 1 0 1 0 1 0 1 1 1 1 0 0 1 0 1 1 0 1 0 1 0 0 1 1 1 0 1 1 0 1 0 1 1 0 1 1 0]"
19,0.6571436399636021,"[1 1 1 1 0 1 0 1 0 1 1 1 1 0 0 1 0 1 1 0 1 0 1 0 0 1 1 1 0 1 1 0 1 0 1 1 0 1 1 0]"
19,0.6571436399636021,"[1 1 1 1 0 1 0 1 0 1 1 1 1 0 0 1 0 1 1 0 1 0 1 0 0 1 1 1 0 1 1 0 1 0 1 1 0 1 1 0]"
19,0.6571436399636021,"[1 1 1 1 0 1 0 1 0 1 1 1 1 0 0 1 0 1 1 0 1 0 1 0 0 1 1 1 0 1 1 0 1 0 1 1 0 1 1 0]"
19,0.6571436399636021,"[1 1 1 1 0 1 0 1 0 1 1 1 1 0 0 1 0 1 1 0 1 0 1 0 0 1 1 1 0 1 1 0 1 0 1 1 0 1 1 0]"
19,0.6571436399636021,"[1 1 1 1 0 1 0 1 0 1 1 1 1 0 0 1 0 1 1 0 1 0 1 0 0 1 1 1 0 1 1 0 1 0 1 1 0 1 1 0]"
19,0.6571436399636021,"[1 1 1 1 0 1 0 1 0 1 1 1 1 0 0 1 0 1 1 0 1 0 1 0 0 1 1 1 0 1 1 0 1 0 1 1 0 1 1 0]"
19,0.6571436399636021,"[1 1 1 1 0 1 0 1 0 1 1 1 1 0 0 1 0 1 1 0 1 0 1 0 0 1 1 1 0 1 1 0 1 0 1 1 0 1 1 0]"
19,0.6571436399636021,"[1 1 1 1 0 1 0 1 0 1 1 1 1 0 0 1 0 1 1 0 1 0 1 0 0 1 1 1 0 1 1 0 1 0 1 1 0 1 1 0]"
19,0.6571436399636021,"[1 1 1 1 0 1 0 1 0 1 1 1 1 0 0 1 0 1 1 0 1 0 1 0 0 1 1 1 0 1 1 0 1 0 1 1 0 1 1 0]"
19,0.6571436399636021,"[1 1 1 1 0 1 0 1 0 1 1 1 1 0 0 1 0 1 1 0 1 0 1 0 0 1 1 1 0 1 1 0 1 0 1 1 0 1 1 0]"
19,0.6571436399636021,"[1 1 1 1 0 1 0 1 0 1 1 1 1 0 0 1 0 1 1 0 1 0 1 0 0 1 1 1 0 1 1 0 1 0 1 1 0 1 1 0]"
19,0.6571436399636021,"[1 1 1 1 0 1 0 1 0 1 1 1 1 0 0 1 0 1 1 0 1 0 1 0 0 1 1 1 0 1 1 0 1 0 1 1 0 1 1 0]"
19,0.6571436399636021,"[1 1 1 1 0 1 0 1 0 1 1 1 1 0 0 1 0 1 1 0 1 0 1 0 0 1 1 1 0 1 1 0 1 0 1 1 0 1 1 0]"
19,0.6571436399636021,"[1 1 1 1 0 1 0 1 0 1 1 1 1 0 0 1 0 1 1 0 1 0 1 0 0 1 1 1 0 1 1 0 1 0 1 1 0 1 1 0]"
19,0.6571436399636021,"[1 1 1 1 0 1 0 1 0 1 1 1 1 0 0 1 0 1 1 0 1 0 1 0 0 1 1 1 0 1 1 0 1 0 1 1 0 1 1 0]"
19,0.6571436399636021,"[1 1 1 1 0 1 0 1 0 1 1 1 1 0 0 1 0 1 1 0 1 0 1 0 0 1 1 1 0 1 1 0 1 0 1 1 0 1 1 0]"
20,0.6571436399636021,"[1 1 1 1 0 1 0 1 0 1 1 1 1 0 0 1 0 1 1 0 1 0 1 0 0 1 1 1 0 1 1 0 1 0 1 1 0 1 1 0]"
20,0.6571436399636021,"[1 1 1 1 0 1 0 1 0 1 1 1 1 0 0 1 0 1 1 0 1 0 1 0 0 1 1 1 0 1 1 0 1 0 1 1 0 1 1 0]"
20,0.6571436399636021,"[1 1 1 1 0 1 0 1 0 1 1 1 1 0 0 1 0 1 1 0 1 0 1 0 0 1 1 1 0 1 1 0 1 0 1 1 0 1 1 0]"
20,0.6571436399636021,"[1 1 1 1 0 1 0 1 0 1 1 1 1 0 0 1 0 1 1 0 1 0 1 0 0 1 1 1 0 1 1 0 1 0 1 1 0 1 1 0]"
20,0.6571436399636021,"[1 1 1 1 0 1 0 1 0 1 1 1 1 0 0 1 0 1 1 0 1 0 1 0 0 1 1 1 0 1 1 0 1 0 1 1 0 1 1 0]"
20,0.6571436399636021,"[1 1 1 1 0 1 0 1 0 1 1 1 1 0 0 1 0 1 1 0 1 0 1 0 0 1 1 1 0 1 1 0 1 0 1 1 0 1 1 0]"
20,0.6571436399636021,"[1 1 1 1 0 1 0 1 0 1 1 1 1 0 0 1 0 1 1 0 1 0 1 0 0 1 1 1 0 1 1 0 1 0 1 1 0 1 1 0]"
20,0.6571436399636021,"[1 1 1 1 0 1 0 1 0 1 1 1 1 0 0 1 0 1 1 0 1 0 1 0 0 1 1 1 0 1 1 0 1 0 1 1 0 1 1 0]"
20,0.6571436399636021,"[1 1 1 1 0 1 0 1 0 1 1 1 1 0 0 1 0 1 1 0 1 0 1 0 0 1 1 1 0 1 1 0 1 0 1 1 0 1 1 0]"
20,0.6571436399636021,"[1 1 1 1 0 1 0 1 0 1 1 1 1 0 0 1 0 1 1 0 1 0 1 0 0 1 1 1 0 1 1 0 1 0 1 1 0 1 1 0]"
20,0.6571436399636021,"[1 1 1 1 0 1 0 1 0 1 1 1 1 0 0 1 0 1 1 0 1 0 1 0 0 1 1 1 0 1 1 0 1 0 1 1 0 1 1 0]"
20,0.6571436399636021,"[1 1 1 1 0 1 0 1 0 1 1 1 1 0 0 1 0 1 1 0 1 0 1 0 0 1 1 1 0 1 1 0 1 0 1 1 0 1 1 0]"
20,0.6571436399636021,"[1 1 1 1 0 1 0 1 0 1 1 1 1 0 0 1 0 1 1 0 1 0 1 0 0 1 1 1 0 1 1 0 1 0 1 1 0 1 1 0]"
20,0.6571436399636021,"[1 1 1 1 0 1 0 1 0 1 1 1 1 0 0 1 0 1 1 0 1 0 1 0 0 1 1 1 0 1 1 0 1 0 1 1 0 1 1 0]"
20,0.6571436399636021,"[1 1 1 1 0 1 0 1 0 1 1 1 1 0 0 1 0 1 1 0 1 0 1 0 0 1 1 1 0 1 1 0 1 0 1 1 0 1 1 0]"
20,0.6571436399636021,"[1 1 1 1 0 1 0 1 0 1 1 1 1 0 0 1 0 1 1 0 1 0 1 0 0 1 1 1 0 1 1 0 1 0 1 1 0 1 1 0]"
20,0.6571436399636021,"[1 1 1 1 0 1 0 1 0 1 1 1 1 0 0 1 0 1 1 0 1 0 1 0 0 1 1 1 0 1 1 0 1 0 1 1 0 1 1 0]"
20,0.6571436399636021,"[1 1 1 1 0 1 0 1 0 1 1 1 1 0 0 1 0 1 1 0 1 0 1 0 0 1 1 1 0 1 1 0 1 0 1 1 0 1 1 0]"
20,0.6571436399636021,"[1 1 1 1 0 1 0 1 0 1 1 1 1 0 0 1 0 1 1 0 1 0 1 0 0 1 1 1 0 1 1 0 1 0 1 1 0 1 1 0]"
20,0.6571436399636021,"[1 1 1 1 0 1 0 1 0 1 1 1 1 0 0 1 0 1 1 0 1 0 1 0 0 1 1 1 0 1 1 0 1 0 1 1 0 1 1 0]"
20,0.6571436399636021,"[1 1 1 1 0 1 0 1 0 1 1 1 1 0 0 1 0 1 1 0 1 0 1 0 0 1 1 1 0 1 1 0 1 0 1 1 0 1 1 0]"
20,0.6571436399636021,"[1 1 1 1 0 1 0 1 0 1 1 1 1 0 0 1 0 1 1 0 1 0 1 0 0 1 1 1 0 1 1 0 1 0 1 1 0 1 1 0]"
20,0.6571436399636021,"[1 1 1 1 0 1 0 1 0 1 1 1 1 0 0 1 0 1 1 0 1 0 1 0 0 1 1 1 0 1 1 0 1 0 1 1 0 1 1 0]"
20,0.6571436399636021,"[1 1 1 1 0 1 0 1 0 1 1 1 1 0 0 1 0 1 1 0 1 0 1 0 0 1 1 1 0 1 1 0 1 0 1 1 0 1 1 0]"
20,0.6571436399636021,"[1 1 1 1 0 1 0 1 0 1 1 1 1 0 0 1 0 1 1 0 1 0 1 0 0 1 1 1 0 1 1 0 1 0 1 1 0 1 1 0]"
21,0.6571436399636021,"[1 1 1 1 0 1 0 1 0 1 1 1 1 0 0 1 0 1 1 0 1 0 1 0 0 1 1 1 0 1 1 0 1 0 1 1 0 1 1 0]"
21,0.6571436399636021,"[1 1 1 1 0 1 0 1 0 1 1 1 1 0 0 1 0 1 1 0 1 0 1 0 0 1 1 1 0 1 1 0 1 0 1 1 0 1 1 0]"
21,0.6571436399636021,"[1 1 1 1 0 1 0 1 0 1 1 1 1 0 0 1 0 1 1 0 1 0 1 0 0 1 1 1 0 1 1 0 1 0 1 1 0 1 1 0]"
21,0.6571436399636021,"[1 1 1 1 0 1 0 1 0 1 1 1 1 0 0 1 0 1 1 0 1 0 1 0 0 1 1 1 0 1 1 0 1 0 1 1 0 1 1 0]"
21,0.6571436399636021,"[1 1 1 1 0 1 0 1 0 1 1 1 1 0 0 1 0 1 1 0 1 0 1 0 0 1 1 1 0 1 1 0 1 0 1 1 0 1 1 0]"
21,0.6571436399636021,"[1 1 1 1 0 1 0 1 0 1 1 1 1 0 0 1 0 1 1 0 1 0 1 0 0 1 1 1 0 1 1 0 1 0 1 1 0 1 1 0]"
21,0.6571436399636021,"[1 1 1 1 0 1 0 1 0 1 1 1 1 0 0 1 0 1 1 0 1 0 1 0 0 1 1 1 0 1 1 0 1 0 1 1 0 1 1 0]"
21,0.6571436399636021,"[1 1 1 1 0 1 0 1 0 1 1 1 1 0 0 1 0 1 1 0 1 0 1 0 0 1 1 1 0 1 1 0 1 0 1 1 0 1 1 0]"
21,0.6571436399636021,"[1 1 1 1 0 1 0 1 0 1 1 1 1 0 0 1 0 1 1 0 1 0 1 0 0 1 1 1 0 1 1 0 1 0 1 1 0 1 1 0]"
21,0.6571436399636021,"[1 1 1 1 0 1 0 1 0 1 1 1 1 0 0 1 0 1 1 0 1 0 1 0 0 1 1 1 0 1 1 0 1 0 1 1 0 1 1 0]"
21,0.6571436399636021,"[1 1 1 1 0 1 0 1 0 1 1 1 1 0 0 1 0 1 1 0 1 0 1 0 0 1 1 1 0 1 1 0 1 0 1 1 0 1 1 0]"
21,0.6571436399636021,"[1 1 1 1 0 1 0 1 0 1 1 1 1 0 0 1 0 1 1 0 1 0 1 0 0 1 1 1 0 1 1 0 1 0 1 1 0 1 1 0]"
21,0.6571436399636021,"[1 1 1 1 0 1 0 1 0 1 1 1 1 0 0 1 0 1 1 0 1 0 1 0 0 1 1 1 0 1 1 0 1 0 1 1 0 1 1 0]"
21,0.6571436399636021,"[1 1 1 1 0 1 0 1 0 1 1 1 1 0 0 1 0 1 1 0 1 0 1 0 0 1 1 1 0 1 1 0 1 0 1 1 0 1 1 0]"
21,0.6571436399636021,"[1 1 1 1 0 1 0 1 0 1 1 1 1 0 0 1 0 1 1 0 1 0 1 0 0 1 1 1 0 1 1 0 1 0 1 1 0 1 1 0]"
21,0.6571436399636021,"[1 1 1 1 0 1 0 1 0 1 1 1 1 0 0 1 0 1 1 0 1 0 1 0 0 1 1 1 0 1 1 0 1 0 1 1 0 1 1 0]"
21,0.6571436399636021,"[1 1 1 1 0 1 0 1 0 1 1 1 1 0 0 1 0 1 1 0 1 0 1 0 0 1 1 1 0 1 1 0 1 0 1 1 0 1 1 0]"
21,0.6571436399636021,"[1 1 1 1 0 1 0 1 0 1 1 1 1 0 0 1 0 1 1 0 1 0 1 0 0 1 1 1 0 1 1 0 1 0 1 1 0 1 1 0]"
21,0.6571436399636021,"[1 1 1 1 0 1 0 1 0 1 1 1 1 0 0 1 0 1 1 0 1 0 1 0 0 1 1 1 0 1 1 0 1 0 1 1 0 1 1 0]"
21,0.6571436399636021,"[1 1 1 1 0 1 0 1 0 1 1 1 1 0 0 1 0 1 1 0 1 0 1 0 0 1 1 1 0 1 1 0 1 0 1 1 0 1 1 0]"
21,0.6571436399636021,"[1 1 1 1 0 1 0 1 0 1 1 1 1 0 0 1 0 1 1 0 1 0 1 0 0 1 1 1 0 1 1 0 1 0 1 1 0 1 1 0]"
21,0.6571436399636021,"[1 1 1 1 0 1 0 1 0 1 1 1 1 0 0 1 0 1 1 0 1 0 1 0 0 1 1 1 0 1 1 0 1 0 1 1 0 1 1 0]"
21,0.6571436399636021,"[1 1 1 1 0 1 0 1 0 1 1 1 1 0 0 1 0 1 1 0 1 0 1 0 0 1 1 1 0 1 1 0 1 0 1 1 0 1 1 0]"
21,0.6571436399636021,"[1 1 1 1 0 1 0 1 0 1 1 1 1 0 0 1 0 1 1 0 1 0 1 0 0 1 1 1 0 1 1 0 1 0 1 1 0 1 1 0]"
21,0.6571436399636021,"[1 1 1 1 0 1 0 1 0 1 1 1 1 0 0 1 0 1 1 0 1 0 1 0 0 1 1 1 0 1 1 0 1 0 1 1 0 1 1 0]"
22,0.6571436399636021,"[1 1 1 1 0 1 0 1 0 1 1 1 1 0 0 1 0 1 1 0 1 0 1 0 0 1 1 1 0 1 1 0 1 0 1 1 0 1 1 0]"
22,0.6571436399636021,"[1 1 1 1 0 1 0 1 0 1 1 1 1 0 0 1 0 1 1 0 1 0 1 0 0 1 1 1 0 1 1 0 1 0 1 1 0 1 1 0]"
22,0.6571436399636021,"[1 1 1 1 0 1 0 1 0 1 1 1 1 0 0 1 0 1 1 0 1 0 1 0 0 1 1 1 0 1 1 0 1 0 1 1 0 1 1 0]"
22,0.6571436399636021,"[1 1 1 1 0 1 0 1 0 1 1 1 1 0 0 1 0 1 1 0 1 0 1 0 0 1 1 1 0 1 1 0 1 0 1 1 0 1 1 0]"
22,0.6571436399636021,"[1 1 1 1 0 1 0 1 0 1 1 1 1 0 0 1 0 1 1 0 1 0 1 0 0 1 1 1 0 1 1 0 1 0 1 1 0 1 1 0]"
22,0.6571436399636021,"[1 1 1 1 0 1 0 1 0 1 1 1 1 0 0 1 0 1 1 0 1 0 1 0 0 1 1 1 0 1 1 0 1 0 1 1 0 1 1 0]"
22,0.6571436399636021,"[1 1 1 1 0 1 0 1 0 1 1 1 1 0 0 1 0 1 1 0 1 0 1 0 0 1 1 1 0 1 1 0 1 0 1 1 0 1 1 0]"
22,0.6571436399636021,"[1 1 1 1 0 1 0 1 0 1 1 1 1 0 0 1 0 1 1 0 1 0 1 0 0 1 1 1 0 1 1 0 1 0 1 1 0 1 1 0]"
22,0.6571436399636021,"[1 1 1 1 0 1 0 1 0 1 1 1 1 0 0 1 0 1 1 0 1 0 1 0 0 1 1 1 0 1 1 0 1 0 1 1 0 1 1 0]"
22,0.6571436399636021,"[1 1 1 1 0 1 0 1 0 1 1 1 1 0 0 1 0 1 1 0 1 0 1 0 0 1 1 1 0 1 1 0 1 0 1 1 0 1 1 0]"
22,0.6571436399636021,"[1 1 1 1 0 1 0 1 0 1 1 1 1 0 0 1 0 1 1 0 1 0 1 0 0 1 1 1 0 1 1 0 1 0 1 1 0 1 1 0]"
22,0.6571436399636021,"[1 1 1 1 0 1 0 1 0 1 1 1 1 0 0 1 0 1 1 0 1 0 1 0 0 1 1 1 0 1 1 0 1 0 1 1 0 1 1 0]"
22,0.6571436399636021,"[1 1 1 1 0 1 0 1 0 1 1 1 1 0 0 1 0 1 1 0 1 0 1 0 0 1 1 1 0 1 1 0 1 0 1 1 0 1 1 0]"
22,0.6571436399636021,"[1 1 1 1 0 1 0 1 0 1 1 1 1 0 0 1 0 1 1 0 1 0 1 0 0 1 1 1 0 1 1 0 1 0 1 1 0 1 1 0]"
22,0.6571436399636021,"[1 1 1 1 0 1 0 1 0 1 1 1 1 0 0 1 0 1 1 0 1 0 1 0 0 1 1 1 0 1 1 0 1 0 1 1 0 1 1 0]"
22,0.6571436399636021,"[1 1 1 1 0 1 0 1 0 1 1 1 1 0 0 1 0 1 1 0 1 0 1 0 0 1 1 1 0 1 1 0 1 0 1 1 0 1 1 0]"
22,0.6571436399636021,"[1 1 1 1 0 1 0 1 0 1 1 1 1 0 0 1 0 1 1 0 1 0 1 0 0 1 1 1 0 1 1 0 1 0 1 1 0 1 1 0]"
22,0.6571436399636021,"[1 1 1 1 0 1 0 1 0 1 1 1 1 0 0 1 0 1 1 0 1 0 1 0 0 1 1 1 0 1 1 0 1 0 1 1 0 1 1 0]"
22,0.6571436399636021,"[1 1 1 1 0 1 0 1 0 1 1 1 1 0 0 1 0 1 1 0 1 0 1 0 0 1 1 1 0 1 1 0 1 0 1 1 0 1 1 0]"
22,0.6571436399636021,"[1 1 1 1 0 1 0 1 0 1 1 1 1 0 0 1 0 1 1 0 1 0 1 0 0 1 1 1 0 1 1 0 1 0 1 1 0 1 1 0]"
22,0.6571436399636021,"[1 1 1 1 0 1 0 1 0 1 1 1 1 0 0 1 0 1 1 0 1 0 1 0 0 1 1 1 0 1 1 0 1 0 1 1 0 1 1 0]"
22,0.6571436399636021,"[1 1 1 1 0 1 0 1 0 1 1 1 1 0 0 1 0 1 1 0 1 0 1 0 0 1 1 1 0 1 1 0 1 0 1 1 0 1 1 0]"
22,0.6571436399636021,"[1 1 1 1 0 1 0 1 0 1 1 1 1 0 0 1 0 1 1 0 1 0 1 0 0 1 1 1 0 1 1 0 1 0 1 1 0 1 1 0]"
22,0.6571436399636021,"[1 1 1 1 0 1 0 1 0 1 1 1 1 0 0 1 0 1 1 0 1 0 1 0 0 1 1 1 0 1 1 0 1 0 1 1 0 1 1 0]"
22,0.6571436399636021,"[1 1 1 1 0 1 0 1 0 1 1 1 1 0 0 1 0 1 1 0 1 0 1 0 0 1 1 1 0 1 1 0 1 0 1 1 0 1 1 0]"
23,0.6571436399636021,"[1 1 1 1 0 1 0 1 0 1 1 1 1 0 0 1 0 1 1 0 1 0 1 0 0 1 1 1 0 1 1 0 1 0 1 1 0 1 1 0]"
23,0.6571436399636021,"[1 1 1 1 0 1 0 1 0 1 1 1 1 0 0 1 0 1 1 0 1 0 1 0 0 1 1 1 0 1 1 0 1 0 1 1 0 1 1 0]"
23,0.6571436399636021,"[1 1 1 1 0 1 0 1 0 1 1 1 1 0 0 1 0 1 1 0 1 0 1 0 0 1 1 1 0 1 1 0 1 0 1 1 0 1 1 0]"
23,0.6571436399636021,"[1 1 1 1 0 1 0 1 0 1 1 1 1 0 0 1 0 1 1 0 1 0 1 0 0 1 1 1 0 1 1 0 1 0 1 1 0 1 1 0]"
23,0.6571436399636021,"[1 1 1 1 0 1 0 1 0 1 1 1 1 0 0 1 0 1 1 0 1 0 1 0 0 1 1 1 0 1 1 0 1 0 1 1 0 1 1 0]"
23,0.6571436399636021,"[1 1 1 1 0 1 0 1 0 1 1 1 1 0 0 1 0 1 1 0 1 0 1 0 0 1 1 1 0 1 1 0 1 0 1 1 0 1 1 0]"
23,0.6571436399636021,"[1 1 1 1 0 1 0 1 0 1 1 1 1 0 0 1 0 1 1 0 1 0 1 0 0 1 1 1 0 1 1 0 1 0 1 1 0 1 1 0]"
23,0.6571436399636021,"[1 1 1 1 0 1 0 1 0 1 1 1 1 0 0 1 0 1 1 0 1 0 1 0 0 1 1 1 0 1 1 0 1 0 1 1 0 1 1 0]"
23,0.6571436399636021,"[1 1 1 1 0 1 0 1 0 1 1 1 1 0 0 1 0 1 1 0 1 0 1 0 0 1 1 1 0 1 1 0 1 0 1 1 0 1 1 0]"
23,0.6571436399636021,"[1 1 1 1 0 1 0 1 0 1 1 1 1 0 0 1 0 1 1 0 1 0 1 0 0 1 1 1 0 1 1 0 1 0 1 1 0 1 1 0]"
23,0.6571436399636021,"[1 1 1 1 0 1 0 1 0 1 1 1 1 0 0 1 0 1 1 0 1 0 1 0 0 1 1 1 0 1 1 0 1 0 1 1 0 1 1 0]"
23,0.6571436399636021,"[1 1 1 1 0 1 0 1 0 1 1 1 1 0 0 1 0 1 1 0 1 0 1 0 0 1 1 1 0 1 1 0 1 0 1 1 0 1 1 0]"
23,0.6571436399636021,"[1 1 1 1 0 1 0 1 0 1 1 1 1 0 0 1 0 1 1 0 1 0 1 0 0 1 1 1 0 1 1 0 1 0 1 1 0 1 1 0]"
23,0.6571436399636021,"[1 1 1 1 0 1 0 1 0 1 1 1 1 0 0 1 0 1 1 0 1 0 1 0 0 1 1 1 0 1 1 0 1 0 1 1 0 1 1 0]"
23,0.6571436399636021,"[1 1 1 1 0 1 0 1 0 1 1 1 1 0 0 1 0 1 1 0 1 0 1 0 0 1 1 1 0 1 1 0 1 0 1 1 0 1 1 0]"
23,0.6571436399636021,"[1 1 1 1 0 1 0 1 0 1 1 1 1 0 0 1 0 1 1 0 1 0 1 0 0 1 1 1 0 1 1 0 1 0 1 1 0 1 1 0]"
23,0.6571436399636021,"[1 1 1 1 0 1 0 1 0 1 1 1 1 0 0 1 0 1 1 0 1 0 1 0 0 1 1 1 0 1 1 0 1 0 1 1 0 1 1 0]"
23,0.6571436399636021,"[1 1 1 1 0 1 0 1 0 1 1 1 1 0 0 1 0 1 1 0 1 0 1 0 0 1 1 1 0 1 1 0 1 0 1 1 0 1 1 0]"
23,0.6571436399636021,"[1 1 1 1 0 1 0 1 0 1 1 1 1 0 0 1 0 1 1 0 1 0 1 0 0 1 1 1 0 1 1 0 1 0 1 1 0 1 1 0]"
23,0.6571436399636021,"[1 1 1 1 0 1 0 1 0 1 1 1 1 0 0 1 0 1 1 0 1 0 1 0 0 1 1 1 0 1 1 0 1 0 1 1 0 1 1 0]"
23,0.6571436399636021,"[1 1 1 1 0 1 0 1 0 1 1 1 1 0 0 1 0 1 1 0 1 0 1 0 0 1 1 1 0 1 1 0 1 0 1 1 0 1 1 0]"
23,0.6571436399636021,"[1 1 1 1 0 1 0 1 0 1 1 1 1 0 0 1 0 1 1 0 1 0 1 0 0 1 1 1 0 1 1 0 1 0 1 1 0 1 1 0]"
23,0.6571436399636021,"[1 1 1 1 0 1 0 1 0 1 1 1 1 0 0 1 0 1 1 0 1 0 1 0 0 1 1 1 0 1 1 0 1 0 1 1 0 1 1 0]"
23,0.6571436399636021,"[1 1 1 1 0 1 0 1 0 1 1 1 1 0 0 1 0 1 1 0 1 0 1 0 0 1 1 1 0 1 1 0 1 0 1 1 0 1 1 0]"
23,0.6571436399636021,"[1 1 1 1 0 1 0 1 0 1 1 1 1 0 0 1 0 1 1 0 1 0 1 0 0 1 1 1 0 1 1 0 1 0 1 1 0 1 1 0]"
24,0.6571436399636021,"[1 1 1 1 0 1 0 1 0 1 1 1 1 0 0 1 0 1 1 0 1 0 1 0 0 1 1 1 0 1 1 0 1 0 1 1 0 1 1 0]"
24,0.6571436399636021,"[1 1 1 1 0 1 0 1 0 1 1 1 1 0 0 1 0 1 1 0 1 0 1 0 0 1 1 1 0 1 1 0 1 0 1 1 0 1 1 0]"
24,0.6571436399636021,"[1 1 1 1 0 1 0 1 0 1 1 1 1 0 0 1 0 1 1 0 1 0 1 0 0 1 1 1 0 1 1 0 1 0 1 1 0 1 1 0]"
24,0.6571436399636021,"[1 1 1 1 0 1 0 1 0 1 1 1 1 0 0 1 0 1 1 0 1 0 1 0 0 1 1 1 0 1 1 0 1 0 1 1 0 1 1 0]"
24,0.6571436399636021,"[1 1 1 1 0 1 0 1 0 1 1 1 1 0 0 1 0 1 1 0 1 0 1 0 0 1 1 1 0 1 1 0 1 0 1 1 0 1 1 0]"
24,0.6571436399636021,"[1 1 1 1 0 1 0 1 0 1 1 1 1 0 0 1 0 1 1 0 1 0 1 0 0 1 1 1 0 1 1 0 1 0 1 1 0 1 1 0]"
24,0.6571436399636021,"[1 1 1 1 0 1 0 1 0 1 1 1 1 0 0 1 0 1 1 0 1 0 1 0 0 1 1 1 0 1 1 0 1 0 1 1 0 1 1 0]"
24,0.6571436399636021,"[1 1 1 1 0 1 0 1 0 1 1 1 1 0 0 1 0 1 1 0 1 0 1 0 0 1 1 1 0 1 1 0 1 0 1 1 0 1 1 0]"
24,0.6571436399636021,"[1 1 1 1 0 1 0 1 0 1 1 1 1 0 0 1 0 1 1 0 1 0 1 0 0 1 1 1 0 1 1 0 1 0 1 1 0 1 1 0]"
24,0.6571436399636021,"[1 1 1 1 0 1 0 1 0 1 1 1 1 0 0 1 0 1 1 0 1 0 1 0 0 1 1 1 0 1 1 0 1 0 1 1 0 1 1 0]"
24,0.6571436399636021,"[1 1 1 1 0 1 0 1 0 1 1 1 1 0 0 1 0 1 1 0 1 0 1 0 0 1 1 1 0 1 1 0 1 0 1 1 0 1 1 0]"
24,0.6571436399636021,"[1 1 1 1 0 1 0 1 0 1 1 1 1 0 0 1 0 1 1 0 1 0 1 0 0 1 1 1 0 1 1 0 1 0 1 1 0 1 1 0]"
24,0.6571436399636021,"[1 1 1 1 0 1 0 1 0 1 1 1 1 0 0 1 0 1 1 0 1 0 1 0 0 1 1 1 0 1 1 0 1 0 1 1 0 1 1 0]"
24,0.6571436399636021,"[1 1 1 1 0 1 0 1 0 1 1 1 1 0 0 1 0 1 1 0 1 0 1 0 0 1 1 1 0 1 1 0 1 0 1 1 0 1 1 0]"
24,0.6571436399636021,"[1 1 1 1 0 1 0 1 0 1 1 1 1 0 0 1 0 1 1 0 1 0 1 0 0 1 1 1 0 1 1 0 1 0 1 1 0 1 1 0]"
24,0.6571436399636021,"[1 1 1 1 0 1 0 1 0 1 1 1 1 0 0 1 0 1 1 0 1 0 1 0 0 1 1 1 0 1 1 0 1 0 1 1 0 1 1 0]"
24,0.6571436399636021,"[1 1 1 1 0 1 0 1 0 1 1 1 1 0 0 1 0 1 1 0 1 0 1 0 0 1 1 1 0 1 1 0 1 0 1 1 0 1 1 0]"
24,0.6571436399636021,"[1 1 1 1 0 1 0 1 0 1 1 1 1 0 0 1 0 1 1 0 1 0 1 0 0 1 1 1 0 1 1 0 1 0 1 1 0 1 1 0]"
24,0.6571436399636021,"[1 1 1 1 0 1 0 1 0 1 1 1 1 0 0 1 0 1 1 0 1 0 1 0 0 1 1 1 0 1 1 0 1 0 1 1 0 1 1 0]"
24,0.6571436399636021,"[1 1 1 1 0 1 0 1 0 1 1 1 1 0 0 1 0 1 1 0 1 0 1 0 0 1 1 1 0 1 1 0 1 0 1 1 0 1 1 0]"
24,0.6571436399636021,"[1 1 1 1 0 1 0 1 0 1 1 1 1 0 0 1 0 1 1 0 1 0 1 0 0 1 1 1 0 1 1 0 1 0 1 1 0 1 1 0]"
24,0.6571436399636021,"[1 1 1 1 0 1 0 1 0 1 1 1 1 0 0 1 0 1 1 0 1 0 1 0 0 1 1 1 0 1 1 0 1 0 1 1 0 1 1 0]"
24,0.6571436399636021,"[1 1 1 1 0 1 0 1 0 1 1 1 1 0 0 1 0 1 1 0 1 0 1 0 0 1 1 1 0 1 1 0 1 0 1 1 0 1 1 0]"
24,0.6571436399636021,"[1 1 1 1 0 1 0 1 0 1 1 1 1 0 0 1 0 1 1 0 1 0 1 0 0 1 1 1 0 1 1 0 1 0 1 1 0 1 1 0]"
24,0.6571436399636021,"[1 1 1 1 0 1 0 1 0 1 1 1 1 0 0 1 0 1 1 0 1 0 1 0 0 1 1 1 0 1 1 0 1 0 1 1 0 1 1 0]"
25,0.6571436399636021,"[1 1 1 1 0 1 0 1 0 1 1 1 1 0 0 1 0 1 1 0 1 0 1 0 0 1 1 1 0 1 1 0 1 0 1 1 0 1 1 0]"
25,0.6571436399636021,"[1 1 1 1 0 1 0 1 0 1 1 1 1 0 0 1 0 1 1 0 1 0 1 0 0 1 1 1 0 1 1 0 1 0 1 1 0 1 1 0]"
25,0.6571436399636021,"[1 1 1 1 0 1 0 1 0 1 1 1 1 0 0 1 0 1 1 0 1 0 1 0 0 1 1 1 0 1 1 0 1 0 1 1 0 1 1 0]"
25,0.6571436399636021,"[1 1 1 1 0 1 0 1 0 1 1 1 1 0 0 1 0 1 1 0 1 0 1 0 0 1 1 1 0 1 1 0 1 0 1 1 0 1 1 0]"
25,0.6571436399636021,"[1 1 1 1 0 1 0 1 0 1 1 1 1 0 0 1 0 1 1 0 1 0 1 0 0 1 1 1 0 1 1 0 1 0 1 1 0 1 1 0]"
25,0.6571436399636021,"[1 1 1 1 0 1 0 1 0 1 1 1 1 0 0 1 0 1 1 0 1 0 1 0 0 1 1 1 0 1 1 0 1 0 1 1 0 1 1 0]"
25,0.6571436399636021,"[1 1 1 1 0 1 0 1 0 1 1 1 1 0 0 1 0 1 1 0 1 0 1 0 0 1 1 1 0 1 1 0 1 0 1 1 0 1 1 0]"
25,0.6571436399636021,"[1 1 1 1 0 1 0 1 0 1 1 1 1 0 0 1 0 1 1 0 1 0 1 0 0 1 1 1 0 1 1 0 1 0 1 1 0 1 1 0]"
25,0.6571436399636021,"[1 1 1 1 0 1 0 1 0 1 1 1 1 0 0 1 0 1 1 0 1 0 1 0 0 1 1 1 0 1 1 0 1 0 1 1 0 1 1 0]"
25,0.6571436399636021,"[1 1 1 1 0 1 0 1 0 1 1 1 1 0 0 1 0 1 1 0 1 0 1 0 0 1 1 1 0 1 1 0 1 0 1 1 0 1 1 0]"
25,0.6571436399636021,"[1 1 1 1 0 1 0 1 0 1 1 1 1 0 0 1 0 1 1 0 1 0 1 0 0 1 1 1 0 1 1 0 1 0 1 1 0 1 1 0]"
25,0.6571436399636021,"[1 1 1 1 0 1 0 1 0 1 1 1 1 0 0 1 0 1 1 0 1 0 1 0 0 1 1 1 0 1 1 0 1 0 1 1 0 1 1 0]"
25,0.6571436399636021,"[1 1 1 1 0 1 0 1 0 1 1 1 1 0 0 1 0 1 1 0 1 0 1 0 0 1 1 1 0 1 1 0 1 0 1 1 0 1 1 0]"
25,0.6571436399636021,"[1 1 1 1 0 1 0 1 0 1 1 1 1 0 0 1 0 1 1 0 1 0 1 0 0 1 1 1 0 1 1 0 1 0 1 1 0 1 1 0]"
25,0.6571436399636021,"[1 1 1 1 0 1 0 1 0 1 1 1 1 0 0 1 0 1 1 0 1 0 1 0 0 1 1 1 0 1 1 0 1 0 1 1 0 1 1 0]"
25,0.6571436399636021,"[1 1 1 1 0 1 0 1 0 1 1 1 1 0 0 1 0 1 1 0 1 0 1 0 0 1 1 1 0 1 1 0 1 0 1 1 0 1 1 0]"
25,0.6571436399636021,"[1 1 1 1 0 1 0 1 0 1 1 1 1 0 0 1 0 1 1 0 1 0 1 0 0 1 1 1 0 1 1 0 1 0 1 1 0 1 1 0]"
25,0.6571436399636021,"[1 1 1 1 0 1 0 1 0 1 1 1 1 0 0 1 0 1 1 0 1 0 1 0 0 1 1 1 0 1 1 0 1 0 1 1 0 1 1 0]"
25,0.6571436399636021,"[1 1 1 1 0 1 0 1 0 1 1 1 1 0 0 1 0 1 1 0 1 0 1 0 0 1 1 1 0 1 1 0 1 0 1 1 0 1 1 0]"
25,0.6571436399636021,"[1 1 1 1 0 1 0 1 0 1 1 1 1 0 0 1 0 1 1 0 1 0 1 0 0 1 1 1 0 1 1 0 1 0 1 1 0 1 1 0]"
25,0.6571436399636021,"[1 1 1 1 0 1 0 1 0 1 1 1 1 0 0 1 0 1 1 0 1 0 1 0 0 1 1 1 0 1 1 0 1 0 1 1 0 1 1 0]"
25,0.6571436399636021,"[1 1 1 1 0 1 0 1 0 1 1 1 1 0 0 1 0 1 1 0 1 0 1 0 0 1 1 1 0 1 1 0 1 0 1 1 0 1 1 0]"
25,0.6571436399636021,"[1 1 1 1 0 1 0 1 0 1 1 1 1 0 0 1 0 1 1 0 1 0 1 0 0 1 1 1 0 1 1 0 1 0 1 1 0 1 1 0]"
25,0.6571436399636021,"[1 1 1 1 0 1 0 1 0 1 1 1 1 0 0 1 0 1 1 0 1 0 1 0 0 1 1 1 0 1 1 0 1 0 1 1 0 1 1 0]"
25,0.6571436399636021,"[1 1 1 1 0 1 0 1 0 1 1 1 1 0 0 1 0 1 1 0 1 0 1 0 0 1 1 1 0 1 1 0 1 0 1 1 0 1 1 0]"
26,0.6571436399636021,"[1 1 1 1 0 1 0 1 0 1 1 1 1 0 0 1 0 1 1 0 1 0 1 0 0 1 1 1 0 1 1 0 1 0 1 1 0 1 1 0]"
26,0.6571436399636021,"[1 1 1 1 0 1 0 1 0 1 1 1 1 0 0 1 0 1 1 0 1 0 1 0 0 1 1 1 0 1 1 0 1 0 1 1 0 1 1 0]"
26,0.6571436399636021,"[1 1 1 1 0 1 0 1 0 1 1 1 1 0 0 1 0 1 1 0 1 0 1 0 0 1 1 1 0 1 1 0 1 0 1 1 0 1 1 0]"
26,0.6571436399636021,"[1 1 1 1 0 1 0 1 0 1 1 1 1 0 0 1 0 1 1 0 1 0 1 0 0 1 1 1 0 1 1 0 1 0 1 1 0 1 1 0]"
26,0.6571436399636021,"[1 1 1 1 0 1 0 1 0 1 1 1 1 0 0 1 0 1 1 0 1 0 1 0 0 1 1 1 0 1 1 0 1 0 1 1 0 1 1 0]"
26,0.6571436399636021,"[1 1 1 1 0 1 0 1 0 1 1 1 1 0 0 1 0 1 1 0 1 0 1 0 0 1 1 1 0 1 1 0 1 0 1 1 0 1 1 0]"
26,0.6571436399636021,"[1 1 1 1 0 1 0 1 0 1 1 1 1 0 0 1 0 1 1 0 1 0 1 0 0 1 1 1 0 1 1 0 1 0 1 1 0 1 1 0]"
26,0.6571436399636021,"[1 1 1 1 0 1 0 1 0 1 1 1 1 0 0 1 0 1 1 0 1 0 1 0 0 1 1 1 0 1 1 0 1 0 1 1 0 1 1 0]"
26,0.6571436399636021,"[1 1 1 1 0 1 0 1 0 1 1 1 1 0 0 1 0 1 1 0 1 0 1 0 0 1 1 1 0 1 1 0 1 0 1 1 0 1 1 0]"
26,0.6571436399636021,"[1 1 1 1 0 1 0 1 0 1 1 1 1 0 0 1 0 1 1 0 1 0 1 0 0 1 1 1 0 1 1 0 1 0 1 1 0 1 1 0]"
26,0.6571436399636021,"[1 1 1 1 0 1 0 1 0 1 1 1 1 0 0 1 0 1 1 0 1 0 1 0 0 1 1 1 0 1 1 0 1 0 1 1 0 1 1 0]"
26,0.6571436399636021,"[1 1 1 1 0 1 0 1 0 1 1 1 1 0 0 1 0 1 1 0 1 0 1 0 0 1 1 1 0 1 1 0 1 0 1 1 0 1 1 0]"
26,0.6571436399636021,"[1 1 1 1 0 1 0 1 0 1 1 1 1 0 0 1 0 1 1 0 1 0 1 0 0 1 1 1 0 1 1 0 1 0 1 1 0 1 1 0]"
26,0.6571436399636021,"[1 1 1 1 0 1 0 1 0 1 1 1 1 0 0 1 0 1 1 0 1 0 1 0 0 1 1 1 0 1 1 0 1 0 1 1 0 1 1 0]"
26,0.6571436399636021,"[1 1 1 1 0 1 0 1 0 1 1 1 1 0 0 1 0 1 1 0 1 0 1 0 0 1 1 1 0 1 1 0 1 0 1 1 0 1 1 0]"
26,0.6571436399636021,"[1 1 1 1 0 1 0 1 0 1 1 1 1 0 0 1 0 1 1 0 1 0 1 0 0 1 1 1 0 1 1 0 1 0 1 1 0 1 1 0]"
26,0.6571436399636021,"[1 1 1 1 0 1 0 1 0 1 1 1 1 0 0 1 0 1 1 0 1 0 1 0 0 1 1 1 0 1 1 0 1 0 1 1 0 1 1 0]"
26,0.6571436399636021,"[1 1 1 1 0 1 0 1 0 1 1 1 1 0 0 1 0 1 1 0 1 0 1 0 0 1 1 1 0 1 1 0 1 0 1 1 0 1 1 0]"
26,0.6571436399636021,"[1 1 1 1 0 1 0 1 0 1 1 1 1 0 0 1 0 1 1 0 1 0 1 0 0 1 1 1 0 1 1 0 1 0 1 1 0 1 1 0]"
26,0.6571436399636021,"[1 1 1 1 0 1 0 1 0 1 1 1 1 0 0 1 0 1 1 0 1 0 1 0 0 1 1 1 0 1 1 0 1 0 1 1 0 1 1 0]"
26,0.6571436399636021,"[1 1 1 1 0 1 0 1 0 1 1 1 1 0 0 1 0 1 1 0 1 0 1 0 0 1 1 1 0 1 1 0 1 0 1 1 0 1 1 0]"
26,0.6571436399636021,"[1 1 1 1 0 1 0 1 0 1 1 1 1 0 0 1 0 1 1 0 1 0 1 0 0 1 1 1 0 1 1 0 1 0 1 1 0 1 1 0]"
26,0.6571436399636021,"[1 1 1 1 0 1 0 1 0 1 1 1 1 0 0 1 0 1 1 0 1 0 1 0 0 1 1 1 0 1 1 0 1 0 1 1 0 1 1 0]"
26,0.6571436399636021,"[1 1 1 1 0 1 0 1 0 1 1 1 1 0 0 1 0 1 1 0 1 0 1 0 0 1 1 1 0 1 1 0 1 0 1 1 0 1 1 0]"
26,0.6571436399636021,"[1 1 1 1 0 1 0 1 0 1 1 1 1 0 0 1 0 1 1 0 1 0 1 0 0 1 1 1 0 1 1 0 1 0 1 1 0 1 1 0]"
27,0.6571436399636021,"[1 1 1 1 0 1 0 1 0 1 1 1 1 0 0 1 0 1 1 0 1 0 1 0 0 1 1 1 0 1 1 0 1 0 1 1 0 1 1 0]"
27,0.6571436399636021,"[1 1 1 1 0 1 0 1 0 1 1 1 1 0 0 1 0 1 1 0 1 0 1 0 0 1 1 1 0 1 1 0 1 0 1 1 0 1 1 0]"
27,0.6571436399636021,"[1 1 1 1 0 1 0 1 0 1 1 1 1 0 0 1 0 1 1 0 1 0 1 0 0 1 1 1 0 1 1 0 1 0 1 1 0 1 1 0]"
27,0.6571436399636021,"[1 1 1 1 0 1 0 1 0 1 1 1 1 0 0 1 0 1 1 0 1 0 1 0 0 1 1 1 0 1 1 0 1 0 1 1 0 1 1 0]"
27,0.6571436399636021,"[1 1 1 1 0 1 0 1 0 1 1 1 1 0 0 1 0 1 1 0 1 0 1 0 0 1 1 1 0 1 1 0 1 0 1 1 0 1 1 0]"
27,0.6571436399636021,"[1 1 1 1 0 1 0 1 0 1 1 1 1 0 0 1 0 1 1 0 1 0 1 0 0 1 1 1 0 1 1 0 1 0 1 1 0 1 1 0]"
27,0.6571436399636021,"[1 1 1 1 0 1 0 1 0 1 1 1 1 0 0 1 0 1 1 0 1 0 1 0 0 1 1 1 0 1 1 0 1 0 1 1 0 1 1 0]"
27,0.6571436399636021,"[1 1 1 1 0 1 0 1 0 1 1 1 1 0 0 1 0 1 1 0 1 0 1 0 0 1 1 1 0 1 1 0 1 0 1 1 0 1 1 0]"
27,0.6571436399636021,"[1 1 1 1 0 1 0 1 0 1 1 1 1 0 0 1 0 1 1 0 1 0 1 0 0 1 1 1 0 1 1 0 1 0 1 1 0 1 1 0]"
27,0.6571436399636021,"[1 1 1 1 0 1 0 1 0 1 1 1 1 0 0 1 0 1 1 0 1 0 1 0 0 1 1 1 0 1 1 0 1 0 1 1 0 1 1 0]"
27,0.6571436399636021,"[1 1 1 1 0 1 0 1 0 1 1 1 1 0 0 1 0 1 1 0 1 0 1 0 0 1 1 1 0 1 1 0 1 0 1 1 0 1 1 0]"
27,0.6571436399636021,"[1 1 1 1 0 1 0 1 0 1 1 1 1 0 0 1 0 1 1 0 1 0 1 0 0 1 1 1 0 1 1 0 1 0 1 1 0 1 1 0]"
27,0.6571436399636021,"[1 1 1 1 0 1 0 1 0 1 1 1 1 0 0 1 0 1 1 0 1 0 1 0 0 1 1 1 0 1 1 0 1 0 1 1 0 1 1 0]"
27,0.6571436399636021,"[1 1 1 1 0 1 0 1 0 1 1 1 1 0 0 1 0 1 1 0 1 0 1 0 0 1 1 1 0 1 1 0 1 0 1 1 0 1 1 0]"
27,0.6571436399636021,"[1 1 1 1 0 1 0 1 0 1 1 1 1 0 0 1 0 1 1 0 1 0 1 0 0 1 1 1 0 1 1 0 1 0 1 1 0 1 1 0]"
27,0.6571436399636021,"[1 1 1 1 0 1 0 1 0 1 1 1 1 0 0 1 0 1 1 0 1 0 1 0 0 1 1 1 0 1 1 0 1 0 1 1 0 1 1 0]"
27,0.6571436399636021,"[1 1 1 1 0 1 0 1 0 1 1 1 1 0 0 1 0 1 1 0 1 0 1 0 0 1 1 1 0 1 1 0 1 0 1 1 0 1 1 0]"
27,0.6571436399636021,"[1 1 1 1 0 1 0 1 0 1 1 1 1 0 0 1 0 1 1 0 1 0 1 0 0 1 1 1 0 1 1 0 1 0 1 1 0 1 1 0]"
27,0.6571436399636021,"[1 1 1 1 0 1 0 1 0 1 1 1 1 0 0 1 0 1 1 0 1 0 1 0 0 1 1 1 0 1 1 0 1 0 1 1 0 1 1 0]"
27,0.6571436399636021,"[1 1 1 1 0 1 0 1 0 1 1 1 1 0 0 1 0 1 1 0 1 0 1 0 0 1 1 1 0 1 1 0 1 0 1 1 0 1 1 0]"
27,0.6571436399636021,"[1 1 1 1 0 1 0 1 0 1 1 1 1 0 0 1 0 1 1 0 1 0 1 0 0 1 1 1 0 1 1 0 1 0 1 1 0 1 1 0]"
27,0.6571436399636021,"[1 1 1 1 0 1 0 1 0 1 1 1 1 0 0 1 0 1 1 0 1 0 1 0 0 1 1 1 0 1 1 0 1 0 1 1 0 1 1 0]"
27,0.6571436399636021,"[1 1 1 1 0 1 0 1 0 1 1 1 1 0 0 1 0 1 1 0 1 0 1 0 0 1 1 1 0 1 1 0 1 0 1 1 0 1 1 0]"
27,0.6571436399636021,"[1 1 1 1 0 1 0 1 0 1 1 1 1 0 0 1 0 1 1 0 1 0 1 0 0 1 1 1 0 1 1 0 1 0 1 1 0 1 1 0]"
27,0.6571436399636021,"[1 1 1 1 0 1 0 1 0 1 1 1 1 0 0 1 0 1 1 0 1 0 1 0 0 1 1 1 0 1 1 0 1 0 1 1 0 1 1 0]"
28,0.6571436399636021,"[1 1 1 1 0 1 0 1 0 1 1 1 1 0 0 1 0 1 1 0 1 0 1 0 0 1 1 1 0 1 1 0 1 0 1 1 0 1 1 0]"
28,0.6571436399636021,"[1 1 1 1 0 1 0 1 0 1 1 1 1 0 0 1 0 1 1 0 1 0 1 0 0 1 1 1 0 1 1 0 1 0 1 1 0 1 1 0]"
28,0.6571436399636021,"[1 1 1 1 0 1 0 1 0 1 1 1 1 0 0 1 0 1 1 0 1 0 1 0 0 1 1 1 0 1 1 0 1 0 1 1 0 1 1 0]"
28,0.6571436399636021,"[1 1 1 1 0 1 0 1 0 1 1 1 1 0 0 1 0 1 1 0 1 0 1 0 0 1 1 1 0 1 1 0 1 0 1 1 0 1 1 0]"
28,0.6571436399636021,"[1 1 1 1 0 1 0 1 0 1 1 1 1 0 0 1 0 1 1 0 1 0 1 0 0 1 1 1 0 1 1 0 1 0 1 1 0 1 1 0]"
28,0.6571436399636021,"[1 1 1 1 0 1 0 1 0 1 1 1 1 0 0 1 0 1 1 0 1 0 1 0 0 1 1 1 0 1 1 0 1 0 1 1 0 1 1 0]"
28,0.6571436399636021,"[1 1 1 1 0 1 0 1 0 1 1 1 1 0 0 1 0 1 1 0 1 0 1 0 0 1 1 1 0 1 1 0 1 0 1 1 0 1 1 0]"
28,0.6571436399636021,"[1 1 1 1 0 1 0 1 0 1 1 1 1 0 0 1 0 1 1 0 1 0 1 0 0 1 1 1 0 1 1 0 1 0 1 1 0 1 1 0]"
28,0.6571436399636021,"[1 1 1 1 0 1 0 1 0 1 1 1 1 0 0 1 0 1 1 0 1 0 1 0 0 1 1 1 0 1 1 0 1 0 1 1 0 1 1 0]"
28,0.6571436399636021,"[1 1 1 1 0 1 0 1 0 1 1 1 1 0 0 1 0 1 1 0 1 0 1 0 0 1 1 1 0 1 1 0 1 0 1 1 0 1 1 0]"
28,0.6571436399636021,"[1 1 1 1 0 1 0 1 0 1 1 1 1 0 0 1 0 1 1 0 1 0 1 0 0 1 1 1 0 1 1 0 1 0 1 1 0 1 1 0]"
28,0.6571436399636021,"[1 1 1 1 0 1 0 1 0 1 1 1 1 0 0 1 0 1 1 0 1 0 1 0 0 1 1 1 0 1 1 0 1 0 1 1 0 1 1 0]"
28,0.6571436399636021,"[1 1 1 1 0 1 0 1 0 1 1 1 1 0 0 1 0 1 1 0 1 0 1 0 0 1 1 1 0 1 1 0 1 0 1 1 0 1 1 0]"
28,0.6571436399636021,"[1 1 1 1 0 1 0 1 0 1 1 1 1 0 0 1 0 1 1 0 1 0 1 0 0 1 1 1 0 1 1 0 1 0 1 1 0 1 1 0]"
28,0.6571436399636021,"[1 1 1 1 0 1 0 1 0 1 1 1 1 0 0 1 0 1 1 0 1 0 1 0 0 1 1 1 0 1 1 0 1 0 1 1 0 1 1 0]"
28,0.6571436399636021,"[1 1 1 1 0 1 0 1 0 1 1 1 1 0 0 1 0 1 1 0 1 0 1 0 0 1 1 1 0 1 1 0 1 0 1 1 0 1 1 0]"
28,0.6571436399636021,"[1 1 1 1 0 1 0 1 0 1 1 1 1 0 0 1 0 1 1 0 1 0 1 0 0 1 1 1 0 1 1 0 1 0 1 1 0 1 1 0]"
28,0.6571436399636021,"[1 1 1 1 0 1 0 1 0 1 1 1 1 0 0 1 0 1 1 0 1 0 1 0 0 1 1 1 0 1 1 0 1 0 1 1 0 1 1 0]"
28,0.6571436399636021,"[1 1 1 1 0 1 0 1 0 1 1 1 1 0 0 1 0 1 1 0 1 0 1 0 0 1 1 1 0 1 1 0 1 0 1 1 0 1 1 0]"
28,0.6571436399636021,"[1 1 1 1 0 1 0 1 0 1 1 1 1 0 0 1 0 1 1 0 1 0 1 0 0 1 1 1 0 1 1 0 1 0 1 1 0 1 1 0]"
28,0.6571436399636021,"[1 1 1 1 0 1 0 1 0 1 1 1 1 0 0 1 0 1 1 0 1 0 1 0 0 1 1 1 0 1 1 0 1 0 1 1 0 1 1 0]"
28,0.6571436399636021,"[1 1 1 1 0 1 0 1 0 1 1 1 1 0 0 1 0 1 1 0 1 0 1 0 0 1 1 1 0 1 1 0 1 0 1 1 0 1 1 0]"
28,0.6571436399636021,"[1 1 1 1 0 1 0 1 0 1 1 1 1 0 0 1 0 1 1 0 1 0 1 0 0 1 1 1 0 1 1 0 1 0 1 1 0 1 1 0]"
28,0.6571436399636021,"[1 1 1 1 0 1 0 1 0 1 1 1 1 0 0 1 0 1 1 0 1 0 1 0 0 1 1 1 0 1 1 0 1 0 1 1 0 1 1 0]"
28,0.6571436399636021,"[1 1 1 1 0 1 0 1 0 1 1 1 1 0 0 1 0 1 1 0 1 0 1 0 0 1 1 1 0 1 1 0 1 0 1 1 0 1 1 0]"
29,0.6571436399636021,"[1 1 1 1 0 1 0 1 0 1 1 1 1 0 0 1 0 1 1 0 1 0 1 0 0 1 1 1 0 1 1 0 1 0 1 1 0 1 1 0]"
29,0.6571436399636021,"[1 1 1 1 0 1 0 1 0 1 1 1 1 0 0 1 0 1 1 0 1 0 1 0 0 1 1 1 0 1 1 0 1 0 1 1 0 1 1 0]"
29,0.6571436399636021,"[1 1 1 1 0 1 0 1 0 1 1 1 1 0 0 1 0 1 1 0 1 0 1 0 0 1 1 1 0 1 1 0 1 0 1 1 0 1 1 0]"
29,0.6571436399636021,"[1 1 1 1 0 1 0 1 0 1 1 1 1 0 0 1 0 1 1 0 1 0 1 0 0 1 1 1 0 1 1 0 1 0 1 1 0 1 1 0]"
29,0.6571436399636021,"[1 1 1 1 0 1 0 1 0 1 1 1 1 0 0 1 0 1 1 0 1 0 1 0 0 1 1 1 0 1 1 0 1 0 1 1 0 1 1 0]"
29,0.6571436399636021,"[1 1 1 1 0 1 0 1 0 1 1 1 1 0 0 1 0 1 1 0 1 0 1 0 0 1 1 1 0 1 1 0 1 0 1 1 0 1 1 0]"
29,0.6571436399636021,"[1 1 1 1 0 1 0 1 0 1 1 1 1 0 0 1 0 1 1 0 1 0 1 0 0 1 1 1 0 1 1 0 1 0 1 1 0 1 1 0]"
29,0.6571436399636021,"[1 1 1 1 0 1 0 1 0 1 1 1 1 0 0 1 0 1 1 0 1 0 1 0 0 1 1 1 0 1 1 0 1 0 1 1 0 1 1 0]"
29,0.6571436399636021,"[1 1 1 1 0 1 0 1 0 1 1 1 1 0 0 1 0 1 1 0 1 0 1 0 0 1 1 1 0 1 1 0 1 0 1 1 0 1 1 0]"
29,0.6571436399636021,"[1 1 1 1 0 1 0 1 0 1 1 1 1 0 0 1 0 1 1 0 1 0 1 0 0 1 1 1 0 1 1 0 1 0 1 1 0 1 1 0]"
29,0.6571436399636021,"[1 1 1 1 0 1 0 1 0 1 1 1 1 0 0 1 0 1 1 0 1 0 1 0 0 1 1 1 0 1 1 0 1 0 1 1 0 1 1 0]"
29,0.6571436399636021,"[1 1 1 1 0 1 0 1 0 1 1 1 1 0 0 1 0 1 1 0 1 0 1 0 0 1 1 1 0 1 1 0 1 0 1 1 0 1 1 0]"
29,0.6571436399636021,"[1 1 1 1 0 1 0 1 0 1 1 1 1 0 0 1 0 1 1 0 1 0 1 0 0 1 1 1 0 1 1 0 1 0 1 1 0 1 1 0]"
29,0.6571436399636021,"[1 1 1 1 0 1 0 1 0 1 1 1 1 0 0 1 0 1 1 0 1 0 1 0 0 1 1 1 0 1 1 0 1 0 1 1 0 1 1 0]"
29,0.6571436399636021,"[1 1 1 1 0 1 0 1 0 1 1 1 1 0 0 1 0 1 1 0 1 0 1 0 0 1 1 1 0 1 1 0 1 0 1 1 0 1 1 0]"
29,0.6571436399636021,"[1 1 1 1 0 1 0 1 0 1 1 1 1 0 0 1 0 1 1 0 1 0 1 0 0 1 1 1 0 1 1 0 1 0 1 1 0 1 1 0]"
29,0.6571436399636021,"[1 1 1 1 0 1 0 1 0 1 1 1 1 0 0 1 0 1 1 0 1 0 1 0 0 1 1 1 0 1 1 0 1 0 1 1 0 1 1 0]"
29,0.6571436399636021,"[1 1 1 1 0 1 0 1 0 1 1 1 1 0 0 1 0 1 1 0 1 0 1 0 0 1 1 1 0 1 1 0 1 0 1 1 0 1 1 0]"
29,0.6571436399636021,"[1 1 1 1 0 1 0 1 0 1 1 1 1 0 0 1 0 1 1 0 1 0 1 0 0 1 1 1 0 1 1 0 1 0 1 1 0 1 1 0]"
29,0.6571436399636021,"[1 1 1 1 0 1 0 1 0 1 1 1 1 0 0 1 0 1 1 0 1 0 1 0 0 1 1 1 0 1 1 0 1 0 1 1 0 1 1 0]"
29,0.6571436399636021,"[1 1 1 1 0 1 0 1 0 1 1 1 1 0 0 1 0 1 1 0 1 0 1 0 0 1 1 1 0 1 1 0 1 0 1 1 0 1 1 0]"
29,0.6571436399636021,"[1 1 1 1 0 1 0 1 0 1 1 1 1 0 0 1 0 1 1 0 1 0 1 0 0 1 1 1 0 1 1 0 1 0 1 1 0 1 1 0]"
29,0.6571436399636021,"[1 1 1 1 0 1 0 1 0 1 1 1 1 0 0 1 0 1 1 0 1 0 1 0 0 1 1 1 0 1 1 0 1 0 1 1 0 1 1 0]"
29,0.6571436399636021,"[1 1 1 1 0 1 0 1 0 1 1 1 1 0 0 1 0 1 1 0 1 0 1 0 0 1 1 1 0 1 1 0 1 0 1 1 0 1 1 0]"
29,0.6571436399636021,"[1 1 1 1 0 1 0 1 0 1 1 1 1 0 0 1 0 1 1 0 1 0 1 0 0 1 1 1 0 1 1 0 1 0 1 1 0 1 1 0]"
