step,fitness,genome
0,0.0675223265232165,"[1 1 0 0 0 0 1 1 1 0 0 0 0 1 0 0 0 1 0 1 1 1 1 1 0 1 1 0 1 1 1 0 0 0 1 0 1 1 0 1]"
0,0.05920912494889897,"[1 1 0 0 0 0 0 0 1 1 1 1 0 1 1 1 0 0 0 1 0 0 1 0 1 0 0 0 1 1 1 1 1 1 0 0 1 0 0 0]"
0,6.414405128872243e-06,"[0 1 0 0 1 1 0 1 0 1 1 1 0 0 0 0 0 0 1 1 0 0 1 0 0 0 0 0 0 1 0 0 0 0 1 1 1 1 1 0]"
0,0.4087766684318222,"[1 1 1 0 1 0 1 0 0 0 0 1 0 1 1 1 1 1 0 1 0 1 0 0 0 0 0 1 0 0 1 1 0 0 0 1 0 0 1 1]"
0,0.11619016909185889,"[1 1 0 0 1 1 1 0 0 1 1 0 1 1 0 0 0 0 1 0 0 1 0 0 1 1 1 0 1 0 1 0 0 1 1 0 0 1 0 0]"
0,1.273227400096272e-06,"[0 1 0 0 0 0 0 1 1 1 1 0 0 0 0 0 0 1 1 0 0 0 1 0 1 1 0 0 0 0 1 0 0 1 0 0 0 1 1 1]"
0,0.3770364540826527,"[1 1 1 0 1 0 0 0 0 0 1 1 0 1 0 1 0 1 1 0 0 1 1 0 1 1 0 0 1 0 1 0 0 1 1 0 1 1 1 0]"
0,0.010066733777706182,"[1 0 1 0 0 0 0 1 1 0 1 0 0 0 0 1 1 1 1 0 1 1 1 0 1 1 0 0 0 1 0 1 1 1 0 1 1 1 0 1]"
0,0.1616442932473793,"[1 1 0 1 0 1 0 1 0 1 0 1 1 0 1 0 0 0 0 0 0 1 0 1 1 0 1 0 0 0 1 1 1 1 0 1 0 1 0 1]"
0,0.2417100929583264,"[1 1 0 1 1 1 1 0 0 0 0 1 1 1 0 0 0 1 0 1 0 1 0 1 1 0 0 1 1 0 0 0 1 0 0 0 0 0 0 0]"
0,0.0018311628614002702,"[1 0 0 0 1 0 0 0 0 1 0 0 1 1 1 0 0 0 1 0 0 1 1 0 0 1 1 1 1 1 0 0 0 0 1 1 0 1 1 1]"
0,0.39906980310687057,"[1 1 1 0 1 0 0 1 1 0 0 0 0 1 1 1 1 1 1 1 1 0 1 0 1 0 1 0 0 1 0 1 0 0 1 0 1 1 0 1]"
0,0.726430504454543,"[1 1 1 1 0 1 1 1 1 1 1 1 0 0 1 0 1 0 0 0 0 0 0 1 1 1 0 1 1 0 0 0 1 1 1 0 0 0 1 0]"
0,0.24171542880589636,"[1 1 0 1 1 1 1 0 0 0 0 1 1 1 0 0 0 1 1 1 0 1 0 1 1 0 1 1 1 0 1 0 1 0 0 1 1 0 0 0]"
0,0.40875961589480797,"[1 1 1 0 1 0 1 0 0 0 0 1 0 1 1 1 1 0 0 1 0 1 0 0 0 0 0 1 0 0 1 1 0 0 0 1 0 1 1 1]"
0,0.009095725041566822,"[1 0 1 0 0 0 0 0 0 0 0 0 0 0 0 0 0 1 0 1 1 0 0 1 1 0 1 1 0 0 1 0 0 1 0 1 0 0 1 1]"
0,0.012885479063466663,"[1 0 1 0 0 1 0 1 1 0 1 0 1 1 0 0 0 0 0 1 1 1 1 0 1 1 0 1 1 1 1 1 0 0 1 0 0 0 1 1]"
0,0.24171540671107086,"[1 1 0 1 1 1 1 0 0 0 0 1 1 1 0 0 0 1 1 1 0 1 0 1 1 0 0 1 1 0 0 0 1 0 0 0 1 0 0 0]"
0,0.0076968702847376785,"[1 0 0 1 1 1 0 1 0 1 0 1 1 0 1 0 0 0 0 0 0 1 1 1 1 0 1 0 0 1 1 0 1 1 0 1 0 0 0 1]"
0,0.012873343462405876,"[1 0 1 0 0 1 0 1 1 0 1 0 1 0 0 0 0 0 0 1 1 1 1 1 1 1 0 1 1 1 1 1 1 0 1 0 0 0 1 1]"
0,0.3716342883398014,"[1 1 1 0 0 1 1 1 1 1 0 1 1 1 1 1 1 0 1 0 1 1 0 0 1 0 0 1 0 1 0 1 1 0 0 0 0 0 1 0]"
0,0.8834809352698838,"[1 1 1 1 1 1 0 0 1 1 0 1 1 0 0 1 0 0 0 1 1 1 0 0 1 0 1 0 1 0 0 1 1 0 0 1 1 0 0 1]"
0,0.3947044198857875,"[1 1 1 0 1 0 0 1 0 1 0 0 0 1 1 0 0 1 0 0 0 0 1 0 0 0 0 0 0 0 0 1 1 1 1 1 0 1 0 0]"
0,0.015064231950228353,"[1 0 1 0 1 0 0 0 0 1 0 0 0 1 1 1 1 1 1 0 0 1 0 0 1 1 1 1 0 1 1 1 0 0 1 1 0 1 1 1]"
0,6.340843389164816e-05,"[0 1 1 0 0 0 0 1 0 1 1 0 0 0 0 0 0 1 1 0 1 0 0 1 1 1 0 0 0 0 1 0 0 1 0 0 0 1 1 1]"
0,0.0032642313447250266,"[1 0 0 1 0 0 0 0 0 1 1 0 1 0 1 0 1 0 1 1 1 0 1 0 1 1 0 1 0 1 0 0 1 0 1 1 0 1 0 1]"
0,0.06347548895760463,"[1 1 0 0 0 0 1 0 0 1 0 0 1 1 1 1 1 1 1 1 1 0 1 1 0 0 0 0 1 1 1 0 1 0 0 1 0 0 0 1]"
0,0.3781320182353771,"[1 1 1 0 1 0 0 0 0 1 0 0 0 1 1 0 1 0 1 0 0 1 1 0 1 1 1 1 0 1 0 1 0 0 1 1 0 1 1 1]"
0,0.22849934206510844,"[1 1 0 1 1 1 0 0 1 1 0 1 1 1 0 1 1 0 1 0 0 1 0 0 1 0 1 0 1 0 1 1 0 1 1 0 1 1 0 1]"
0,0.34224349093736295,"[1 1 1 0 0 1 0 1 1 1 1 1 1 0 0 0 1 0 1 0 0 0 0 1 1 0 1 1 1 0 1 0 1 1 1 1 1 0 1 0]"
0,0.013596843824658615,"[1 0 1 0 0 1 1 0 1 0 0 1 0 0 0 0 1 0 1 0 0 1 0 0 1 0 0 0 0 1 0 1 0 1 0 0 1 1 1 1]"
0,0.01205039086857938,"[1 0 1 0 0 1 0 0 1 0 0 1 0 0 0 0 1 1 1 0 0 1 0 0 1 0 0 0 0 1 0 1 0 1 0 0 1 1 1 1]"
0,0.24170942874915935,"[1 1 0 1 1 1 1 0 0 0 0 1 1 1 0 0 0 1 0 1 0 0 0 1 1 0 0 1 1 0 0 0 1 0 0 0 0 0 0 0]"
0,6.340217758226779e-05,"[0 1 1 0 0 0 0 1 0 1 1 0 0 0 0 0 0 0 1 0 1 0 1 0 1 1 0 0 1 0 1 0 0 1 0 0 0 1 1 1]"
0,0.2915087154933857,"[1 1 1 0 0 0 1 0 0 1 0 0 1 1 1 1 1 0 0 0 1 0 1 1 0 0 0 1 1 1 1 0 1 0 0 1 0 0 1 0]"
0,0.24171008517714948,"[1 1 0 1 1 1 1 0 0 0 0 1 1 1 0 0 0 1 0 1 0 1 0 1 1 0 0 0 1 1 0 0 1 0 0 0 0 0 0 1]"
0,0.012873153345939626,"[1 0 1 0 0 1 0 1 1 0 1 0 1 0 0 0 0 0 0 0 1 1 1 1 1 1 0 1 0 1 1 1 0 0 1 0 0 0 1 1]"
0,0.3713877229070663,"[1 1 1 0 0 1 1 1 1 1 0 1 1 0 1 1 1 0 1 1 1 1 0 0 0 0 0 1 0 1 0 0 1 0 0 0 0 0 1 0]"
0,0.1190354203713837,"[1 1 0 0 1 1 1 0 1 1 1 0 1 1 0 0 0 0 1 0 0 1 0 0 1 1 1 0 0 0 1 0 0 1 1 0 0 1 0 0]"
0,0.06243170330014816,"[1 1 0 0 0 0 0 1 1 1 1 1 1 1 0 1 1 0 0 1 0 0 1 0 0 0 0 0 0 1 1 1 1 1 1 0 1 0 0 0]"
0,2.3028197412685006e-13,"[0 0 0 0 1 1 0 1 1 1 1 1 0 0 1 0 0 1 0 0 1 1 1 1 0 1 0 1 1 0 1 1 0 1 1 1 0 1 0 0]"
0,0.2417100929583264,"[1 1 0 1 1 1 1 0 0 0 0 1 1 1 0 0 0 1 0 1 0 1 0 1 1 0 0 1 1 0 0 0 1 0 0 0 0 0 0 0]"
0,1.0715406703309512e-06,"[0 1 0 0 0 0 0 0 1 1 0 0 0 0 0 0 0 0 0 0 1 0 1 0 0 1 0 1 0 1 1 1 1 0 1 0 1 0 1 1]"
0,0.013596843921970175,"[1 0 1 0 0 1 1 0 1 0 0 1 0 0 0 0 1 0 1 0 0 1 0 0 1 0 0 0 0 1 1 1 0 1 0 0 1 1 1 1]"
0,0.0018182166477829765,"[1 0 0 0 1 0 0 0 0 0 1 1 0 1 0 1 0 1 1 0 0 1 1 0 1 1 0 0 1 0 1 0 1 1 1 0 1 1 1 0]"
0,0.009848426415363725,"[1 0 1 0 0 0 0 1 0 1 0 0 0 1 1 1 0 1 0 1 0 0 0 0 0 0 0 0 0 0 1 1 1 1 1 1 0 1 0 0]"
0,1.4637885283699084e-17,"[0 0 0 0 0 1 0 1 0 1 0 0 1 1 1 0 0 1 1 0 0 1 1 0 0 1 1 1 1 0 0 1 0 0 1 1 0 0 0 0]"
0,0.8253829856177457,"[1 1 1 1 1 0 1 1 0 0 1 0 0 0 1 0 0 1 0 0 1 1 0 1 1 1 1 0 1 0 1 1 0 0 0 0 1 1 1 0]"
0,1.0715406702538896e-06,"[0 1 0 0 0 0 0 0 1 1 0 0 0 0 0 0 0 0 0 0 1 0 1 0 0 1 0 1 0 1 1 1 1 0 1 0 1 0 0 1]"
0,0.4251707575361748,"[1 1 1 0 1 0 1 1 0 0 0 0 0 0 1 1 1 1 1 1 0 0 0 0 1 0 1 0 0 0 1 0 0 1 0 1 1 1 1 0]"
1,0.8253829856177457,"[1 1 1 1 1 0 1 1 0 0 1 0 0 0 1 0 0 1 0 0 1 1 0 1 1 1 1 0 1 0 1 1 0 0 0 0 1 1 1 0]"
1,0.06243170330014816,"[1 1 0 0 0 0 0 1 1 1 1 1 1 1 0 1 1 0 0 1 0 0 1 0 0 0 0 0 0 1 1 1 1 1 1 0 1 0 0 0]"
1,0.9377669623695736,"[1 1 1 1 1 1 1 0 0 1 0 1 1 1 0 0 0 1 0 0 0 0 0 1 1 0 0 1 1 0 0 0 1 0 1 0 0 0 0 0]"
1,0.08481444535556197,"[1 1 0 0 1 0 0 0 0 0 0 0 0 1 1 0 1 0 1 1 0 1 1 0 1 1 1 1 0 1 0 1 0 0 1 1 0 1 1 1]"
1,0.39906980309095563,"[1 1 1 0 1 0 0 1 1 0 0 0 0 1 1 1 1 1 1 1 1 0 1 0 1 0 1 0 0 1 0 1 0 0 1 0 1 0 0 1]"
1,0.8834809352698838,"[1 1 1 1 1 1 0 0 1 1 0 1 1 0 0 1 0 0 0 1 1 1 0 0 1 0 1 0 1 0 0 1 1 0 0 1 1 0 0 1]"
1,0.39576424189311715,"[1 1 1 0 1 0 0 1 0 1 0 1 0 1 1 0 0 1 0 0 0 1 1 0 0 0 0 0 0 0 0 1 1 1 1 1 0 1 0 0]"
1,0.37063085973078363,"[1 1 1 0 0 1 1 1 1 1 0 0 1 1 1 1 1 0 1 0 0 0 0 0 1 0 0 1 0 1 0 1 1 0 0 0 0 0 1 0]"
1,0.40875961589480797,"[1 1 1 0 1 0 1 0 0 0 0 1 0 1 1 1 1 0 0 1 0 1 0 0 0 0 0 1 0 0 1 1 0 0 0 1 0 1 1 1]"
1,0.014690261475536934,"[1 0 1 0 0 1 1 1 1 1 0 1 1 0 1 1 1 0 1 1 1 1 0 0 0 0 0 0 0 1 0 0 1 0 0 0 0 0 1 1]"
1,0.2915087154933857,"[1 1 1 0 0 0 1 0 0 1 0 0 1 1 1 1 1 0 0 0 1 0 1 1 0 0 0 1 1 1 1 0 1 0 0 1 0 0 1 0]"
1,0.37821176554241465,"[1 1 1 0 1 0 0 0 0 1 0 0 0 1 1 1 1 1 1 0 0 1 1 1 1 1 1 1 0 1 1 1 0 0 1 1 0 1 1 1]"
1,0.11446961196938617,"[1 1 0 0 1 1 1 0 0 0 0 1 1 1 0 1 0 1 0 1 1 1 0 1 1 0 0 1 1 0 0 0 1 0 0 0 0 0 0 0]"
1,0.3713877224296965,"[1 1 1 0 0 1 1 1 1 1 0 1 1 0 1 1 1 0 1 1 1 1 0 0 0 0 0 1 0 1 0 0 0 0 0 0 0 0 1 0]"
1,0.8253809796239691,"[1 1 1 1 1 0 1 1 0 0 1 0 0 0 1 0 0 1 0 0 1 0 0 1 1 1 1 0 1 0 1 1 0 0 0 0 1 1 1 0]"
1,0.24170942878969942,"[1 1 0 1 1 1 1 0 0 0 0 1 1 1 0 0 0 1 0 1 0 0 0 1 1 0 0 1 1 0 0 0 1 0 0 1 0 0 0 0]"
1,0.8834814686903716,"[1 1 1 1 1 1 0 0 1 1 0 1 1 0 0 1 0 0 0 1 1 1 0 1 1 0 1 0 1 0 0 1 1 0 1 1 1 0 0 1]"
1,0.009095759670998939,"[1 0 1 0 0 0 0 0 0 0 0 0 0 0 0 0 0 1 0 1 1 1 0 1 1 0 1 1 0 0 0 0 0 1 0 1 0 0 1 1]"
1,0.24171009296339394,"[1 1 0 1 1 1 1 0 0 0 0 1 1 1 0 0 0 1 0 1 0 1 0 1 1 0 0 1 1 0 0 0 1 0 0 0 0 0 1 0]"
1,0.06347548895760463,"[1 1 0 0 0 0 1 0 0 1 0 0 1 1 1 1 1 1 1 1 1 0 1 1 0 0 0 0 1 1 1 0 1 0 0 1 0 0 0 1]"
1,0.8840995995543456,"[1 1 1 1 1 1 0 0 1 1 0 1 1 1 0 1 1 0 1 0 0 1 0 0 1 0 1 0 1 0 1 1 0 1 1 0 1 1 0 1]"
1,0.4032486807011795,"[1 1 1 0 1 0 0 1 1 1 0 0 0 1 1 0 0 1 0 0 1 0 1 0 0 0 0 0 0 0 0 1 1 1 1 1 0 1 0 0]"
1,0.24103014000628575,"[1 1 0 1 1 1 1 0 0 0 0 0 1 1 0 0 0 1 0 1 0 0 0 1 1 0 0 1 1 0 0 0 1 0 0 0 0 0 0 1]"
1,0.2417094209654679,"[1 1 0 1 1 1 1 0 0 0 0 1 1 1 0 0 0 1 0 1 0 0 0 1 1 0 0 0 1 1 0 0 1 0 0 0 0 0 0 0]"
1,0.2951662982858827,"[1 1 1 0 0 0 1 0 1 0 0 1 0 1 1 1 1 1 0 1 0 1 0 0 0 0 0 1 0 0 1 1 0 0 0 1 0 0 1 1]"
1,0.010298192455851103,"[1 0 1 0 0 0 1 0 0 0 0 0 0 0 0 0 0 0 0 1 1 0 0 1 1 0 1 1 0 0 1 0 0 1 0 1 0 0 1 1]"
1,0.45809241522915395,"[1 1 1 0 1 1 0 0 1 1 0 0 0 1 1 0 0 1 0 1 0 0 1 0 0 0 0 0 1 0 0 1 1 1 1 1 0 1 0 0]"
1,0.2109655928152585,"[1 1 0 1 1 0 1 1 0 0 0 1 1 1 0 0 0 0 0 0 0 1 0 1 1 0 0 1 0 0 0 0 1 0 0 0 0 0 0 0]"
1,0.24720387277116135,"[1 1 0 1 1 1 1 0 1 0 0 1 1 1 0 0 0 1 0 0 0 1 0 0 1 0 0 1 1 0 0 0 1 0 1 0 0 0 0 0]"
1,4.508028934389501e-05,"[0 1 0 1 1 1 1 0 0 0 0 1 1 1 0 0 0 1 0 1 0 0 0 1 1 0 0 1 1 0 0 0 1 0 0 0 0 1 0 0]"
1,0.24171540671107086,"[1 1 0 1 1 1 1 0 0 0 0 1 1 1 0 0 0 1 1 1 0 1 0 1 1 0 0 1 1 0 0 0 1 0 0 0 1 0 0 0]"
1,0.3770364521470548,"[1 1 1 0 1 0 0 0 0 0 1 1 0 1 0 1 0 1 1 0 0 1 1 0 1 1 0 0 1 0 0 0 0 1 1 0 1 1 1 0]"
1,0.021735637431010098,"[1 0 1 0 1 1 1 0 1 0 0 1 0 0 0 0 1 0 1 0 0 1 0 0 1 0 1 0 0 1 0 1 1 1 0 0 1 1 1 1]"
1,0.34224349093736295,"[1 1 1 0 0 1 0 1 1 1 1 1 1 0 0 0 1 0 1 0 0 0 0 1 1 0 1 1 1 0 1 0 1 1 1 1 1 0 1 0]"
1,0.24179516682138213,"[1 1 0 1 1 1 1 0 0 0 0 1 1 1 1 0 0 1 0 1 0 1 0 1 1 1 0 1 1 0 0 0 1 0 0 0 0 0 0 0]"
1,0.30466840949075735,"[1 1 1 0 0 0 1 1 0 1 0 0 1 1 1 1 1 1 1 0 1 0 1 1 0 0 0 0 1 1 1 0 1 0 0 1 0 0 0 1]"
1,0.013596843921209929,"[1 0 1 0 0 1 1 0 1 0 0 1 0 0 0 0 1 0 1 0 0 1 0 0 1 0 0 0 0 1 1 1 0 1 0 0 1 0 1 1]"
1,0.05920912495175663,"[1 1 0 0 0 0 0 0 1 1 1 1 0 1 1 1 0 0 0 1 0 0 1 0 1 0 0 0 1 1 1 1 1 1 0 0 1 1 0 0]"
1,0.39906980310687057,"[1 1 1 0 1 0 0 1 1 0 0 0 0 1 1 1 1 1 1 1 1 0 1 0 1 0 1 0 0 1 0 1 0 0 1 0 1 1 0 1]"
1,0.06233120338057859,"[1 1 0 0 0 0 0 1 1 1 1 1 0 1 0 1 1 0 0 1 0 0 1 0 0 0 0 0 0 0 0 0 1 1 1 0 1 0 0 0]"
1,0.010066733775386012,"[1 0 1 0 0 0 0 1 1 0 1 0 0 0 0 1 1 1 1 0 1 1 1 0 1 1 0 0 0 1 0 1 1 1 0 0 1 1 0 1]"
1,0.06243170330014816,"[1 1 0 0 0 0 0 1 1 1 1 1 1 1 0 1 1 0 0 1 0 0 1 0 0 0 0 0 0 1 1 1 1 1 1 0 1 0 0 0]"
1,0.1616442932473793,"[1 1 0 1 0 1 0 1 0 1 0 1 1 0 1 0 0 0 0 0 0 1 0 1 1 0 1 0 0 0 1 1 1 1 0 1 0 1 0 1]"
1,0.3843669692745619,"[1 1 1 0 1 0 0 0 1 0 1 0 0 1 1 1 1 1 1 1 1 0 1 0 1 0 1 0 0 1 0 1 0 0 1 0 1 0 0 1]"
1,0.9286018597759478,"[1 1 1 1 1 1 1 0 0 0 0 1 1 1 0 0 0 1 0 1 0 1 0 1 1 0 0 1 1 0 0 0 1 0 0 0 0 0 0 0]"
1,0.03735959158077593,"[1 0 1 1 1 0 0 0 0 1 0 0 0 1 1 1 1 1 1 0 0 1 0 0 1 1 1 1 0 1 1 1 0 0 1 1 0 1 1 0]"
1,0.29130750771202923,"[1 1 1 0 0 0 1 0 0 1 0 0 1 0 1 1 1 0 0 0 1 0 1 1 0 0 0 1 0 1 1 0 1 0 0 1 0 0 1 0]"
1,0.3770364540826527,"[1 1 1 0 1 0 0 0 0 0 1 1 0 1 0 1 0 1 1 0 0 1 1 0 1 1 0 0 1 0 1 0 0 1 1 0 1 1 1 0]"
1,0.012873153345939626,"[1 0 1 0 0 1 0 1 1 0 1 0 1 0 0 0 0 0 0 0 1 1 1 1 1 1 0 1 0 1 1 1 0 0 1 0 0 0 1 1]"
1,0.06243170944004137,"[1 1 0 0 0 0 0 1 1 1 1 1 1 1 0 1 1 0 0 1 0 0 1 0 0 0 1 0 0 1 1 1 1 1 1 0 1 0 1 0]"
2,0.8840995995543456,"[1 1 1 1 1 1 0 0 1 1 0 1 1 1 0 1 1 0 1 0 0 1 0 0 1 0 1 0 1 0 1 1 0 1 1 0 1 1 0 1]"
2,0.8253839886162794,"[1 1 1 1 1 0 1 1 0 0 1 0 0 0 1 0 0 1 0 0 1 1 1 1 1 1 1 0 1 0 1 1 0 0 0 0 1 1 1 0]"
2,0.941265237269543,"[1 1 1 1 1 1 1 0 0 1 1 1 0 1 0 0 1 0 0 0 0 0 0 1 1 0 1 1 1 0 0 0 1 0 1 0 0 0 1 0]"
2,0.5948634310486552,"[1 1 1 1 0 0 1 1 0 0 0 0 1 0 1 0 1 1 0 0 1 1 0 1 1 1 0 0 1 0 1 1 0 0 0 0 1 1 0 0]"
2,0.3422433782767297,"[1 1 1 0 0 1 0 1 1 1 1 1 1 0 0 0 1 0 1 0 0 0 0 1 0 0 1 1 1 0 1 1 1 1 1 1 1 0 0 0]"
2,0.3957643702926771,"[1 1 1 0 1 0 0 1 0 1 0 1 0 1 1 0 0 1 0 0 0 1 1 0 1 0 0 0 0 0 0 0 1 1 1 1 0 1 1 0]"
2,0.38681297100278533,"[1 1 1 0 1 0 0 0 1 1 0 0 1 1 0 1 1 1 0 0 0 1 0 1 1 1 1 1 0 0 1 1 1 0 1 1 0 0 1 1]"
2,0.8653786411038817,"[1 1 1 1 1 1 0 0 0 1 0 1 0 0 1 1 0 0 1 1 1 1 1 0 1 0 1 0 0 1 0 1 0 0 0 1 1 1 0 1]"
2,0.5971140956520412,"[1 1 1 1 0 0 1 1 0 0 1 0 0 0 1 0 0 1 0 0 1 1 0 1 1 1 1 0 1 0 1 1 0 0 0 0 1 1 1 0]"
2,0.21120141739056342,"[1 1 0 1 1 0 1 1 0 0 1 0 0 0 1 0 0 1 0 0 1 0 0 1 1 1 1 0 1 0 1 1 0 0 0 0 1 1 1 0]"
2,0.7619548733891073,"[1 1 1 1 1 0 0 1 0 0 1 0 0 0 1 0 0 1 0 0 1 0 0 1 1 0 1 0 1 0 1 1 0 1 0 0 1 0 1 0]"
2,0.40324874624564394,"[1 1 1 0 1 0 0 1 1 1 0 0 0 1 1 0 0 1 0 0 1 0 1 0 0 1 0 0 0 0 0 1 1 0 1 1 0 1 0 0]"
2,0.37872090238906486,"[1 1 1 0 1 0 0 0 0 1 0 0 1 1 1 1 1 1 1 0 0 1 1 1 1 1 1 1 0 1 1 1 0 0 1 1 0 1 1 1]"
2,0.3706308598499072,"[1 1 1 0 0 1 1 1 1 1 0 0 1 1 1 1 1 0 1 0 0 0 0 0 1 0 0 1 0 1 0 1 1 0 1 0 0 0 1 0]"
2,0.3716313803863073,"[1 1 1 0 0 1 1 1 1 1 0 1 1 1 1 1 1 0 1 0 0 0 0 0 1 0 1 1 0 0 0 1 1 0 0 0 0 0 1 0]"
2,0.34130722819519776,"[1 1 1 0 0 1 0 1 1 1 1 0 1 0 0 0 1 0 0 0 0 0 0 1 1 0 0 1 1 1 1 0 1 1 1 1 1 0 1 0]"
2,0.2875097185697653,"[1 1 1 0 0 0 0 1 1 1 1 1 1 1 1 1 1 0 0 1 0 0 1 0 0 0 1 0 0 1 1 1 1 1 1 0 0 0 1 0]"
2,0.40875961589480797,"[1 1 1 0 1 0 1 0 0 0 0 1 0 1 1 1 1 0 0 1 0 1 0 0 0 0 0 1 0 0 1 1 0 0 0 1 0 1 1 1]"
2,0.3990677191340801,"[1 1 1 0 1 0 0 1 1 0 0 0 0 1 1 1 1 1 1 1 0 0 1 0 1 0 1 0 0 1 1 1 0 0 1 0 1 0 0 1]"
2,0.059209312231364775,"[1 1 0 0 0 0 0 0 1 1 1 1 0 1 1 1 0 0 0 1 0 1 1 0 1 0 0 0 1 1 1 1 1 1 0 0 1 1 0 0]"
2,0.8834809352698838,"[1 1 1 1 1 1 0 0 1 1 0 1 1 0 0 1 0 0 0 1 1 1 0 0 1 0 1 0 1 0 0 1 1 0 0 1 1 0 0 1]"
2,0.24171275113912505,"[1 1 0 1 1 1 1 0 0 0 0 1 1 1 0 0 0 1 1 0 0 1 0 1 1 0 0 1 1 0 1 0 1 0 0 0 1 1 0 0]"
2,0.01782228681310598,"[1 0 1 0 1 0 1 1 0 0 1 0 0 0 1 0 0 1 0 0 1 1 0 1 1 1 1 1 1 1 1 1 0 1 0 0 1 1 0 0]"
2,0.28289016647290155,"[1 1 1 0 0 0 0 1 1 0 1 0 0 0 0 1 1 1 1 0 1 1 1 0 1 1 0 0 0 0 0 1 1 0 0 0 1 1 1 1]"
2,0.39906928160745697,"[1 1 1 0 1 0 0 1 1 0 0 0 0 1 1 1 1 1 1 1 1 0 0 0 1 0 1 0 0 1 0 1 0 0 1 0 1 1 0 1]"
2,0.6812537845861287,"[1 1 1 1 0 1 1 0 0 1 0 1 1 1 0 0 0 1 0 0 0 0 0 1 1 0 0 1 1 0 0 0 1 0 1 0 0 1 0 0]"
2,0.37138772433917566,"[1 1 1 0 0 1 1 1 1 1 0 1 1 0 1 1 1 0 1 1 1 1 0 0 0 0 0 1 0 1 1 0 0 0 0 0 0 0 1 0]"
2,0.9289052415847376,"[1 1 1 1 1 1 1 0 0 0 0 1 1 1 1 0 0 1 1 1 0 1 0 1 1 0 0 1 1 0 0 0 1 0 0 0 1 0 0 0]"
2,0.8003064124234321,"[1 1 1 1 1 0 1 0 0 1 0 1 1 1 0 0 0 1 0 0 0 0 0 1 1 0 0 1 1 0 0 0 1 0 1 0 0 0 0 0]"
2,0.3863295280642504,"[1 1 1 0 1 0 0 0 1 1 0 0 0 1 1 0 0 1 0 1 0 0 1 0 0 0 0 0 1 0 0 1 1 1 1 1 1 0 0 0]"
2,0.45808769037532,"[1 1 1 0 1 1 0 0 1 1 0 0 0 1 1 0 0 1 0 0 0 0 1 0 0 0 0 0 1 0 0 0 1 0 1 1 0 1 0 0]"
2,0.9286018597759478,"[1 1 1 1 1 1 1 0 0 0 0 1 1 1 0 0 0 1 0 1 0 1 0 1 1 0 0 1 1 0 0 0 1 0 0 0 0 0 0 0]"
2,0.7741914065099044,"[1 1 1 1 1 0 0 1 1 0 0 0 0 1 1 1 1 1 1 1 1 0 1 0 1 0 1 0 0 1 0 1 0 0 1 0 1 1 0 1]"
2,0.2943523733943593,"[1 1 1 0 0 0 1 0 1 0 0 0 0 1 1 1 1 1 0 1 0 0 0 0 0 0 0 1 0 0 1 1 1 0 0 1 0 0 1 1]"
2,0.29090547934200417,"[1 1 1 0 0 0 1 0 0 1 0 0 0 0 1 1 1 0 0 0 1 0 1 1 0 0 0 1 0 1 1 0 1 0 0 1 0 0 1 0]"
2,0.2951662982980144,"[1 1 1 0 0 0 1 0 1 0 0 1 0 1 1 1 1 1 0 1 0 1 0 0 0 0 0 1 0 0 1 1 0 0 0 1 0 1 1 1]"
2,0.24169880166642935,"[1 1 0 1 1 1 1 0 0 0 0 1 1 1 0 0 0 0 0 1 0 0 0 1 1 0 0 1 1 0 0 0 1 0 0 1 0 0 0 0]"
2,0.2417094209654679,"[1 1 0 1 1 1 1 0 0 0 0 1 1 1 0 0 0 1 0 1 0 0 0 1 1 0 0 0 1 1 0 0 1 0 0 0 0 0 0 0]"
2,0.40875961588667686,"[1 1 1 0 1 0 1 0 0 0 0 1 0 1 1 1 1 0 0 1 0 1 0 0 0 0 0 1 0 0 1 1 0 0 0 1 0 1 0 1]"
2,0.3770364540826527,"[1 1 1 0 1 0 0 0 0 0 1 1 0 1 0 1 0 1 1 0 0 1 1 0 1 1 0 0 1 0 1 0 0 1 1 0 1 1 1 0]"
2,0.9380550307076657,"[1 1 1 1 1 1 1 0 0 1 0 1 1 1 1 0 0 1 0 0 0 0 0 1 1 0 0 1 1 0 0 0 1 0 1 0 0 0 0 0]"
2,0.2951662982858827,"[1 1 1 0 0 0 1 0 1 0 0 1 0 1 1 1 1 1 0 1 0 1 0 0 0 0 0 1 0 0 1 1 0 0 0 1 0 0 1 1]"
2,0.2913072990106051,"[1 1 1 0 0 0 1 0 0 1 0 0 1 0 1 1 1 0 0 0 1 0 1 0 0 0 0 0 0 1 1 0 1 0 0 1 0 0 1 0]"
2,0.8253829229303737,"[1 1 1 1 1 0 1 1 0 0 1 0 0 0 1 0 0 1 0 0 1 1 0 1 1 1 0 0 1 0 1 1 0 0 0 0 1 1 1 0]"
2,0.37703645408643316,"[1 1 1 0 1 0 0 0 0 0 1 1 0 1 0 1 0 1 1 0 0 1 1 0 1 1 0 0 1 0 1 0 0 1 1 0 1 1 1 1]"
2,0.8841001327900078,"[1 1 1 1 1 1 0 0 1 1 0 1 1 1 0 1 1 0 1 0 0 1 0 1 1 0 1 0 1 0 1 1 0 1 0 0 1 1 0 1]"
2,0.06681802446738688,"[1 1 0 0 0 0 1 1 0 1 0 0 1 1 1 1 1 1 1 0 1 0 1 1 0 0 0 0 1 1 1 0 1 0 0 0 0 0 0 1]"
2,0.39576838278004633,"[1 1 1 0 1 0 0 1 0 1 0 1 0 1 1 0 0 1 0 1 0 1 1 0 0 0 0 0 0 0 0 1 1 1 1 1 0 0 0 0]"
2,0.3770364521470548,"[1 1 1 0 1 0 0 0 0 0 1 1 0 1 0 1 0 1 1 0 0 1 1 0 1 1 0 0 1 0 0 0 0 1 1 0 1 1 1 0]"
2,0.08915128568054652,"[1 1 0 0 1 0 0 1 0 0 0 0 0 1 1 0 1 0 1 1 0 1 1 0 1 1 1 1 0 1 0 1 0 0 1 1 0 1 1 1]"
3,0.883963300779556,"[1 1 1 1 1 1 0 0 1 1 0 1 1 1 0 0 1 0 1 0 0 1 0 1 0 0 1 0 1 0 1 1 0 1 1 0 1 1 0 1]"
3,0.5963947482662862,"[1 1 1 1 0 0 1 1 0 0 0 1 1 0 1 0 1 1 0 0 1 1 0 1 0 1 0 0 1 0 1 1 0 0 0 1 1 1 0 0]"
3,0.7537933331041416,"[1 1 1 1 1 0 0 0 1 1 0 1 1 1 0 1 1 0 1 0 0 1 0 0 0 0 1 0 1 0 1 1 0 1 1 0 1 1 0 1]"
3,0.9380550307076657,"[1 1 1 1 1 1 1 0 0 1 0 1 1 1 1 0 0 1 0 0 0 0 0 1 1 0 0 1 1 0 0 0 1 0 1 0 0 0 0 0]"
3,0.40875961588667686,"[1 1 1 0 1 0 1 0 0 0 0 1 0 1 1 1 1 0 0 1 0 1 0 0 0 0 0 1 0 0 1 1 0 0 0 1 0 1 0 1]"
3,0.37138821316613213,"[1 1 1 0 0 1 1 1 1 1 0 1 1 0 1 1 1 0 1 1 1 1 1 0 0 0 0 1 0 1 1 0 0 0 0 0 0 0 1 0]"
3,0.3863295280642504,"[1 1 1 0 1 0 0 0 1 1 0 0 0 1 1 0 0 1 0 1 0 0 1 0 0 0 0 0 1 0 0 1 1 1 1 1 1 0 0 0]"
3,0.3833336559952044,"[1 1 1 0 1 0 0 0 1 0 0 1 0 1 1 1 1 1 1 1 0 0 1 0 1 0 1 0 0 1 1 1 0 1 1 0 1 0 0 1]"
3,0.9366514846541188,"[1 1 1 1 1 1 1 0 0 1 0 1 0 1 0 0 1 0 0 0 0 0 0 1 1 0 1 0 1 0 0 0 1 0 1 0 1 1 1 0]"
3,0.9411929909228919,"[1 1 1 1 1 1 1 0 0 1 1 1 0 1 0 0 0 0 0 0 0 0 0 1 1 0 1 1 1 0 0 0 1 0 1 0 0 0 1 0]"
3,0.7741914065099044,"[1 1 1 1 1 0 0 1 1 0 0 0 0 1 1 1 1 1 1 1 1 0 1 0 1 0 1 0 0 1 0 1 0 0 1 0 1 1 0 1]"
3,0.9381270602350037,"[1 1 1 1 1 1 1 0 0 1 0 1 1 1 1 0 1 1 0 0 0 0 0 1 1 0 0 1 1 0 0 0 1 0 1 0 0 0 0 0]"
3,0.29761703834000997,"[1 1 1 0 0 0 1 0 1 1 0 0 0 1 1 1 1 1 0 1 0 0 0 0 0 0 0 1 0 0 1 1 1 0 0 0 0 0 1 1]"
3,0.8753981149758956,"[1 1 1 1 1 1 0 0 1 0 0 1 1 1 0 1 1 0 1 0 0 1 0 1 1 0 1 0 1 0 1 1 0 1 0 1 1 1 0 1]"
3,0.9412652373212194,"[1 1 1 1 1 1 1 0 0 1 1 1 0 1 0 0 1 0 0 0 0 0 0 1 1 0 1 1 1 0 0 0 1 0 1 0 1 0 0 0]"
3,0.5971140958350204,"[1 1 1 1 0 0 1 1 0 0 1 0 0 0 1 0 0 1 0 0 1 1 0 1 1 1 1 0 1 0 1 1 0 0 1 0 1 1 1 0]"
3,0.9380550307076657,"[1 1 1 1 1 1 1 0 0 1 0 1 1 1 1 0 0 1 0 0 0 0 0 1 1 0 0 1 1 0 0 0 1 0 1 0 0 0 0 0]"
3,0.3413072281122428,"[1 1 1 0 0 1 0 1 1 1 1 0 1 0 0 0 1 0 0 0 0 0 0 1 1 0 0 1 1 1 1 0 1 1 1 0 0 0 1 0]"
3,0.3941194552028392,"[1 1 1 0 1 0 0 1 0 0 1 1 1 1 0 1 0 1 1 0 0 1 1 0 1 1 0 0 1 0 0 0 0 1 1 0 1 1 1 0]"
3,0.05160303021243685,"[1 0 1 1 1 1 1 0 0 1 0 1 0 1 0 0 1 0 0 0 0 0 0 1 1 0 1 1 1 0 0 0 1 0 1 0 0 0 1 0]"
3,0.04672556231889752,"[1 0 1 1 1 1 0 0 0 1 1 1 0 0 1 1 0 0 0 1 1 1 1 0 1 0 1 0 0 1 0 1 0 0 0 1 1 1 0 1]"
3,0.39576838278004633,"[1 1 1 0 1 0 0 1 0 1 0 1 0 1 1 0 0 1 0 1 0 1 1 0 0 0 0 0 0 0 0 1 1 1 1 1 0 0 0 0]"
3,0.37703645408643316,"[1 1 1 0 1 0 0 0 0 0 1 1 0 1 0 1 0 1 1 0 0 1 1 0 1 1 0 0 1 0 1 0 0 1 1 0 1 1 1 1]"
3,0.8253809800831041,"[1 1 1 1 1 0 1 1 0 0 1 0 0 0 1 0 0 1 0 0 1 0 0 1 1 1 1 0 1 0 1 1 0 1 0 0 1 0 1 0]"
3,0.8464143734652626,"[1 1 1 1 1 0 1 1 1 1 0 0 0 1 0 0 0 1 0 0 0 1 0 1 1 0 1 1 1 0 0 0 1 1 1 0 0 0 0 0]"
3,0.3157368351472593,"[1 1 1 0 0 1 0 0 0 0 0 1 1 1 1 1 1 1 1 1 0 0 1 0 1 0 0 0 0 1 1 1 0 0 1 0 1 1 0 1]"
3,0.7741911624188771,"[1 1 1 1 1 0 0 1 1 0 0 0 0 1 1 1 1 1 1 1 1 0 1 0 0 0 1 0 0 0 0 1 0 0 1 0 1 1 1 1]"
3,0.3413090403782561,"[1 1 1 0 0 1 0 1 1 1 1 0 1 0 0 0 1 0 0 0 1 0 0 1 1 0 0 1 1 1 1 0 1 1 1 1 1 0 1 0]"
3,0.09053918180099635,"[1 1 0 0 1 0 0 1 0 1 0 1 0 1 1 0 0 1 0 0 0 1 1 0 1 0 0 0 0 0 0 0 1 1 1 1 0 1 1 0]"
3,0.9755921631119857,"[1 1 1 1 1 1 1 1 0 1 0 1 1 1 1 0 0 1 0 0 0 0 0 1 1 0 0 1 1 0 0 0 1 0 1 0 0 0 0 0]"
3,0.40875961588667686,"[1 1 1 0 1 0 1 0 0 0 0 1 0 1 1 1 1 0 0 1 0 1 0 0 0 0 0 1 0 0 1 1 0 0 0 1 0 1 0 1]"
3,0.9289052421294339,"[1 1 1 1 1 1 1 0 0 0 0 1 1 1 1 0 0 1 1 1 0 1 0 1 1 0 0 1 1 0 0 0 1 1 0 0 1 0 0 0]"
3,0.39359172334465625,"[1 1 1 0 1 0 0 1 0 0 1 1 0 1 0 1 0 1 1 0 0 1 1 0 1 1 0 0 1 0 0 0 0 1 1 0 1 1 1 0]"
3,0.9286018600482159,"[1 1 1 1 1 1 1 0 0 0 0 1 1 1 0 0 0 1 0 1 0 1 0 1 1 0 0 1 1 0 0 0 1 0 1 0 0 0 0 0]"
3,0.88348093529429,"[1 1 1 1 1 1 0 0 1 1 0 1 1 0 0 1 0 0 0 1 1 1 0 0 1 0 1 0 1 0 0 1 1 0 0 1 1 1 0 0]"
3,0.9285996380792273,"[1 1 1 1 1 1 1 0 0 0 0 1 1 1 0 0 0 1 0 1 0 0 0 1 1 0 0 1 1 1 0 0 1 0 0 0 0 0 0 1]"
3,0.8652779086911448,"[1 1 1 1 1 1 0 0 0 1 0 1 0 0 1 0 0 1 1 1 1 1 1 0 0 0 1 0 0 1 0 1 1 0 0 1 1 1 0 1]"
3,0.00013191094786497306,"[0 1 1 0 1 0 0 0 1 1 0 0 0 1 1 1 0 0 0 0 1 0 1 0 1 0 0 0 0 1 0 0 0 0 1 1 0 1 0 0]"
3,0.8835491154087918,"[1 1 1 1 1 1 0 0 1 1 0 1 1 0 0 1 1 0 0 1 1 1 0 0 1 0 0 0 1 0 0 1 1 0 0 1 0 0 0 1]"
3,0.8003064124234321,"[1 1 1 1 1 0 1 0 0 1 0 1 1 1 0 0 0 1 0 0 0 0 0 1 1 0 0 1 1 0 0 0 1 0 1 0 0 0 0 0]"
3,0.2112017207108709,"[1 1 0 1 1 0 1 1 0 0 1 0 0 0 1 0 0 1 0 0 1 0 1 1 1 1 1 1 1 0 1 1 0 0 0 0 1 1 1 0]"
3,0.3422433782836597,"[1 1 1 0 0 1 0 1 1 1 1 1 1 0 0 0 1 0 1 0 0 0 0 1 0 0 1 1 1 0 1 1 1 1 1 1 1 0 1 0]"
3,0.8003064124829739,"[1 1 1 1 1 0 1 0 0 1 0 1 1 1 0 0 0 1 0 0 0 0 0 1 1 0 0 1 1 0 0 0 1 0 1 0 1 0 0 0]"
3,0.8653765478342285,"[1 1 1 1 1 1 0 0 0 1 0 1 0 0 1 1 0 0 1 1 1 0 1 0 1 0 1 0 0 1 0 1 0 0 0 1 1 1 0 1]"
3,0.8840995995543456,"[1 1 1 1 1 1 0 0 1 1 0 1 1 1 0 1 1 0 1 0 0 1 0 0 1 0 1 0 1 0 1 1 0 1 1 0 1 1 0 1]"
3,0.3713877243690113,"[1 1 1 0 0 1 1 1 1 1 0 1 1 0 1 1 1 0 1 1 1 1 0 0 0 0 0 1 0 1 1 0 0 0 0 0 1 0 1 0]"
3,0.4298862463452818,"[1 1 1 0 1 0 1 1 0 1 0 0 0 1 1 0 0 1 0 1 0 1 1 0 0 0 0 0 0 0 0 1 1 1 1 1 0 0 0 0]"
3,0.3822003448599642,"[1 1 1 0 1 0 0 0 1 0 0 0 0 1 1 0 0 1 0 1 0 0 1 0 0 0 0 0 1 0 0 1 1 1 1 1 1 0 0 0]"
3,0.0013096516322924328,"[1 0 0 0 0 0 1 1 1 1 0 0 1 1 1 1 1 1 1 0 1 0 1 1 0 0 0 0 1 1 1 0 1 0 0 0 0 0 1 1]"
3,0.7619548733891073,"[1 1 1 1 1 0 0 1 0 0 1 0 0 0 1 0 0 1 0 0 1 0 0 1 1 0 1 0 1 0 1 1 0 1 0 0 1 0 1 0]"
4,0.8653765478342285,"[1 1 1 1 1 1 0 0 0 1 0 1 0 0 1 1 0 0 1 1 1 0 1 0 1 0 1 0 0 1 0 1 0 0 0 1 1 1 0 1]"
4,0.9286018600482159,"[1 1 1 1 1 1 1 0 0 0 0 1 1 1 0 0 0 1 0 1 0 1 0 1 1 0 0 1 1 0 0 0 1 0 1 0 0 0 0 0]"
4,0.39576838278004633,"[1 1 1 0 1 0 0 1 0 1 0 1 0 1 1 0 0 1 0 1 0 1 1 0 0 0 0 0 0 0 0 1 1 1 1 1 0 0 0 0]"
4,0.39359172334465625,"[1 1 1 0 1 0 0 1 0 0 1 1 0 1 0 1 0 1 1 0 0 1 1 0 1 1 0 0 1 0 0 0 0 1 1 0 1 1 1 0]"
4,0.5964905849774261,"[1 1 1 1 0 0 1 1 0 0 0 1 1 0 1 1 1 1 0 0 1 1 0 1 0 1 0 0 1 0 1 1 0 0 0 1 1 1 0 0]"
4,0.8753977926288657,"[1 1 1 1 1 1 0 0 1 0 0 1 1 1 0 1 1 0 1 0 0 1 0 1 0 0 0 0 1 1 1 1 0 1 0 0 1 1 0 1]"
4,0.874784405423423,"[1 1 1 1 1 1 0 0 1 0 0 1 1 0 0 1 0 0 0 1 1 1 0 0 1 0 1 0 1 0 0 1 1 0 0 1 1 1 0 0]"
4,0.9412652373212194,"[1 1 1 1 1 1 1 0 0 1 1 1 0 1 0 0 1 0 0 0 0 0 0 1 1 0 1 1 1 0 0 0 1 0 1 0 1 0 0 0]"
4,0.8668646283655823,"[1 1 1 1 1 1 0 0 0 1 0 1 1 1 1 0 0 1 0 1 0 1 0 0 0 0 0 0 0 0 0 0 1 0 1 0 1 0 0 1]"
4,0.9271988463883163,"[1 1 1 1 1 1 1 0 0 0 0 1 0 0 1 0 0 1 1 1 1 1 1 1 1 0 1 1 1 1 0 1 1 1 0 1 0 1 0 0]"
4,0.9948630237193762,"[1 1 1 1 1 1 1 1 1 1 0 1 1 1 1 0 0 1 0 0 0 0 0 1 1 0 0 1 1 0 0 0 1 0 1 0 0 0 0 0]"
4,3.0018689545634197e-05,"[0 1 0 1 1 0 1 0 0 1 0 1 1 1 0 0 0 1 0 1 0 0 0 0 1 0 1 1 1 0 0 0 1 0 1 0 1 0 0 0]"
4,0.7652003356848189,"[1 1 1 1 1 0 0 1 0 0 1 1 1 1 0 1 0 1 1 0 0 1 1 0 1 1 0 0 1 0 0 0 0 1 1 0 0 1 1 0]"
4,0.8837710171917043,"[1 1 1 1 1 1 0 0 1 1 0 1 1 0 1 1 0 0 1 1 1 1 0 0 1 0 1 0 1 0 0 1 1 0 0 1 1 1 0 0]"
4,0.8005561832537583,"[1 1 1 1 1 0 1 0 0 1 0 1 1 1 1 0 0 1 0 0 0 0 0 1 1 0 0 1 1 0 0 0 1 0 1 0 0 0 0 0]"
4,0.9412832994121111,"[1 1 1 1 1 1 1 0 0 1 1 1 0 1 0 0 1 0 1 0 0 0 0 1 1 0 1 1 1 0 0 0 1 0 0 0 1 0 0 0]"
4,0.875397586466244,"[1 1 1 1 1 1 0 0 1 0 0 1 1 1 0 1 1 0 1 0 0 1 0 0 1 0 1 0 1 0 1 1 0 1 1 1 1 1 0 1]"
4,0.8840995992938495,"[1 1 1 1 1 1 0 0 1 1 0 1 1 1 0 1 1 0 1 0 0 1 0 0 1 0 1 0 1 0 1 1 0 1 0 0 1 1 0 1]"
4,0.8300207932185066,"[1 1 1 1 1 0 1 1 0 1 0 0 0 1 1 0 0 1 0 1 0 1 1 0 1 0 0 0 0 0 0 1 1 1 1 1 0 0 0 0]"
4,0.4846163090642749,"[1 1 1 0 1 1 1 0 0 0 0 1 1 1 0 0 0 1 1 1 0 1 0 1 1 0 0 1 1 0 0 0 1 0 1 0 0 0 0 0]"
4,0.038471679702979183,"[1 0 1 1 1 0 0 0 1 1 0 1 0 0 1 0 0 1 1 1 1 0 1 0 0 0 1 0 0 1 1 1 1 1 0 1 1 0 0 1]"
4,0.4474467948642936,"[1 1 1 0 1 1 0 0 0 0 1 1 0 1 1 1 1 1 1 1 0 1 1 0 1 0 1 0 1 1 0 1 0 0 1 0 1 1 0 1]"
4,0.9288963897972831,"[1 1 1 1 1 1 1 0 0 0 0 1 1 1 1 0 0 1 1 0 0 1 0 1 1 0 1 1 1 0 0 1 1 1 0 0 1 1 0 0]"
4,0.8839717667739013,"[1 1 1 1 1 1 0 0 1 1 0 1 1 1 0 0 1 0 1 1 0 1 0 1 0 0 0 0 1 0 1 0 0 1 1 0 1 0 0 1]"
4,0.8841081365696413,"[1 1 1 1 1 1 0 0 1 1 0 1 1 1 0 1 1 0 1 1 0 1 0 0 1 0 1 0 1 0 1 1 1 1 1 0 1 1 0 1]"
4,0.9288830696198519,"[1 1 1 1 1 1 1 0 0 0 0 1 1 1 1 0 0 1 0 0 1 1 0 1 1 1 0 1 1 0 0 0 0 0 1 0 0 0 0 0]"
4,0.4218141331856916,"[1 1 1 0 1 0 1 0 1 1 0 1 0 1 0 0 0 1 0 0 0 1 0 1 1 0 1 1 1 0 0 0 1 1 1 0 0 1 0 0]"
4,0.7632836642866379,"[1 1 1 1 1 0 0 1 0 0 1 0 1 1 0 1 0 1 1 0 0 1 1 0 1 1 0 0 1 0 0 0 0 1 1 0 1 0 1 0]"
4,0.5436901916252813,"[1 1 1 1 0 0 0 0 1 1 0 1 1 1 0 1 1 0 1 0 0 1 0 0 0 0 1 0 1 0 1 1 0 1 1 1 1 1 0 1]"
4,0.8653755012170811,"[1 1 1 1 1 1 0 0 0 1 0 1 0 0 1 1 0 0 1 1 1 0 0 0 1 0 1 0 0 1 0 1 0 0 0 1 1 1 1 1]"
4,0.9380904821357795,"[1 1 1 1 1 1 1 0 0 1 0 1 1 1 1 0 1 0 0 0 0 0 0 0 1 0 0 1 1 0 0 0 1 0 1 0 0 0 1 0]"
4,0.8839611670939125,"[1 1 1 1 1 1 0 0 1 1 0 1 1 1 0 0 1 0 1 0 0 0 0 1 0 0 1 0 1 0 1 1 0 1 1 0 1 1 0 1]"
4,0.8883428273044932,"[1 1 1 1 1 1 0 0 1 1 1 1 1 1 0 0 1 0 1 0 0 1 0 1 0 0 1 0 1 0 1 1 0 1 1 0 1 1 0 1]"
4,0.9749953636019623,"[1 1 1 1 1 1 1 1 0 1 0 1 1 0 1 0 0 1 0 0 0 0 0 1 1 0 0 0 1 0 0 0 1 0 1 0 0 0 0 0]"
4,0.9381270600289184,"[1 1 1 1 1 1 1 0 0 1 0 1 1 1 1 0 1 1 0 0 0 0 0 1 1 0 0 1 1 0 0 0 1 0 0 0 1 0 0 0]"
4,0.7741913991127678,"[1 1 1 1 1 0 0 1 1 0 0 0 0 1 1 1 1 1 1 1 1 0 1 0 1 0 1 0 0 0 0 1 0 0 1 0 1 1 0 1]"
4,0.0007038406086286753,"[0 1 1 1 1 0 1 1 1 1 1 0 0 0 0 0 0 1 0 0 0 1 0 1 1 0 1 1 1 0 0 0 1 1 1 0 0 0 0 0]"
4,0.6778118012047499,"[1 1 1 1 0 1 1 0 0 0 1 1 1 1 0 0 0 1 0 1 0 0 0 1 1 0 0 1 1 1 0 0 1 0 0 0 0 0 0 1]"
4,0.3941194552028392,"[1 1 1 0 1 0 0 1 0 0 1 1 1 1 0 1 0 1 1 0 0 1 1 0 1 1 0 0 1 0 0 0 0 1 1 0 1 1 1 0]"
4,0.37703645408643316,"[1 1 1 0 1 0 0 0 0 0 1 1 0 1 0 1 0 1 1 0 0 1 1 0 1 1 0 0 1 0 1 0 0 1 1 0 1 1 1 1]"
4,0.3831634121207875,"[1 1 1 0 1 0 0 0 1 0 0 1 0 1 0 1 0 1 0 0 1 1 0 1 1 0 0 0 1 0 1 1 0 1 0 1 1 1 0 1]"
4,0.8733763898891637,"[1 1 1 1 1 1 0 0 1 0 0 0 1 1 1 0 1 0 1 1 0 0 1 0 0 0 1 1 1 0 0 1 1 1 1 1 1 0 0 0]"
4,0.9380550307076657,"[1 1 1 1 1 1 1 0 0 1 0 1 1 1 1 0 0 1 0 0 0 0 0 1 1 0 0 1 1 0 0 0 1 0 1 0 0 0 0 0]"
4,0.8838952918304711,"[1 1 1 1 1 1 0 0 1 1 0 1 1 1 0 0 0 0 1 0 0 1 0 1 1 0 1 0 1 0 1 1 0 1 1 0 1 1 0 1]"
4,0.37138051428341634,"[1 1 1 0 0 1 1 1 1 1 0 1 1 0 1 1 1 0 0 1 1 1 1 0 1 0 0 1 0 1 1 0 0 0 0 1 0 1 1 0]"
4,0.9380550307076657,"[1 1 1 1 1 1 1 0 0 1 0 1 1 1 1 0 0 1 0 0 0 0 0 1 1 0 0 1 1 0 0 0 1 0 1 0 0 0 0 0]"
4,0.39576864158776137,"[1 1 1 0 1 0 0 1 0 1 0 1 0 1 1 0 0 1 0 1 0 1 1 1 0 0 0 0 0 0 0 1 1 1 1 1 0 0 0 0]"
4,0.4494677536007326,"[1 1 1 0 1 1 0 0 0 1 0 1 0 0 1 1 0 0 1 1 1 0 0 0 1 0 1 0 0 1 0 1 0 0 0 1 1 1 0 1]"
4,0.0008934339977058773,"[0 1 1 1 1 1 1 0 1 1 0 1 1 1 0 1 1 1 0 0 0 1 0 0 1 0 1 0 1 0 0 1 1 1 1 0 1 1 0 1]"
4,0.781621423593478,"[1 1 1 1 1 0 0 1 1 1 0 0 0 1 0 1 0 0 0 0 0 1 0 1 1 0 1 1 1 0 1 0 0 1 1 0 0 0 0 0]"
5,0.6407886914620509,"[1 1 1 1 0 1 0 0 1 1 0 1 1 0 1 1 0 0 1 1 1 1 0 0 1 0 1 0 0 0 0 1 1 0 0 1 1 1 0 0]"
5,0.8297627637083085,"[1 1 1 1 1 0 1 1 0 1 0 0 0 1 0 0 0 1 0 1 0 1 1 0 1 0 0 0 0 0 0 1 1 1 1 1 0 0 0 0]"
5,0.05098992198410554,"[1 0 1 1 1 1 1 0 0 0 0 1 1 0 1 0 0 1 0 0 1 1 0 1 1 1 0 1 1 0 0 0 0 0 1 0 0 0 0 0]"
5,0.8300208247206573,"[1 1 1 1 1 0 1 1 0 1 0 0 0 1 1 0 0 1 0 1 0 1 1 0 1 0 0 1 0 0 0 1 1 1 1 1 0 0 0 0]"
5,0.9369931730135163,"[1 1 1 1 1 1 1 0 0 1 0 1 0 1 1 0 1 1 1 0 0 0 0 1 1 0 0 1 1 0 0 0 1 0 0 0 1 1 0 1]"
5,0.4453246242079301,"[1 1 1 0 1 1 0 0 0 0 0 1 1 0 1 1 0 0 1 1 1 0 0 0 1 0 1 0 0 1 0 1 0 0 0 1 1 0 0 1]"
5,0.7816367038523527,"[1 1 1 1 1 0 0 1 1 1 0 0 0 1 0 1 0 0 1 0 0 1 0 1 1 0 1 1 1 0 1 0 0 1 1 0 0 0 0 0]"
5,0.41360612374654887,"[1 1 1 0 1 0 1 0 0 1 0 1 1 1 1 0 0 1 0 0 0 0 0 1 1 0 0 0 1 0 0 0 1 0 1 0 0 0 0 0]"
5,0.9948630237193762,"[1 1 1 1 1 1 1 1 1 1 0 1 1 1 1 0 0 1 0 0 0 0 0 1 1 0 0 1 1 0 0 0 1 0 1 0 0 0 0 0]"
5,0.9288963899334559,"[1 1 1 1 1 1 1 0 0 0 0 1 1 1 1 0 0 1 1 0 0 1 0 1 1 0 1 1 1 0 0 1 1 1 0 1 1 1 0 0]"
5,0.9381270591530562,"[1 1 1 1 1 1 1 0 0 1 0 1 1 1 1 0 1 1 0 0 0 0 0 1 1 0 0 1 1 0 0 0 0 0 1 0 0 0 1 0]"
5,0.8134889491507836,"[1 1 1 1 1 0 1 0 1 1 0 0 0 1 0 1 0 0 0 0 1 1 0 1 1 0 1 1 1 0 1 1 1 1 0 1 1 0 0 0]"
5,0.9749954364289635,"[1 1 1 1 1 1 1 1 0 1 0 1 1 0 1 0 0 1 0 0 0 0 0 1 1 0 1 0 1 0 0 0 1 0 1 0 0 0 0 0]"
5,0.9412832994121111,"[1 1 1 1 1 1 1 0 0 1 1 1 0 1 0 0 1 0 1 0 0 0 0 1 1 0 1 1 1 0 0 0 1 0 0 0 1 0 0 0]"
5,0.9655656509035316,"[1 1 1 1 1 1 1 1 0 0 0 1 1 0 1 0 1 1 0 0 0 0 0 1 1 0 0 0 1 0 0 0 1 0 0 0 0 0 0 0]"
5,0.24402249635815612,"[1 1 0 1 1 1 1 0 0 1 0 1 0 0 1 0 0 1 1 1 1 1 1 1 1 0 1 1 1 1 0 1 1 1 1 1 0 1 0 0]"
5,0.39359172334465625,"[1 1 1 0 1 0 0 1 0 0 1 1 0 1 0 1 0 1 1 0 0 1 1 0 1 1 0 0 1 0 0 0 0 1 1 0 1 1 1 0]"
5,0.9749953636019623,"[1 1 1 1 1 1 1 1 0 1 0 1 1 0 1 0 0 1 0 0 0 0 0 1 1 0 0 0 1 0 0 0 1 0 1 0 0 0 0 0]"
5,0.928635317514781,"[1 1 1 1 1 1 1 0 0 0 0 1 1 1 0 0 1 0 0 1 0 0 0 1 1 0 0 1 1 0 0 0 1 1 1 0 1 0 0 1]"
5,0.8883085361084849,"[1 1 1 1 1 1 0 0 1 1 1 1 1 1 0 0 0 1 1 0 0 1 0 1 0 0 1 0 1 0 1 1 0 0 1 0 0 1 0 0]"
5,0.8841083334738621,"[1 1 1 1 1 1 0 0 1 1 0 1 1 1 0 1 1 0 1 1 0 1 0 1 0 0 0 0 1 0 1 0 0 1 1 0 1 0 0 1]"
5,0.875397586466244,"[1 1 1 1 1 1 0 0 1 0 0 1 1 1 0 1 1 0 1 0 0 1 0 0 1 0 1 0 1 0 1 1 0 1 1 1 1 1 0 1]"
5,0.8653755012170811,"[1 1 1 1 1 1 0 0 0 1 0 1 0 0 1 1 0 0 1 1 1 0 0 0 1 0 1 0 0 1 0 1 0 0 0 1 1 1 1 1]"
5,0.8839038239448699,"[1 1 1 1 1 1 0 0 1 1 0 1 1 1 0 0 0 0 1 1 0 1 0 1 1 0 1 0 1 0 1 0 0 1 1 0 1 1 0 1]"
5,0.9412652020434651,"[1 1 1 1 1 1 1 0 0 1 1 1 0 1 0 0 1 0 0 0 0 0 0 1 1 0 1 0 1 0 0 0 1 0 1 0 1 0 0 0]"
5,0.9333232781656216,"[1 1 1 1 1 1 1 0 0 0 1 1 1 1 0 1 0 1 0 1 0 1 0 1 1 0 0 1 1 0 0 1 1 1 1 0 0 0 0 0]"
5,0.8005869216207829,"[1 1 1 1 1 0 1 0 0 1 0 1 1 1 1 0 1 0 0 0 0 0 0 0 1 0 0 1 1 0 0 0 1 0 1 0 0 0 0 0]"
5,0.4846169301743488,"[1 1 1 0 1 1 1 0 0 0 0 1 1 1 0 0 0 1 1 1 0 1 1 1 1 0 0 1 1 0 0 0 1 0 1 0 0 0 0 0]"
5,0.865376545790022,"[1 1 1 1 1 1 0 0 0 1 0 1 0 0 1 1 0 0 1 1 1 0 1 0 1 0 1 0 0 1 0 0 0 0 0 1 1 1 0 1]"
5,0.8753977926207974,"[1 1 1 1 1 1 0 0 1 0 0 1 1 1 0 1 1 0 1 0 0 1 0 1 0 0 0 0 1 1 1 1 0 1 0 0 1 1 0 0]"
5,0.4493934613748886,"[1 1 1 0 1 1 0 0 0 1 0 1 0 0 1 0 0 0 1 1 1 0 0 0 1 0 1 0 0 0 0 1 0 0 0 0 1 1 0 1]"
5,0.9950908705046696,"[1 1 1 1 1 1 1 1 1 1 0 1 1 1 1 1 1 1 0 0 0 0 0 1 1 0 0 1 1 0 0 0 1 0 0 1 1 0 0 0]"
5,0.48990256840235946,"[1 1 1 0 1 1 1 0 0 1 0 1 1 1 1 0 1 0 1 0 0 0 0 0 1 0 0 1 1 0 0 0 1 0 1 0 0 0 1 0]"
5,0.0008935682553890286,"[0 1 1 1 1 1 1 0 1 1 0 1 1 1 1 0 0 1 0 0 0 0 0 1 1 0 0 1 1 0 0 0 1 0 0 0 0 0 0 0]"
5,0.8794117860014774,"[1 1 1 1 1 1 0 0 1 0 1 1 1 0 1 1 0 0 1 1 1 1 0 0 1 0 1 0 1 0 0 1 1 0 0 1 1 1 0 0]"
5,0.8839611670939125,"[1 1 1 1 1 1 0 0 1 1 0 1 1 1 0 0 1 0 1 0 0 0 0 1 0 0 1 0 1 0 1 1 0 1 1 0 1 1 0 1]"
5,0.9755921636812601,"[1 1 1 1 1 1 1 1 0 1 0 1 1 1 1 0 0 1 0 0 0 0 0 1 1 0 0 1 1 0 0 0 1 1 1 0 0 0 0 0]"
5,0.8667056563433262,"[1 1 1 1 1 1 0 0 0 1 0 1 1 1 0 1 0 0 1 0 0 1 0 0 1 0 1 0 1 0 1 1 0 1 0 0 1 1 0 1]"
5,0.4691621025477263,"[1 1 1 0 1 1 0 1 0 1 0 1 0 1 1 1 0 0 1 1 1 0 0 1 1 0 0 0 0 0 0 1 0 0 0 1 1 1 0 0]"
5,0.956144363557399,"[1 1 1 1 1 1 1 0 1 1 0 1 1 0 1 0 1 1 0 0 0 0 0 0 1 0 1 1 1 1 0 0 1 0 1 0 0 0 0 0]"
5,0.8838952928722388,"[1 1 1 1 1 1 0 0 1 1 0 1 1 1 0 0 0 0 1 0 0 1 0 1 1 0 1 0 1 0 1 1 1 1 1 0 1 1 0 1]"
5,0.9738028229455136,"[1 1 1 1 1 1 1 1 0 1 0 1 0 0 1 0 0 1 0 0 0 0 0 1 1 0 0 0 1 0 0 0 1 0 1 0 0 0 0 0]"
5,0.8668549816472587,"[1 1 1 1 1 1 0 0 0 1 0 1 1 1 1 0 0 1 0 0 0 0 0 1 1 0 0 1 1 0 0 0 1 1 1 0 0 0 0 0]"
5,0.8841081365696413,"[1 1 1 1 1 1 0 0 1 1 0 1 1 1 0 1 1 0 1 1 0 1 0 0 1 0 1 0 1 0 1 1 1 1 1 0 1 1 0 1]"
5,0.9412832994121111,"[1 1 1 1 1 1 1 0 0 1 1 1 0 1 0 0 1 0 1 0 0 0 0 1 1 0 1 1 1 0 0 0 1 0 0 0 1 0 0 0]"
5,0.4846163090832296,"[1 1 1 0 1 1 1 0 0 0 0 1 1 1 0 0 0 1 1 1 0 1 0 1 1 0 0 1 1 0 0 0 1 0 1 0 0 1 0 0]"
5,0.9412832994121111,"[1 1 1 1 1 1 1 0 0 1 1 1 0 1 0 0 1 0 1 0 0 0 0 1 1 0 1 1 1 0 0 0 1 0 0 0 1 0 0 0]"
5,0.3713807586925517,"[1 1 1 0 0 1 1 1 1 1 0 1 1 0 1 1 1 0 0 1 1 1 1 1 1 0 0 1 0 1 1 0 0 0 0 1 0 1 1 0]"
5,0.4846250046705069,"[1 1 1 0 1 1 1 0 0 0 0 1 1 1 0 0 1 0 0 1 0 0 0 1 1 0 0 1 1 0 0 0 1 0 1 0 0 0 0 0]"
5,0.9412144383122351,"[1 1 1 1 1 1 1 0 0 1 1 1 0 1 0 0 0 0 1 0 0 1 1 1 1 0 1 1 1 0 0 0 1 0 0 0 1 0 0 0]"
6,0.8836197683489292,"[1 1 1 1 1 1 0 0 1 1 0 1 1 0 1 0 0 0 1 0 0 0 0 1 0 0 0 0 1 0 1 0 0 1 1 0 1 1 0 1]"
6,0.9947491572568283,"[1 1 1 1 1 1 1 1 1 1 0 1 1 1 0 1 1 0 0 0 0 0 0 1 1 0 1 0 1 0 0 1 1 0 0 1 1 1 0 0]"
6,0.16748991759971602,"[1 1 0 1 0 1 1 0 0 0 0 1 1 1 0 0 0 1 1 0 0 1 0 1 1 0 1 1 1 0 0 1 1 1 0 0 1 1 0 0]"
6,0.48477595739255114,"[1 1 1 0 1 1 1 0 0 0 0 1 1 1 1 0 0 1 1 1 0 1 1 1 1 0 0 1 1 0 0 0 0 0 1 1 0 0 0 0]"
6,0.7462555903590319,"[1 1 1 1 1 0 0 0 1 0 0 1 1 1 0 1 1 0 1 0 0 1 0 1 0 0 0 0 1 1 1 0 0 1 0 0 1 1 0 0]"
6,0.9948630237193762,"[1 1 1 1 1 1 1 1 1 1 0 1 1 1 1 0 0 1 0 0 0 0 0 1 1 0 0 1 1 0 0 0 1 0 1 0 0 0 0 0]"
6,0.9412844283203747,"[1 1 1 1 1 1 1 0 0 1 1 1 0 1 0 0 1 0 1 0 0 0 1 1 1 0 1 1 1 0 0 0 1 0 0 0 1 0 0 0]"
6,0.9333232781741689,"[1 1 1 1 1 1 1 0 0 0 1 1 1 1 0 1 0 1 0 1 0 1 0 1 1 0 0 1 1 0 0 1 1 1 1 0 0 0 0 1]"
6,0.9327498370305458,"[1 1 1 1 1 1 1 0 0 0 1 1 1 0 0 1 0 1 0 1 0 1 0 1 1 0 0 1 1 0 0 1 1 1 1 0 0 0 0 0]"
6,0.9947882716283257,"[1 1 1 1 1 1 1 1 1 1 0 1 1 1 0 1 1 1 0 0 0 0 1 1 1 0 0 1 1 0 0 0 1 0 0 1 1 0 0 0]"
6,0.9381270591530562,"[1 1 1 1 1 1 1 0 0 1 0 1 1 1 1 0 1 1 0 0 0 0 0 1 1 0 0 1 1 0 0 0 0 0 1 0 0 0 1 0]"
6,0.865376677122308,"[1 1 1 1 1 1 0 0 0 1 0 1 0 0 1 1 0 0 1 1 1 0 1 0 1 1 1 0 0 1 0 0 0 1 0 1 1 1 0 0]"
6,0.994561673458357,"[1 1 1 1 1 1 1 1 1 1 0 1 1 1 0 0 0 1 0 0 0 1 0 1 1 0 0 1 1 0 0 0 1 0 1 0 0 0 0 0]"
6,0.000864929535513362,"[0 1 1 1 1 1 1 0 0 1 1 1 0 1 0 0 1 0 1 0 0 0 0 1 1 0 1 0 1 0 0 0 1 0 0 0 1 0 0 0]"
6,0.9412832994121111,"[1 1 1 1 1 1 1 0 0 1 1 1 0 1 0 0 1 0 1 0 0 0 0 1 1 0 1 1 1 0 0 0 1 0 0 0 1 0 0 0]"
6,0.8839611670939125,"[1 1 1 1 1 1 0 0 1 1 0 1 1 1 0 0 1 0 1 0 0 0 0 1 0 0 1 0 1 0 1 1 0 1 1 0 1 1 0 1]"
6,0.9749953633263718,"[1 1 1 1 1 1 1 1 0 1 0 1 1 0 1 0 0 1 0 0 0 0 0 1 1 0 0 0 1 0 0 0 1 0 0 0 0 0 0 1]"
6,0.9412144383466843,"[1 1 1 1 1 1 1 0 0 1 1 1 0 1 0 0 0 0 1 0 0 1 1 1 1 0 1 1 1 0 0 0 1 0 0 0 1 1 0 0]"
6,0.017009449173236726,"[1 0 1 0 1 0 1 0 0 1 0 1 0 1 1 0 0 1 0 0 0 1 0 1 1 0 0 0 1 0 0 0 1 0 1 0 0 0 0 0]"
6,0.9755933292711297,"[1 1 1 1 1 1 1 1 0 1 0 1 1 1 1 0 0 1 0 0 0 0 1 1 1 0 0 1 1 0 0 0 1 1 0 0 0 0 0 0]"
6,0.9412844283203747,"[1 1 1 1 1 1 1 0 0 1 1 1 0 1 0 0 1 0 1 0 0 0 1 1 1 0 1 1 1 0 0 0 1 0 0 0 1 0 0 0]"
6,0.9380550307076657,"[1 1 1 1 1 1 1 0 0 1 0 1 1 1 1 0 0 1 0 0 0 0 0 1 1 0 0 1 1 0 0 0 1 0 1 0 0 0 0 0]"
6,0.34433838711627207,"[1 1 1 0 0 1 1 0 0 0 0 1 1 1 0 0 1 0 0 1 0 0 0 1 1 0 1 1 1 0 0 0 1 1 1 0 1 0 0 1]"
6,0.9749953772570246,"[1 1 1 1 1 1 1 1 0 1 0 1 1 0 1 0 0 1 0 0 0 0 0 1 1 0 0 0 1 1 1 0 1 0 1 0 0 0 0 0]"
6,0.8497669855404266,"[1 1 1 1 1 0 1 1 1 1 0 1 1 1 0 1 1 1 0 0 0 0 0 1 1 0 0 1 1 0 0 0 1 1 0 1 1 0 0 0]"
6,0.48448090461267523,"[1 1 1 0 1 1 1 0 0 0 0 1 1 0 1 0 1 1 0 0 0 0 0 1 1 0 0 0 1 0 0 0 1 0 0 0 0 0 0 0]"
6,0.9018399749793155,"[1 1 1 1 1 1 0 1 0 1 0 1 1 1 1 0 0 1 1 0 0 0 0 1 0 0 1 1 1 0 0 1 1 1 1 0 0 0 0 0]"
6,0.2629103351913378,"[1 1 0 1 1 1 1 1 1 1 1 1 1 1 0 0 0 1 1 0 0 1 0 1 1 0 1 0 1 0 1 0 1 0 1 0 0 1 0 0]"
6,0.9370021672592039,"[1 1 1 1 1 1 1 0 0 1 0 1 0 1 1 0 1 1 1 1 0 0 0 1 1 0 0 1 1 0 0 0 1 0 0 0 1 1 0 1]"
6,0.9749951451209882,"[1 1 1 1 1 1 1 1 0 1 0 1 1 0 1 0 0 1 0 0 0 0 0 1 0 0 1 0 1 0 0 0 1 0 1 0 0 0 0 0]"
6,0.9542340385288001,"[1 1 1 1 1 1 1 0 1 1 0 0 1 1 0 1 1 0 1 1 0 1 0 0 1 0 1 1 1 0 1 1 1 1 1 0 1 1 0 1]"
6,0.8677107597992502,"[1 1 1 1 1 1 0 0 0 1 1 0 0 1 0 0 1 0 1 0 0 0 0 1 1 0 1 0 1 0 0 0 1 0 0 0 1 0 0 0]"
6,0.9412652020434651,"[1 1 1 1 1 1 1 0 0 1 1 1 0 1 0 0 1 0 0 0 0 0 0 1 1 0 1 0 1 0 0 0 1 0 1 0 1 0 0 0]"
6,0.9412652025946799,"[1 1 1 1 1 1 1 0 0 1 1 1 0 1 0 0 1 0 0 0 0 0 0 1 1 0 1 0 1 0 0 0 1 1 1 0 1 0 0 0]"
6,0.2616000746323161,"[1 1 0 1 1 1 1 1 1 1 0 1 1 1 1 1 1 1 0 0 0 0 0 1 1 0 0 1 1 0 0 0 1 0 0 1 1 0 0 0]"
6,0.9412652020434651,"[1 1 1 1 1 1 1 0 0 1 1 1 0 1 0 0 1 0 0 0 0 0 0 1 1 0 1 0 1 0 0 0 1 0 1 0 1 0 0 0]"
6,0.46908459972906963,"[1 1 1 0 1 1 0 1 0 1 0 1 0 1 1 0 0 0 1 1 1 0 0 0 1 0 0 0 1 0 0 1 0 1 0 0 1 1 0 1]"
6,0.4494680392694975,"[1 1 1 0 1 1 0 0 0 1 0 1 0 0 1 1 0 0 1 1 1 0 0 1 1 0 1 0 0 0 0 1 0 0 0 1 1 1 0 0]"
6,0.9950908704322317,"[1 1 1 1 1 1 1 1 1 1 0 1 1 1 1 1 1 1 0 0 0 0 0 1 1 0 0 1 1 0 0 0 1 0 0 1 0 0 0 0]"
6,0.9412832994121111,"[1 1 1 1 1 1 1 0 0 1 1 1 0 1 0 0 1 0 1 0 0 0 0 1 1 0 1 1 1 0 0 0 1 0 0 0 1 0 0 0]"
6,0.4392192533991984,"[1 1 1 0 1 0 1 1 1 1 0 0 0 1 1 1 1 1 0 1 0 1 1 0 1 0 0 1 1 0 0 1 1 1 1 1 0 0 0 0]"
6,0.9755921448240472,"[1 1 1 1 1 1 1 1 0 1 0 1 1 1 1 0 0 1 0 0 0 0 0 1 1 0 0 1 0 0 0 0 1 0 0 1 1 0 0 0]"
6,0.9755921625516063,"[1 1 1 1 1 1 1 1 0 1 0 1 1 1 1 0 0 1 0 0 0 0 0 1 1 0 0 1 1 0 0 0 0 1 1 0 0 0 0 1]"
6,0.9369931730135163,"[1 1 1 1 1 1 1 0 0 1 0 1 0 1 1 0 1 1 1 0 0 0 0 1 1 0 0 1 1 0 0 0 1 0 0 0 1 1 0 1]"
6,0.42988640317230453,"[1 1 1 0 1 0 1 1 0 1 0 0 0 1 1 0 0 1 0 1 0 1 1 0 1 0 0 1 0 0 0 1 1 1 1 1 0 0 0 0]"
6,0.0007618991437322009,"[0 1 1 1 1 1 0 0 1 1 0 1 1 1 0 0 1 0 1 0 0 0 0 1 0 0 1 1 1 0 1 1 0 1 1 0 1 1 0 1]"
6,0.9332494081130707,"[1 1 1 1 1 1 1 0 0 0 1 1 1 1 0 0 1 1 0 1 0 0 0 1 1 0 1 1 1 0 0 0 1 1 1 0 1 0 0 1]"
6,0.9366694318707368,"[1 1 1 1 1 1 1 0 0 1 0 1 0 1 0 0 1 0 1 0 0 0 0 1 1 0 0 1 1 0 0 0 1 0 0 0 1 0 0 0]"
6,0.9369926108757407,"[1 1 1 1 1 1 1 0 0 1 0 1 0 1 1 0 1 1 1 0 0 0 0 0 1 0 0 1 1 0 0 0 1 0 0 0 1 1 0 1]"
6,0.9561449360255677,"[1 1 1 1 1 1 1 0 1 1 0 1 1 0 1 0 1 1 0 0 0 0 0 1 1 0 1 1 1 1 0 0 1 0 1 0 0 0 0 0]"
7,0.9564025354732398,"[1 1 1 1 1 1 1 0 1 1 0 1 1 1 0 0 1 0 0 0 0 0 1 1 1 0 1 0 1 0 0 1 1 0 0 1 1 1 0 0]"
7,0.9766933796661901,"[1 1 1 1 1 1 1 1 0 1 1 0 0 1 0 1 1 0 1 0 0 0 0 1 1 0 1 1 1 0 0 0 1 0 0 0 1 0 0 0]"
7,0.8836197683489292,"[1 1 1 1 1 1 0 0 1 1 0 1 1 0 1 0 0 0 1 0 0 0 0 1 0 0 0 0 1 0 1 0 0 1 1 0 1 1 0 1]"
7,0.9999628049177152,"[1 1 1 1 1 1 1 1 1 1 1 1 1 1 1 1 1 1 0 0 0 0 0 1 1 0 0 1 1 0 0 0 1 0 0 1 0 0 0 0]"
7,0.9755921448329421,"[1 1 1 1 1 1 1 1 0 1 0 1 1 1 1 0 0 1 0 0 0 0 0 1 1 0 0 1 0 0 0 0 1 0 0 1 1 0 0 1]"
7,0.9364177028834639,"[1 1 1 1 1 1 1 0 0 1 0 1 0 0 1 0 1 1 1 0 0 0 0 1 1 0 0 1 1 0 0 0 1 0 0 0 1 1 0 1]"
7,0.9412844283203747,"[1 1 1 1 1 1 1 0 0 1 1 1 0 1 0 0 1 0 1 0 0 0 1 1 1 0 1 1 1 0 0 0 1 0 0 0 1 0 0 0]"
7,0.8698629570204501,"[1 1 1 1 1 1 0 0 0 1 1 1 0 1 0 0 1 0 1 0 0 0 1 1 1 0 1 1 1 1 0 0 1 0 0 0 1 0 0 0]"
7,0.6814698523732802,"[1 1 1 1 0 1 1 0 0 1 0 1 1 1 1 0 0 1 0 0 0 0 0 1 1 0 0 1 1 0 0 0 1 0 1 0 0 0 0 0]"
7,0.9946364100797875,"[1 1 1 1 1 1 1 1 1 1 0 1 1 1 0 0 1 1 0 0 0 0 1 1 1 0 0 1 1 0 0 0 1 0 0 1 1 0 0 0]"
7,0.9948630237193762,"[1 1 1 1 1 1 1 1 1 1 0 1 1 1 1 0 0 1 0 0 0 0 0 1 1 0 0 1 1 0 0 0 1 0 1 0 0 0 0 0]"
7,0.9412110518177407,"[1 1 1 1 1 1 1 0 0 1 1 1 0 1 0 0 0 0 1 0 0 0 0 1 1 0 1 1 1 0 0 0 1 0 0 0 1 0 0 0]"
7,0.2616000746323161,"[1 1 0 1 1 1 1 1 1 1 0 1 1 1 1 1 1 1 0 0 0 0 0 1 1 0 0 1 1 0 0 0 1 0 0 1 1 0 0 0]"
7,0.941288943965615,"[1 1 1 1 1 1 1 0 0 1 1 1 0 1 0 0 1 0 1 0 1 0 1 1 1 0 1 1 1 0 0 0 1 0 0 0 1 0 0 0]"
7,0.10497401197483366,"[1 1 0 0 1 1 0 0 0 1 0 1 0 1 1 0 0 1 1 0 1 0 0 0 1 0 0 0 1 0 0 1 0 0 0 0 1 1 0 0]"
7,0.9934021230900382,"[1 1 1 1 1 1 1 1 1 1 0 1 0 1 0 0 1 0 1 0 0 0 0 1 1 0 0 1 1 0 0 0 1 0 0 0 1 0 0 1]"
7,0.055922500082264286,"[1 0 1 1 1 1 1 1 1 1 0 1 1 1 0 1 1 1 0 0 0 0 1 1 1 0 0 1 1 0 0 0 1 0 0 1 1 0 0 0]"
7,0.9746968959609865,"[1 1 1 1 1 1 1 1 0 1 0 1 1 0 0 0 0 1 0 0 0 0 0 1 0 0 1 0 1 1 0 0 1 0 1 0 0 0 0 0]"
7,0.9412845694339934,"[1 1 1 1 1 1 1 0 0 1 1 1 0 1 0 0 1 0 1 0 0 0 1 1 1 1 1 1 1 0 0 0 1 0 0 0 1 0 0 0]"
7,0.521545363160577,"[1 1 1 0 1 1 1 1 1 1 0 1 1 1 0 1 1 1 0 0 0 0 1 1 1 0 0 1 1 0 0 0 1 0 0 1 1 0 0 0]"
7,0.9401186497235443,"[1 1 1 1 1 1 1 0 0 1 1 0 1 1 0 0 1 0 0 1 0 0 0 1 0 0 1 1 1 1 1 1 1 1 1 0 1 0 0 1]"
7,0.9851399792228064,"[1 1 1 1 1 1 1 1 1 0 0 1 1 1 0 1 1 1 1 1 0 1 0 0 1 0 1 1 1 0 0 0 1 1 1 0 1 1 0 1]"
7,0.9755921626939249,"[1 1 1 1 1 1 1 1 0 1 0 1 1 1 1 0 0 1 0 0 0 0 0 1 1 0 0 1 1 0 0 0 0 1 1 1 0 0 0 1]"
7,0.9412652378724343,"[1 1 1 1 1 1 1 0 0 1 1 1 0 1 0 0 1 0 0 0 0 0 0 1 1 0 1 1 1 0 0 0 1 1 1 0 1 0 0 0]"
7,0.9749997468858148,"[1 1 1 1 1 1 1 1 0 1 0 1 1 0 1 0 0 1 0 0 1 0 0 1 0 0 0 0 1 1 1 0 1 0 1 0 0 0 0 0]"
7,0.8677107618484184,"[1 1 1 1 1 1 0 0 0 1 1 0 0 1 0 0 1 0 1 0 0 0 0 1 1 0 1 0 1 0 0 1 1 0 0 0 1 0 0 0]"
7,0.4847756467457082,"[1 1 1 0 1 1 1 0 0 0 0 1 1 1 1 0 0 1 1 1 0 1 1 0 1 0 0 1 1 0 0 0 0 0 1 1 0 0 0 0]"
7,0.9542386055824914,"[1 1 1 1 1 1 1 0 1 1 0 0 1 1 0 1 1 0 1 1 1 1 0 0 1 0 1 1 1 0 0 1 1 1 1 0 1 1 0 1]"
7,0.05160434888682283,"[1 0 1 1 1 1 1 0 0 1 0 1 0 1 0 0 1 0 1 0 0 0 0 1 1 0 0 1 1 0 0 0 1 0 0 0 1 0 0 0]"
7,0.9949386707890138,"[1 1 1 1 1 1 1 1 1 1 0 1 1 1 1 0 1 1 0 0 0 0 0 1 0 0 0 1 1 0 0 0 1 0 1 0 0 0 0 0]"
7,0.48399431654776065,"[1 1 1 0 1 1 1 0 0 0 0 1 0 1 0 0 1 0 1 0 0 0 0 1 1 0 0 1 1 0 0 0 1 0 0 0 1 0 0 0]"
7,0.994749156098178,"[1 1 1 1 1 1 1 1 1 1 0 1 1 1 0 1 1 0 0 0 0 0 0 1 1 0 1 0 1 0 0 1 0 0 0 1 1 1 0 0]"
7,0.00018283853658790519,"[0 1 1 0 1 1 0 0 0 1 0 0 0 0 0 1 0 0 1 1 0 0 1 1 1 0 1 0 1 0 0 1 1 0 0 0 1 1 0 0]"
7,0.956875081238218,"[1 1 1 1 1 1 1 0 1 1 0 1 1 1 1 1 1 0 1 1 1 1 0 0 1 0 1 1 1 0 1 1 0 1 1 0 1 1 0 1]"
7,0.975591561887274,"[1 1 1 1 1 1 1 1 0 1 0 1 1 1 1 0 0 1 0 0 0 0 0 0 1 0 0 1 0 0 0 0 1 0 0 1 1 0 0 0]"
7,0.9412832994121111,"[1 1 1 1 1 1 1 0 0 1 1 1 0 1 0 0 1 0 1 0 0 0 0 1 1 0 1 1 1 0 0 0 1 0 0 0 1 0 0 0]"
7,0.9538026917692207,"[1 1 1 1 1 1 1 0 1 1 0 0 1 0 1 0 1 1 0 0 0 0 0 1 1 0 1 1 1 1 0 0 1 0 1 0 0 0 0 0]"
7,0.9412663659516046,"[1 1 1 1 1 1 1 0 0 1 1 1 0 1 0 0 1 0 0 0 0 0 1 1 1 0 1 1 1 0 0 0 1 0 0 0 1 0 1 0]"
7,0.6815238781508816,"[1 1 1 1 0 1 1 0 0 1 0 1 1 1 1 0 1 1 0 0 0 0 0 1 1 0 0 1 1 0 0 0 0 0 1 0 0 0 1 0]"
7,0.0008649290141886374,"[0 1 1 1 1 1 1 0 0 1 1 1 0 1 0 0 1 0 1 0 0 0 0 1 0 0 1 0 1 0 0 0 1 0 1 0 1 0 0 0]"
7,0.998266691891627,"[1 1 1 1 1 1 1 1 1 1 1 1 0 1 0 0 1 0 1 0 0 0 0 1 1 0 1 1 1 0 0 0 1 0 0 0 1 0 0 0]"
7,0.6838777968852735,"[1 1 1 1 0 1 1 0 0 1 1 1 0 1 0 0 1 0 0 0 0 0 0 1 1 0 1 0 1 0 0 0 1 1 1 0 1 0 0 0]"
7,0.953236126384698,"[1 1 1 1 1 1 1 0 1 1 0 0 0 1 1 0 1 1 1 0 0 0 0 1 1 0 0 1 1 0 0 0 1 0 0 0 1 1 0 1]"
7,0.9947882716283257,"[1 1 1 1 1 1 1 1 1 1 0 1 1 1 0 1 1 1 0 0 0 0 1 1 1 0 0 1 1 0 0 0 1 0 0 1 1 0 0 0]"
7,0.8632355581784601,"[1 1 1 1 1 1 0 0 0 1 0 0 0 0 1 1 0 0 1 1 1 0 1 0 1 1 1 0 0 1 0 0 0 0 0 1 1 1 0 0]"
7,0.9424410789275214,"[1 1 1 1 1 1 1 0 0 1 1 1 1 1 0 0 1 0 1 0 0 0 1 1 1 0 1 1 1 1 0 0 1 0 0 0 1 0 1 0]"
7,0.9380550131229396,"[1 1 1 1 1 1 1 0 0 1 0 1 1 1 1 0 0 1 0 0 0 0 0 1 1 0 0 1 0 0 0 0 1 0 1 0 0 0 0 0]"
7,0.34433838711627207,"[1 1 1 0 0 1 1 0 0 0 0 1 1 1 0 0 1 0 0 1 0 0 0 1 1 0 1 1 1 0 0 0 1 1 1 0 1 0 0 1]"
7,0.9380550312571884,"[1 1 1 1 1 1 1 0 0 1 0 1 1 1 1 0 0 1 0 0 0 0 0 1 1 0 0 1 1 0 0 0 1 1 1 0 0 0 0 0]"
7,0.05444314067544176,"[1 0 1 1 1 1 1 1 0 1 0 1 1 0 1 0 0 1 0 0 0 0 0 1 1 0 0 0 1 0 0 0 1 0 0 0 0 0 0 1]"
8,0.9949390415483046,"[1 1 1 1 1 1 1 1 1 1 0 1 1 1 1 0 1 1 0 0 0 0 0 1 1 0 1 1 1 0 0 0 1 0 0 1 1 0 0 0]"
8,0.9654960737055124,"[1 1 1 1 1 1 1 1 0 0 0 1 1 0 1 0 0 1 0 0 1 0 0 1 0 0 0 0 1 1 1 0 1 1 1 0 0 0 0 0]"
8,0.938901762281693,"[1 1 1 1 1 1 1 0 0 1 1 0 0 1 0 0 0 0 1 0 0 0 0 1 1 0 1 1 1 0 0 0 1 0 0 0 1 0 0 0]"
8,0.8612867023459793,"[1 1 1 1 1 1 0 0 0 0 1 1 0 1 0 0 1 0 1 0 0 0 1 0 1 0 1 1 1 1 0 0 1 0 0 0 1 0 0 0]"
8,0.9949386337239556,"[1 1 1 1 1 1 1 1 1 1 0 1 1 1 1 0 1 1 0 0 0 0 0 1 0 0 0 0 1 0 0 0 1 0 1 0 0 0 1 0]"
8,0.9755921627117147,"[1 1 1 1 1 1 1 1 0 1 0 1 1 1 1 0 0 1 0 0 0 0 0 1 1 0 0 1 1 0 0 0 0 1 1 1 0 0 1 1]"
8,0.9985714334191004,"[1 1 1 1 1 1 1 1 1 1 1 1 0 1 1 0 1 0 1 0 0 0 0 1 1 0 1 1 1 0 0 0 1 0 0 0 1 0 0 0]"
8,0.9948630051790622,"[1 1 1 1 1 1 1 1 1 1 0 1 1 1 1 0 0 1 0 0 0 0 0 1 1 0 0 1 0 0 0 0 1 0 1 0 0 0 0 0]"
8,0.8836197641830276,"[1 1 1 1 1 1 0 0 1 1 0 1 1 0 1 0 0 0 1 0 0 0 0 1 0 0 0 0 1 0 0 0 0 1 1 0 1 1 0 1]"
8,0.975611964905337,"[1 1 1 1 1 1 1 1 0 1 0 1 1 1 1 0 0 1 1 0 0 0 1 1 1 0 0 1 0 0 0 0 1 0 0 1 1 1 0 1]"
8,0.9412110518177407,"[1 1 1 1 1 1 1 0 0 1 1 1 0 1 0 0 0 0 1 0 0 0 0 1 1 0 1 1 1 0 0 0 1 0 0 0 1 0 0 0]"
8,0.994768145380459,"[1 1 1 1 1 1 1 1 1 1 0 1 1 1 0 1 1 0 1 0 0 0 0 1 1 0 1 0 1 0 1 1 1 0 0 1 1 1 0 0]"
8,0.9600539724806615,"[1 1 1 1 1 1 1 0 1 1 1 1 0 1 0 1 0 1 1 0 0 0 0 1 1 0 0 1 1 0 0 0 1 0 0 0 1 0 0 0]"
8,0.12165332507712073,"[1 1 0 0 1 1 1 1 0 1 0 1 1 1 1 1 1 0 0 0 0 0 0 1 1 0 1 1 1 0 0 0 1 0 0 1 1 0 0 0]"
8,0.9934021230900382,"[1 1 1 1 1 1 1 1 1 1 0 1 0 1 0 0 1 0 1 0 0 0 0 1 1 0 0 1 1 0 0 0 1 0 0 0 1 0 0 1]"
8,0.9542751784016523,"[1 1 1 1 1 1 1 0 1 1 0 0 1 1 0 1 1 1 1 1 1 1 0 0 1 0 1 1 1 0 0 1 1 1 1 0 1 0 0 1]"
8,0.8709403093199349,"[1 1 1 1 1 1 0 0 0 1 1 1 1 1 0 0 1 0 1 0 0 0 1 1 1 0 1 1 1 1 0 0 1 0 0 0 1 0 1 0]"
8,0.8632355581784601,"[1 1 1 1 1 1 0 0 0 1 0 0 0 0 1 1 0 0 1 1 1 0 1 0 1 1 1 0 0 1 0 0 0 0 0 1 1 1 0 0]"
8,0.9412845782535952,"[1 1 1 1 1 1 1 0 0 1 1 1 0 1 0 0 1 0 1 0 0 0 1 1 1 1 1 1 1 1 0 0 1 0 0 0 1 0 0 0]"
8,0.9949388191216864,"[1 1 1 1 1 1 1 1 1 1 0 1 1 1 1 0 1 1 0 0 0 0 0 1 0 1 0 1 1 0 0 0 1 0 1 0 0 0 0 0]"
8,0.9412652378724343,"[1 1 1 1 1 1 1 0 0 1 1 1 0 1 0 0 1 0 0 0 0 0 0 1 1 0 1 1 1 0 0 0 1 1 1 0 1 0 0 0]"
8,0.9982663943333928,"[1 1 1 1 1 1 1 1 1 1 1 1 0 1 0 0 1 0 1 0 0 0 0 1 0 0 1 1 1 0 0 0 1 0 0 0 1 0 0 0]"
8,0.9564025354732398,"[1 1 1 1 1 1 1 0 1 1 0 1 1 1 0 0 1 0 0 0 0 0 1 1 1 0 1 0 1 0 0 1 1 0 0 1 1 1 0 0]"
8,0.8836880248219757,"[1 1 1 1 1 1 0 0 1 1 0 1 1 0 1 0 1 0 1 0 0 0 0 1 0 0 0 0 1 0 1 0 0 1 1 0 1 0 0 1]"
8,0.9766933796661901,"[1 1 1 1 1 1 1 1 0 1 1 0 0 1 0 1 1 0 1 0 0 0 0 1 1 0 1 1 1 0 0 0 1 0 0 0 1 0 0 0]"
8,0.2571835933429495,"[1 1 0 1 1 1 1 1 0 1 1 1 1 1 1 0 0 1 0 0 0 0 0 1 1 0 0 1 1 0 0 0 0 1 1 1 0 0 0 0]"
8,0.6814698519611047,"[1 1 1 1 0 1 1 0 0 1 0 1 1 1 1 0 0 1 0 0 0 0 0 1 1 0 0 1 1 0 0 0 0 1 1 0 0 0 0 0]"
8,0.9401186497235443,"[1 1 1 1 1 1 1 0 0 1 1 0 1 1 0 0 1 0 0 1 0 0 0 1 0 0 1 1 1 1 1 1 1 1 1 0 1 0 0 1]"
8,0.5997420271880448,"[1 1 1 1 0 0 1 1 0 0 1 1 1 1 0 1 1 0 1 0 0 1 0 0 1 0 1 1 1 0 0 0 1 0 1 0 1 1 1 1]"
8,0.982732141252719,"[1 1 1 1 1 1 1 1 1 0 0 0 1 1 0 1 1 1 1 1 0 0 0 1 1 0 1 1 1 0 1 0 1 1 0 0 1 0 0 0]"
8,0.86979460271989,"[1 1 1 1 1 1 0 0 0 1 1 1 0 1 0 0 0 0 1 0 0 0 0 1 1 0 1 1 1 0 0 0 1 0 0 0 1 1 0 0]"
8,0.9999628049177152,"[1 1 1 1 1 1 1 1 1 1 1 1 1 1 1 1 1 1 0 0 0 0 0 1 1 0 0 1 1 0 0 0 1 0 0 1 0 0 0 0]"
8,0.9949386707890138,"[1 1 1 1 1 1 1 1 1 1 0 1 1 1 1 0 1 1 0 0 0 0 0 1 0 0 0 1 1 0 0 0 1 0 1 0 0 0 0 0]"
8,0.05444309760071272,"[1 0 1 1 1 1 1 1 0 1 0 1 1 0 1 0 0 1 0 0 0 0 0 0 1 0 0 0 1 0 1 0 1 0 0 0 0 0 0 1]"
8,0.9389558286696401,"[1 1 1 1 1 1 1 0 0 1 1 0 0 1 0 0 1 0 0 0 0 0 0 1 1 0 1 1 1 0 0 0 1 1 1 0 1 0 0 0]"
8,0.6849896086284034,"[1 1 1 1 0 1 1 0 0 1 1 1 1 1 1 0 1 1 0 0 0 0 0 1 1 0 0 1 1 0 0 0 0 0 1 0 0 0 1 0]"
8,0.9380551015960956,"[1 1 1 1 1 1 1 0 0 1 0 1 1 1 1 0 0 1 0 0 0 0 0 1 1 0 1 1 1 0 0 0 1 1 1 0 0 0 0 0]"
8,0.9948630237193762,"[1 1 1 1 1 1 1 1 1 1 0 1 1 1 1 0 0 1 0 0 0 0 0 1 1 0 0 1 1 0 0 0 1 0 1 0 0 0 0 0]"
8,0.8677107590308121,"[1 1 1 1 1 1 0 0 0 1 1 0 0 1 0 0 1 0 1 0 0 0 0 1 1 0 1 0 1 0 0 0 0 0 1 0 1 0 0 0]"
8,0.9538026917692207,"[1 1 1 1 1 1 1 0 1 1 0 0 1 0 1 0 1 1 0 0 0 0 0 1 1 0 1 1 1 1 0 0 1 0 1 0 0 0 0 0]"
8,0.9948631349612661,"[1 1 1 1 1 1 1 1 1 1 0 1 1 1 1 0 0 1 0 0 0 0 0 1 1 1 0 0 1 0 0 0 1 0 1 0 0 0 0 0]"
8,0.9755921626939249,"[1 1 1 1 1 1 1 1 0 1 0 1 1 1 1 0 0 1 0 0 0 0 0 1 1 0 0 1 1 0 0 0 0 1 1 1 0 0 0 1]"
8,0.6802417902731402,"[1 1 1 1 0 1 1 0 0 1 0 1 0 0 1 0 1 1 1 0 0 0 0 1 1 0 0 1 1 0 0 1 1 1 0 0 1 1 0 1]"
8,0.9401186469016651,"[1 1 1 1 1 1 1 0 0 1 1 0 1 1 0 0 1 0 0 1 0 0 0 1 0 0 1 1 1 1 1 0 1 0 1 0 0 0 0 1]"
8,0.9366751236836843,"[1 1 1 1 1 1 1 0 0 1 0 1 0 1 0 0 1 0 1 0 1 0 1 1 1 0 1 1 1 0 0 1 0 1 1 0 1 0 0 0]"
8,0.961578333623506,"[1 1 1 1 1 1 1 0 1 1 1 1 1 1 1 1 1 0 1 1 1 1 0 0 1 0 1 1 1 0 1 0 1 0 1 0 1 1 0 1]"
8,0.9423676124350134,"[1 1 1 1 1 1 1 0 0 1 1 1 1 1 0 0 0 0 1 0 0 0 0 1 1 0 1 1 1 0 0 0 1 0 0 0 1 0 0 0]"
8,0.000760886554558213,"[0 1 1 1 1 1 0 0 1 1 0 1 1 0 0 0 0 1 1 0 0 0 0 1 0 0 0 0 1 0 1 0 0 1 1 0 1 0 0 1]"
8,0.9947882716645348,"[1 1 1 1 1 1 1 1 1 1 0 1 1 1 0 1 1 1 0 0 0 0 1 1 1 0 0 1 1 0 0 0 1 0 0 1 1 1 0 0]"
8,0.9755965347297885,"[1 1 1 1 1 1 1 1 0 1 0 1 1 1 1 0 0 1 0 0 1 0 0 1 0 0 0 1 1 0 0 0 0 1 1 1 0 0 0 1]"
9,0.9948674741732041,"[1 1 1 1 1 1 1 1 1 1 0 1 1 1 1 0 0 1 0 0 1 0 0 1 0 0 0 1 1 0 0 0 1 1 1 1 0 1 0 1]"
9,0.9755187154748136,"[1 1 1 1 1 1 1 1 0 1 0 1 1 1 0 1 1 1 0 0 0 0 1 1 1 0 0 1 1 0 0 0 1 0 0 1 1 0 0 0]"
9,0.8164667187214073,"[1 1 1 1 1 0 1 0 1 1 0 1 1 1 0 0 1 0 0 0 0 0 1 1 1 0 1 0 1 0 0 1 1 0 0 1 1 1 1 0]"
9,0.9654961097995601,"[1 1 1 1 1 1 1 1 0 0 0 1 1 0 1 0 0 1 0 0 1 0 0 1 0 0 0 1 1 1 1 0 1 1 1 0 0 0 0 0]"
9,0.684989608654284,"[1 1 1 1 0 1 1 0 0 1 1 1 1 1 1 0 1 1 0 0 0 0 0 1 1 0 0 1 1 0 0 0 0 0 1 0 0 1 1 0]"
9,0.9949386337239556,"[1 1 1 1 1 1 1 1 1 1 0 1 1 1 1 0 1 1 0 0 0 0 0 1 0 0 0 0 1 0 0 0 1 0 1 0 0 0 1 0]"
9,0.9564013947330867,"[1 1 1 1 1 1 1 0 1 1 0 1 1 1 0 0 1 0 0 0 0 0 0 1 1 0 1 0 1 0 1 1 1 0 0 1 1 1 0 0]"
9,0.9197783405991372,"[1 1 1 1 1 1 0 1 1 1 0 1 1 1 1 0 0 1 0 0 0 0 0 1 1 0 0 1 0 0 0 0 1 1 1 0 0 0 1 0]"
9,0.9949414148742514,"[1 1 1 1 1 1 1 1 1 1 0 1 1 1 1 0 1 1 0 0 0 1 0 1 1 0 1 1 1 0 0 0 1 0 0 1 1 0 0 0]"
9,0.9655053138213956,"[1 1 1 1 1 1 1 1 0 0 0 1 1 0 1 0 0 1 0 1 1 0 0 1 0 0 0 0 1 1 1 0 1 1 1 0 0 0 0 0]"
9,0.9986666823879494,"[1 1 1 1 1 1 1 1 1 1 1 1 0 1 1 1 0 1 0 0 0 0 0 1 1 0 1 1 1 0 0 0 1 0 0 1 0 0 0 0]"
9,0.0510090691571286,"[1 0 1 1 1 1 1 0 0 0 0 1 1 1 0 0 0 0 1 0 0 0 0 1 1 0 0 1 1 0 0 0 1 0 0 0 1 0 0 0]"
9,0.8478083561725075,"[1 1 1 1 1 0 1 1 1 1 0 0 1 1 1 0 1 1 1 0 0 0 0 1 0 0 0 1 1 0 1 0 1 0 1 0 0 0 0 0]"
9,0.9984189778005359,"[1 1 1 1 1 1 1 1 1 1 1 1 0 1 0 1 1 0 1 0 0 0 0 1 1 0 0 1 1 0 0 0 1 0 0 0 1 0 0 1]"
9,0.9946364494698787,"[1 1 1 1 1 1 1 1 1 1 0 1 1 1 0 0 1 1 0 0 0 0 1 1 1 0 1 0 1 0 0 1 1 0 0 1 1 0 0 0]"
9,0.000857849824373493,"[0 1 1 1 1 1 1 0 0 1 0 1 1 0 1 0 0 0 0 0 1 0 0 1 0 0 0 0 1 1 1 0 1 1 1 0 1 0 0 0]"
9,0.942369872593432,"[1 1 1 1 1 1 1 0 0 1 1 1 1 1 0 0 0 0 1 0 0 1 0 1 1 0 1 1 1 0 0 0 1 0 0 0 1 0 0 0]"
9,0.9949386707890138,"[1 1 1 1 1 1 1 1 1 1 0 1 1 1 1 0 1 1 0 0 0 0 0 1 0 0 0 1 1 0 0 0 1 0 1 0 0 0 0 0]"
9,0.994862727074391,"[1 1 1 1 1 1 1 1 1 1 0 1 1 1 1 0 0 1 0 0 0 0 0 1 0 0 0 1 1 0 0 0 1 0 1 0 0 0 0 0]"
9,0.9949391157870914,"[1 1 1 1 1 1 1 1 1 1 0 1 1 1 1 0 1 1 0 0 0 0 0 1 1 1 0 1 1 0 0 0 1 0 1 0 0 0 0 0]"
9,0.9401275225667473,"[1 1 1 1 1 1 1 0 0 1 1 0 1 1 0 0 1 0 1 0 0 0 0 0 1 1 1 1 1 1 0 0 1 0 0 0 1 0 0 0]"
9,0.49930657230698744,"[1 1 1 0 1 1 1 0 1 1 0 1 0 0 1 0 1 1 0 0 0 0 1 1 1 0 1 1 1 1 0 0 1 0 1 0 0 0 0 0]"
9,0.9950148748302781,"[1 1 1 1 1 1 1 1 1 1 0 1 1 1 1 1 0 1 0 0 0 0 0 1 1 0 0 0 0 1 1 0 1 0 1 1 0 0 0 0]"
9,0.9998102324662136,"[1 1 1 1 1 1 1 1 1 1 1 1 1 1 1 0 1 1 0 0 0 0 0 1 1 0 0 1 1 0 0 0 1 0 0 0 0 0 0 0]"
9,0.8477265096353603,"[1 1 1 1 1 0 1 1 1 1 0 0 1 1 1 0 0 1 0 0 0 0 0 1 1 1 0 0 1 0 0 0 1 0 1 0 0 0 0 0]"
9,0.9949388191216864,"[1 1 1 1 1 1 1 1 1 1 0 1 1 1 1 0 1 1 0 0 0 0 0 1 0 1 0 1 1 0 0 0 1 0 1 0 0 0 0 0]"
9,0.9948642108794981,"[1 1 1 1 1 1 1 1 1 1 0 1 1 1 1 0 0 1 0 0 0 0 1 1 1 0 0 1 1 0 0 0 1 1 1 0 0 0 0 0]"
9,0.0337773684988442,"[1 0 1 1 0 1 1 0 0 1 1 0 1 1 1 0 1 1 0 0 0 0 0 1 1 0 0 1 1 0 0 0 0 0 1 0 0 0 1 0]"
9,0.9353172695261436,"[1 1 1 1 1 1 1 0 0 1 0 0 1 0 1 1 0 0 1 1 1 0 0 1 1 1 1 0 0 1 0 0 0 0 0 0 0 0 0 0]"
9,0.4638662439629992,"[1 1 1 0 1 1 0 1 0 0 0 1 0 0 1 0 0 1 0 0 1 0 1 0 0 0 0 0 1 1 1 0 0 1 1 1 1 1 0 0]"
9,0.8655718042781247,"[1 1 1 1 1 1 0 0 0 1 0 1 0 1 0 0 1 0 1 0 1 1 1 1 1 0 1 1 1 0 0 0 0 1 1 0 1 0 0 0]"
9,0.9827321412616724,"[1 1 1 1 1 1 1 1 1 0 0 0 1 1 0 1 1 1 1 1 0 0 0 1 1 0 1 1 1 0 1 0 1 1 0 0 1 0 0 1]"
9,0.2557487774524499,"[1 1 0 1 1 1 1 1 0 1 0 1 1 1 1 0 0 1 0 0 0 0 0 1 1 0 0 1 1 0 0 0 0 1 1 1 0 0 1 1]"
9,0.9803918742434935,"[1 1 1 1 1 1 1 1 0 1 1 1 1 1 1 0 0 1 0 1 1 0 0 1 0 0 0 1 1 0 0 0 0 1 1 1 0 0 0 1]"
9,0.9947882716645348,"[1 1 1 1 1 1 1 1 1 1 0 1 1 1 0 1 1 1 0 0 0 0 1 1 1 0 0 1 1 0 0 0 1 0 0 1 1 1 0 0]"
9,0.9755965347297885,"[1 1 1 1 1 1 1 1 0 1 0 1 1 1 1 0 0 1 0 0 1 0 0 1 0 0 0 1 1 0 0 0 0 1 1 1 0 0 0 1]"
9,0.9949386337239556,"[1 1 1 1 1 1 1 1 1 1 0 1 1 1 1 0 1 1 0 0 0 0 0 1 0 0 0 0 1 0 0 0 1 0 1 0 0 0 1 0]"
9,0.05456978935297842,"[1 0 1 1 1 1 1 1 0 1 1 0 0 1 0 1 1 0 1 0 0 0 1 1 1 0 1 1 1 0 0 0 1 0 0 0 1 0 0 0]"
9,0.9654960737055124,"[1 1 1 1 1 1 1 1 0 0 0 1 1 0 1 0 0 1 0 0 1 0 0 1 0 0 0 0 1 1 1 0 1 1 1 0 0 0 0 0]"
9,0.0009666995457258832,"[0 1 1 1 1 1 1 1 1 1 0 1 1 1 1 0 1 1 0 0 0 0 0 1 0 0 0 0 1 0 0 0 1 0 1 0 0 0 1 1]"
9,0.9567309384052706,"[1 1 1 1 1 1 1 0 1 1 0 1 1 1 1 0 1 1 0 0 0 0 0 1 0 0 0 1 1 0 0 0 1 0 1 0 0 0 0 0]"
9,0.5216307806998274,"[1 1 1 0 1 1 1 1 1 1 0 1 1 1 1 0 1 1 0 0 0 1 0 1 0 0 0 0 1 0 0 0 1 0 1 0 0 0 1 0]"
9,0.9766933893536851,"[1 1 1 1 1 1 1 1 0 1 1 0 0 1 0 1 1 0 1 0 0 0 0 1 1 0 1 1 1 1 0 0 1 1 0 0 1 0 0 0]"
9,0.961578333623506,"[1 1 1 1 1 1 1 0 1 1 1 1 1 1 1 1 1 0 1 1 1 1 0 0 1 0 1 1 1 0 1 0 1 0 1 0 1 1 0 1]"
9,0.9949386383593513,"[1 1 1 1 1 1 1 1 1 1 0 1 1 1 1 0 1 1 0 0 0 0 0 1 0 0 0 0 1 0 1 0 1 0 1 0 0 0 1 0]"
9,0.9937056041922202,"[1 1 1 1 1 1 1 1 1 1 0 1 0 1 1 0 1 0 1 0 0 0 0 1 1 0 1 1 1 0 0 1 1 0 0 0 1 0 0 0]"
9,0.9598701963712443,"[1 1 1 1 1 1 1 0 1 1 1 1 0 1 0 0 0 0 1 0 0 0 0 1 1 0 1 1 1 0 0 0 1 0 0 0 1 0 0 1]"
9,0.9423676174011765,"[1 1 1 1 1 1 1 0 0 1 1 1 1 1 0 0 0 0 1 0 0 0 0 1 1 0 1 1 1 0 1 0 1 1 0 0 1 0 0 0]"
9,0.9743253802340414,"[1 1 1 1 1 1 1 1 0 1 0 1 0 1 0 1 1 1 0 0 0 0 1 1 0 0 1 1 1 0 0 0 1 0 0 0 1 1 0 0]"
9,0.9994098300582419,"[1 1 1 1 1 1 1 1 1 1 1 1 1 1 0 0 0 0 1 0 0 0 0 1 1 0 0 1 1 0 0 0 1 0 0 1 1 0 0 0]"
10,0.9949389674543789,"[1 1 1 1 1 1 1 1 1 1 0 1 1 1 1 0 1 1 0 0 0 0 0 1 1 0 0 1 1 0 0 0 1 0 1 0 0 0 0 0]"
10,0.9925113542054486,"[1 1 1 1 1 1 1 1 1 1 0 0 1 1 1 0 1 1 0 0 0 0 0 1 1 0 0 1 1 0 0 0 1 0 1 1 0 0 0 0]"
10,0.9803918742434935,"[1 1 1 1 1 1 1 1 0 1 1 1 1 1 1 0 0 1 0 1 1 0 0 1 0 0 0 1 1 0 0 0 0 1 1 1 0 0 0 1]"
10,0.9948674741732041,"[1 1 1 1 1 1 1 1 1 1 0 1 1 1 1 0 0 1 0 0 1 0 0 1 0 0 0 1 1 0 0 0 1 1 1 1 0 1 0 1]"
10,0.9936308543438331,"[1 1 1 1 1 1 1 1 1 1 0 1 0 1 1 0 0 0 1 0 0 0 1 1 1 0 0 1 1 0 0 0 1 0 1 0 1 0 0 0]"
10,0.05482543888246208,"[1 0 1 1 1 1 1 1 0 1 1 1 1 1 0 0 1 0 0 0 1 0 1 1 1 0 1 1 1 0 0 0 1 1 0 0 0 0 0 0]"
10,0.9949386343033801,"[1 1 1 1 1 1 1 1 1 1 0 1 1 1 1 0 1 1 0 0 0 0 0 1 0 0 0 0 1 0 0 0 1 1 1 0 0 0 1 0]"
10,0.9197794635359492,"[1 1 1 1 1 1 0 1 1 1 0 1 1 1 1 0 0 1 0 0 0 0 1 1 1 0 0 1 1 0 0 0 1 1 1 0 0 0 0 1]"
10,0.9949414148742514,"[1 1 1 1 1 1 1 1 1 1 0 1 1 1 1 0 1 1 0 0 0 1 0 1 1 0 1 1 1 0 0 0 1 0 0 1 1 0 0 0]"
10,0.5216294534077941,"[1 1 1 0 1 1 1 1 1 1 0 1 1 1 1 0 1 1 0 0 0 0 0 1 0 0 0 0 1 0 0 0 1 0 1 0 0 0 1 0]"
10,0.9949386337239556,"[1 1 1 1 1 1 1 1 1 1 0 1 1 1 1 0 1 1 0 0 0 0 0 1 0 0 0 0 1 0 0 0 1 0 1 0 0 0 1 0]"
10,0.9998100837710502,"[1 1 1 1 1 1 1 1 1 1 1 1 1 1 1 0 1 1 0 0 0 0 0 1 0 1 0 1 1 0 0 0 1 0 1 0 0 0 0 0]"
10,0.9998102324662136,"[1 1 1 1 1 1 1 1 1 1 1 1 1 1 1 0 1 1 0 0 0 0 0 1 1 0 0 1 1 0 0 0 1 0 0 0 0 0 0 0]"
10,0.9950148748302781,"[1 1 1 1 1 1 1 1 1 1 0 1 1 1 1 1 0 1 0 0 0 0 0 1 1 0 0 0 0 1 1 0 1 0 1 1 0 0 0 0]"
10,0.9754441071701302,"[1 1 1 1 1 1 1 1 0 1 0 1 1 1 0 1 0 1 0 0 0 0 1 1 1 0 0 1 1 0 0 0 1 0 0 1 1 0 0 0]"
10,0.9401275225667473,"[1 1 1 1 1 1 1 0 0 1 1 0 1 1 0 0 1 0 1 0 0 0 0 0 1 1 1 1 1 1 0 0 1 0 0 0 1 0 0 0]"
10,0.9655053093096008,"[1 1 1 1 1 1 1 1 0 0 0 1 1 0 1 0 0 1 0 1 1 0 0 1 0 0 0 0 1 1 0 0 1 1 1 0 0 0 0 0]"
10,0.9743441581418966,"[1 1 1 1 1 1 1 1 0 1 0 1 0 1 0 1 1 1 1 0 0 0 1 1 0 1 1 1 1 0 0 0 1 0 0 0 1 1 0 0]"
10,0.9766957234726422,"[1 1 1 1 1 1 1 1 0 1 1 0 0 1 0 1 1 0 1 0 0 1 0 1 1 0 1 1 1 1 0 0 1 1 0 0 1 0 0 0]"
10,0.9948674741732041,"[1 1 1 1 1 1 1 1 1 1 0 1 1 1 1 0 0 1 0 0 1 0 0 1 0 0 0 1 1 0 0 0 1 1 1 1 0 1 0 1]"
10,0.9925300077169642,"[1 1 1 1 1 1 1 1 1 1 0 0 1 1 1 0 1 1 1 0 0 0 0 1 0 0 0 1 1 0 1 0 1 0 1 0 0 0 0 0]"
10,0.0009761918964741386,"[0 1 1 1 1 1 1 1 1 1 1 1 1 1 1 0 1 1 0 0 0 0 0 1 1 0 0 1 1 0 0 1 1 0 0 0 0 0 0 0]"
10,0.9949386337330092,"[1 1 1 1 1 1 1 1 1 1 0 1 1 1 1 0 1 1 0 0 0 0 0 1 0 0 0 0 1 0 0 0 1 0 1 0 0 0 1 1]"
10,0.9949410070490269,"[1 1 1 1 1 1 1 1 1 1 0 1 1 1 1 0 1 1 0 0 0 1 0 1 0 0 0 0 1 0 0 0 1 0 1 0 0 0 1 0]"
10,0.9949411182082294,"[1 1 1 1 1 1 1 1 1 1 0 1 1 1 1 0 1 1 0 0 0 1 0 1 0 0 1 1 1 0 0 0 1 0 0 1 1 0 0 0]"
10,0.4638662438901082,"[1 1 1 0 1 1 0 1 0 0 0 1 0 0 1 0 0 1 0 0 1 0 1 0 0 0 0 0 1 1 1 0 0 1 1 0 1 1 0 0]"
10,0.8478083559216553,"[1 1 1 1 1 0 1 1 1 1 0 0 1 1 1 0 1 1 1 0 0 0 0 1 0 0 0 1 1 0 1 0 1 0 0 0 0 0 0 0]"
10,0.9948674741732041,"[1 1 1 1 1 1 1 1 1 1 0 1 1 1 1 0 0 1 0 0 1 0 0 1 0 0 0 1 1 0 0 0 1 1 1 1 0 1 0 1]"
10,0.9945590044566012,"[1 1 1 1 1 1 1 1 1 1 0 1 1 1 0 0 0 1 0 0 0 0 0 1 0 0 0 1 1 0 0 0 1 0 1 0 1 0 0 0]"
10,0.9423710070888521,"[1 1 1 1 1 1 1 0 0 1 1 1 1 1 0 0 0 0 1 0 0 1 1 1 1 0 1 1 1 0 1 0 1 0 0 0 1 0 0 0]"
10,0.8478083643252071,"[1 1 1 1 1 0 1 1 1 1 0 0 1 1 1 0 1 1 1 0 0 0 0 1 0 0 0 1 1 1 1 0 1 0 1 1 0 0 0 0]"
10,0.9754429006874565,"[1 1 1 1 1 1 1 1 0 1 0 1 1 1 0 1 0 1 0 0 0 0 0 1 1 0 0 0 0 1 1 0 1 0 1 1 0 0 0 0]"
10,0.9984189778005359,"[1 1 1 1 1 1 1 1 1 1 1 1 0 1 0 1 1 0 1 0 0 0 0 1 1 0 0 1 1 0 0 0 1 0 0 0 1 0 0 1]"
10,0.9949386360416534,"[1 1 1 1 1 1 1 1 1 1 0 1 1 1 1 0 1 1 0 0 0 0 0 1 0 0 0 0 1 0 0 1 1 0 1 0 0 0 1 0]"
10,0.9197971027196963,"[1 1 1 1 1 1 0 1 1 1 0 1 1 1 1 0 0 1 1 0 0 0 1 1 1 0 0 0 0 0 0 0 1 1 1 1 0 0 1 0]"
10,0.9948642103001126,"[1 1 1 1 1 1 1 1 1 1 0 1 1 1 1 0 0 1 0 0 0 0 1 1 1 0 0 1 1 0 0 0 1 0 1 0 0 0 0 0]"
10,0.9803871901140286,"[1 1 1 1 1 1 1 1 0 1 1 1 1 1 1 0 0 1 0 1 0 0 0 1 0 0 0 1 1 0 0 0 0 1 1 1 0 0 0 1]"
10,0.9949414148833049,"[1 1 1 1 1 1 1 1 1 1 0 1 1 1 1 0 1 1 0 0 0 1 0 1 1 0 1 1 1 0 0 0 1 0 0 1 1 0 0 1]"
10,0.919496434005239,"[1 1 1 1 1 1 0 1 1 1 0 1 1 1 0 0 0 1 0 0 0 0 1 1 1 0 0 1 0 0 0 0 1 1 1 0 0 0 1 0]"
10,0.9949385224563609,"[1 1 1 1 1 1 1 1 1 1 0 1 1 1 1 0 1 1 0 0 0 0 0 0 1 1 0 1 1 0 0 0 1 0 1 0 0 0 0 0]"
10,0.7132456723495838,"[1 1 1 1 0 1 1 1 0 1 1 1 1 1 1 0 0 1 0 1 1 0 0 1 0 0 0 1 1 0 0 0 0 0 1 1 0 0 0 1]"
10,0.8167515448075668,"[1 1 1 1 1 0 1 0 1 1 0 1 1 1 1 0 1 1 0 0 0 0 0 1 0 0 0 1 1 0 0 1 1 1 1 0 0 0 0 0]"
10,0.9949401911274238,"[1 1 1 1 1 1 1 1 1 1 0 1 1 1 1 0 1 1 0 0 0 0 1 1 1 0 1 0 1 0 0 0 1 0 0 1 1 0 0 0]"
10,0.994634893073591,"[1 1 1 1 1 1 1 1 1 1 0 1 1 1 0 0 1 1 0 0 0 0 0 1 0 0 0 0 1 0 0 1 1 1 1 0 0 0 1 0]"
10,0.46371459710734764,"[1 1 1 0 1 1 0 1 0 0 0 1 0 0 0 0 0 1 0 0 1 1 1 0 0 0 0 0 1 1 1 0 0 1 1 1 1 1 0 0]"
10,0.9655053138213956,"[1 1 1 1 1 1 1 1 0 0 0 1 1 0 1 0 0 1 0 1 1 0 0 1 0 0 0 0 1 1 1 0 1 1 1 0 0 0 0 0]"
10,0.9643143202197679,"[1 1 1 1 1 1 1 1 0 0 0 1 0 0 1 0 0 1 0 0 1 0 0 1 1 0 0 1 1 1 1 0 1 1 1 0 0 0 0 0]"
10,0.9601637936530886,"[1 1 1 1 1 1 1 0 1 1 1 1 0 1 1 0 0 0 1 0 0 0 0 0 1 0 1 1 1 0 0 0 1 0 0 0 1 0 0 1]"
10,0.9743253803761937,"[1 1 1 1 1 1 1 1 0 1 0 1 0 1 0 1 1 1 0 0 0 0 1 1 0 0 1 1 1 0 0 0 1 0 0 1 1 1 0 0]"
10,0.8529187735362503,"[1 1 1 1 1 0 1 1 1 1 1 1 0 1 0 1 1 0 1 0 0 0 0 1 1 0 0 1 1 0 0 0 1 0 0 0 1 0 0 1]"
11,0.9567309048611837,"[1 1 1 1 1 1 1 0 1 1 0 1 1 1 1 0 1 1 0 0 0 0 0 1 0 0 0 0 1 0 0 1 1 0 1 0 0 0 1 0]"
11,0.9946351896574341,"[1 1 1 1 1 1 1 1 1 1 0 1 1 1 0 0 1 1 0 0 0 0 0 1 1 0 0 0 1 0 0 1 1 1 1 0 0 0 1 0]"
11,0.847939883950021,"[1 1 1 1 1 0 1 1 1 1 0 0 1 1 1 1 1 1 1 0 0 0 0 1 0 0 0 1 1 0 1 0 1 0 0 0 0 0 0 0]"
11,0.9945590044566012,"[1 1 1 1 1 1 1 1 1 1 0 1 1 1 0 0 0 1 0 0 0 0 0 1 0 0 0 1 1 0 0 0 1 0 1 0 1 0 0 0]"
11,0.9648462386370794,"[1 1 1 1 1 1 1 1 0 0 0 1 0 1 0 1 1 1 1 0 0 0 1 1 0 1 1 1 1 0 0 0 1 0 0 0 1 1 0 0]"
11,0.7241732629168379,"[1 1 1 1 0 1 1 1 1 1 0 1 1 1 1 0 1 1 0 0 0 0 0 1 1 0 0 1 0 0 0 0 1 0 1 0 0 1 0 0]"
11,0.9949401911274238,"[1 1 1 1 1 1 1 1 1 1 0 1 1 1 1 0 1 1 0 0 0 0 1 1 1 0 1 0 1 0 0 0 1 0 0 1 1 0 0 0]"
11,0.9803685269856965,"[1 1 1 1 1 1 1 1 0 1 1 1 1 1 1 0 0 0 1 1 0 0 0 1 0 0 1 1 1 0 0 0 0 1 1 1 0 0 0 1]"
11,0.9925113634558816,"[1 1 1 1 1 1 1 1 1 1 0 0 1 1 1 0 1 1 0 0 0 0 0 1 1 0 0 1 1 1 0 0 1 0 1 1 0 0 0 0]"
11,0.9766958693552438,"[1 1 1 1 1 1 1 1 0 1 1 0 0 1 0 1 1 0 1 0 0 1 0 1 1 1 1 1 1 1 0 0 1 1 0 0 1 0 0 0]"
11,0.9948630237193762,"[1 1 1 1 1 1 1 1 1 1 0 1 1 1 1 0 0 1 0 0 0 0 0 1 1 0 0 1 1 0 0 0 1 0 1 0 0 0 0 0]"
11,0.9969911245481639,"[1 1 1 1 1 1 1 1 1 1 1 0 1 1 0 0 0 1 0 0 0 0 0 1 0 0 0 1 1 0 0 0 1 0 1 1 1 0 0 0]"
11,0.9803918765306711,"[1 1 1 1 1 1 1 1 0 1 1 1 1 1 1 0 0 1 0 1 1 0 0 1 0 0 0 1 1 0 0 1 0 1 1 1 0 0 0 1]"
11,0.9643143190930715,"[1 1 1 1 1 1 1 1 0 0 0 1 0 0 1 0 0 1 0 0 1 0 0 1 1 0 0 1 1 1 1 0 0 1 1 0 0 0 0 0]"
11,0.9949386360416534,"[1 1 1 1 1 1 1 1 1 1 0 1 1 1 1 0 1 1 0 0 0 0 0 1 0 0 0 0 1 0 0 1 1 0 1 0 0 0 1 0]"
11,0.8498987865687644,"[1 1 1 1 1 0 1 1 1 1 0 1 1 1 1 0 1 1 0 0 0 0 0 1 1 0 0 1 1 0 0 0 1 0 1 0 0 0 0 0]"
11,0.9566575888006297,"[1 1 1 1 1 1 1 0 1 1 0 1 1 1 1 0 0 1 0 0 0 0 0 1 0 0 0 0 1 0 0 0 1 0 1 0 0 0 1 1]"
11,0.9755175089090886,"[1 1 1 1 1 1 1 1 0 1 0 1 1 1 0 1 1 1 0 0 0 0 0 1 1 0 0 0 0 1 1 0 1 0 1 1 0 0 0 0]"
11,0.9943315636548014,"[1 1 1 1 1 1 1 1 1 1 0 1 1 0 1 0 1 1 0 0 0 0 0 1 1 0 0 1 1 0 0 0 1 0 1 0 0 0 1 0]"
11,0.9949386360778675,"[1 1 1 1 1 1 1 1 1 1 0 1 1 1 1 0 1 1 0 0 0 0 0 1 0 0 0 0 1 0 0 1 1 0 1 0 0 1 1 0]"
11,0.9950905554988884,"[1 1 1 1 1 1 1 1 1 1 0 1 1 1 1 1 1 1 0 0 0 0 0 1 0 0 0 1 0 0 0 0 1 0 1 1 0 0 1 1]"
11,0.9925113170591788,"[1 1 1 1 1 1 1 1 1 1 0 0 1 1 1 0 1 1 0 0 0 0 0 1 1 0 0 0 1 0 0 0 1 0 1 0 0 0 0 0]"
11,0.9754429006874565,"[1 1 1 1 1 1 1 1 0 1 0 1 1 1 0 1 0 1 0 0 0 0 0 1 1 0 0 0 0 1 1 0 1 0 1 1 0 0 0 0]"
11,0.8498987865687644,"[1 1 1 1 1 0 1 1 1 1 0 1 1 1 1 0 1 1 0 0 0 0 0 1 1 0 0 1 1 0 0 0 1 0 1 0 0 0 0 0]"
11,0.9948677708194631,"[1 1 1 1 1 1 1 1 1 1 0 1 1 1 1 0 0 1 0 0 1 0 0 1 1 0 0 1 1 0 0 0 1 1 1 1 0 1 0 1]"
11,0.9925160904373532,"[1 1 1 1 1 1 1 1 1 1 0 0 1 1 1 0 1 1 0 0 1 0 0 1 1 0 0 1 1 0 0 0 1 0 1 1 0 0 0 0]"
11,5.42438791517817e-05,"[0 1 0 1 1 1 1 1 1 1 0 1 1 1 1 0 0 1 0 0 1 0 0 1 0 0 0 1 1 0 0 0 1 1 1 1 0 1 0 1]"
11,0.9937241625343324,"[1 1 1 1 1 1 1 1 1 1 0 1 0 1 1 0 1 1 0 0 0 0 0 1 0 0 0 0 1 0 0 1 1 0 1 0 0 0 1 1]"
11,0.47973433895711654,"[1 1 1 0 1 1 0 1 1 1 0 1 1 1 1 0 1 1 0 0 0 1 0 1 1 0 1 1 1 0 0 0 1 0 0 1 1 0 0 0]"
11,0.9998100837710502,"[1 1 1 1 1 1 1 1 1 1 1 1 1 1 1 0 1 1 0 0 0 0 0 1 0 1 0 1 1 0 0 0 1 0 1 0 0 0 0 0]"
11,0.9997387215557575,"[1 1 1 1 1 1 1 1 1 1 1 1 1 1 1 0 0 1 0 0 1 0 0 1 1 0 0 1 1 0 0 0 1 0 0 1 0 0 0 0]"
11,0.9949390422454248,"[1 1 1 1 1 1 1 1 1 1 0 1 1 1 1 0 1 1 0 0 0 0 0 1 1 0 1 1 1 0 0 0 1 1 1 0 0 1 0 1]"
11,0.9998103444968292,"[1 1 1 1 1 1 1 1 1 1 1 1 1 1 1 0 1 1 0 0 0 0 0 1 1 1 0 0 1 0 0 0 1 0 1 0 0 0 0 0]"
11,0.9765556852208073,"[1 1 1 1 1 1 1 1 0 1 1 0 0 1 0 0 1 0 1 1 0 1 0 1 1 0 1 1 1 1 0 0 1 1 0 0 1 0 0 0]"
11,0.919496434005239,"[1 1 1 1 1 1 0 1 1 1 0 1 1 1 0 0 0 1 0 0 0 0 1 1 1 0 0 1 0 0 0 0 1 1 1 0 0 0 1 0]"
11,0.5216310087828826,"[1 1 1 0 1 1 1 1 1 1 0 1 1 1 1 0 1 1 0 0 0 1 0 1 1 0 1 1 1 0 0 0 1 0 0 1 1 0 0 1]"
11,0.9949389212905341,"[1 1 1 1 1 1 1 1 1 1 0 1 1 1 1 0 1 1 0 0 0 0 0 1 1 0 0 0 0 1 0 0 1 0 1 1 0 1 0 1]"
11,0.9754473182263611,"[1 1 1 1 1 1 1 1 0 1 0 1 1 1 0 1 0 1 0 0 1 0 0 1 0 0 0 1 1 0 1 0 1 1 1 1 0 0 0 0]"
11,0.9948867560468738,"[1 1 1 1 1 1 1 1 1 1 0 1 1 1 1 0 0 1 1 0 1 0 0 1 1 0 0 1 1 0 0 0 1 1 0 1 0 1 0 0]"
11,0.8529019866557046,"[1 1 1 1 1 0 1 1 1 1 1 1 0 1 0 1 1 0 0 0 0 0 0 1 0 0 0 1 1 0 0 0 1 0 1 0 1 0 0 1]"
11,0.9940276563354722,"[1 1 1 1 1 1 1 1 1 1 0 1 1 0 0 0 1 1 0 0 0 0 0 1 0 0 0 0 1 0 0 1 1 1 1 0 0 0 1 0]"
11,0.9936308543438331,"[1 1 1 1 1 1 1 1 1 1 0 1 0 1 1 0 0 0 1 0 0 0 1 1 1 0 0 1 1 0 0 0 1 0 1 0 1 0 0 0]"
11,0.9949414148742514,"[1 1 1 1 1 1 1 1 1 1 0 1 1 1 1 0 1 1 0 0 0 1 0 1 1 0 1 1 1 0 0 0 1 0 0 1 1 0 0 0]"
11,0.9949408215513406,"[1 1 1 1 1 1 1 1 1 1 0 1 1 1 1 0 1 1 0 0 0 1 0 0 1 0 1 1 1 0 0 0 1 0 0 1 1 0 0 1]"
11,0.9936308531863552,"[1 1 1 1 1 1 1 1 1 1 0 1 0 1 1 0 0 0 1 0 0 0 1 1 1 0 0 1 1 0 0 0 0 0 1 0 1 0 0 0]"
11,0.9998098981385521,"[1 1 1 1 1 1 1 1 1 1 1 1 1 1 1 0 1 1 0 0 0 0 0 1 0 0 0 0 1 0 0 0 1 1 1 0 0 0 1 0]"
11,9.345075116642955e-07,"[0 0 1 1 1 1 1 1 1 1 0 1 1 1 1 0 1 1 0 0 0 1 0 1 0 0 1 0 0 0 0 0 1 0 0 1 1 0 0 0]"
11,0.9766957234726422,"[1 1 1 1 1 1 1 1 0 1 1 0 0 1 0 1 1 0 1 0 0 1 0 1 1 0 1 1 1 1 0 0 1 1 0 0 1 0 0 0]"
11,0.7087040836948945,"[1 1 1 1 0 1 1 1 0 1 0 1 0 1 0 1 1 1 1 0 0 0 1 1 0 1 1 1 1 0 0 0 1 0 0 0 1 1 0 0]"
11,0.2630184770648229,"[1 1 0 1 1 1 1 1 1 1 1 1 1 1 1 0 1 1 0 0 0 0 0 1 0 1 0 1 1 0 0 0 1 0 1 0 0 0 0 0]"
12,0.9946351861818418,"[1 1 1 1 1 1 1 1 1 1 0 1 1 1 0 0 1 1 0 0 0 0 0 1 1 0 0 0 1 0 0 0 0 1 1 0 0 0 1 0]"
12,0.9243879955516214,"[1 1 1 1 1 1 0 1 1 1 1 1 1 1 1 0 1 1 0 0 0 0 0 1 0 0 0 0 1 0 1 0 1 1 1 0 0 0 1 0]"
12,0.9936675979334861,"[1 1 1 1 1 1 1 1 1 1 0 1 0 1 1 0 0 1 1 0 0 0 0 1 1 0 0 1 1 0 0 0 1 0 1 0 1 0 0 0]"
12,0.9566953928423713,"[1 1 1 1 1 1 1 0 1 1 0 1 1 1 1 0 1 0 0 0 0 0 1 1 0 0 0 0 1 0 0 1 1 0 1 0 0 0 1 0]"
12,0.9998098981385521,"[1 1 1 1 1 1 1 1 1 1 1 1 1 1 1 0 1 1 0 0 0 0 0 1 0 0 0 0 1 0 0 0 1 1 1 0 0 0 1 0]"
12,0.9949389259259308,"[1 1 1 1 1 1 1 1 1 1 0 1 1 1 1 0 1 1 0 0 0 0 0 1 1 0 0 0 0 1 1 0 1 0 1 1 0 1 0 1]"
12,0.9949389212905341,"[1 1 1 1 1 1 1 1 1 1 0 1 1 1 1 0 1 1 0 0 0 0 0 1 1 0 0 0 0 1 0 0 1 0 1 1 0 1 0 1]"
12,0.9922130131775533,"[1 1 1 1 1 1 1 1 1 1 0 0 1 1 0 0 1 1 0 0 1 0 0 1 1 0 0 1 1 0 0 0 1 1 1 1 0 0 0 0]"
12,0.9920615049181055,"[1 1 1 1 1 1 1 1 1 1 0 0 1 0 1 1 1 1 0 0 1 0 0 1 1 0 0 1 1 0 0 0 1 0 1 1 0 0 0 0]"
12,0.9949389212905341,"[1 1 1 1 1 1 1 1 1 1 0 1 1 1 1 0 1 1 0 0 0 0 0 1 1 0 0 0 0 1 0 0 1 0 1 1 0 1 0 1]"
12,0.9948867583735159,"[1 1 1 1 1 1 1 1 1 1 0 1 1 1 1 0 0 1 1 0 1 0 0 1 1 0 0 1 1 0 0 1 1 1 0 1 0 1 0 1]"
12,0.9937241717949381,"[1 1 1 1 1 1 1 1 1 1 0 1 0 1 1 0 1 1 0 0 0 0 0 1 0 0 0 0 1 1 0 1 1 0 1 0 0 0 1 1]"
12,0.849916324961178,"[1 1 1 1 1 0 1 1 1 1 0 1 1 1 1 0 1 1 1 0 0 0 1 1 1 0 1 0 1 0 0 0 1 0 0 1 1 0 0 1]"
12,0.994940821542287,"[1 1 1 1 1 1 1 1 1 1 0 1 1 1 1 0 1 1 0 0 0 1 0 0 1 0 1 1 1 0 0 0 1 0 0 1 1 0 0 0]"
12,0.9766957234726422,"[1 1 1 1 1 1 1 1 0 1 1 0 0 1 0 1 1 0 1 0 0 1 0 1 1 0 1 1 1 1 0 0 1 1 0 0 1 0 0 0]"
12,0.9943315636548014,"[1 1 1 1 1 1 1 1 1 1 0 1 1 0 1 0 1 1 0 0 0 0 0 1 1 0 0 1 1 0 0 0 1 0 1 0 0 0 1 0]"
12,0.9997578658284495,"[1 1 1 1 1 1 1 1 1 1 1 1 1 1 1 0 0 1 1 0 1 0 0 1 1 0 1 1 1 0 0 0 1 1 0 1 0 1 0 0]"
12,0.9925137221020508,"[1 1 1 1 1 1 1 1 1 1 0 0 1 1 1 0 1 1 0 0 0 1 0 1 1 0 0 1 1 0 0 0 1 0 0 1 1 0 0 0]"
12,0.9766957237575692,"[1 1 1 1 1 1 1 1 0 1 1 0 0 1 0 1 1 0 1 0 0 1 0 1 1 0 1 1 1 1 0 0 1 1 1 0 1 0 0 0]"
12,0.9949389212905341,"[1 1 1 1 1 1 1 1 1 1 0 1 1 1 1 0 1 1 0 0 0 0 0 1 1 0 0 0 0 1 0 0 1 0 1 1 0 1 0 1]"
12,0.9766958693552438,"[1 1 1 1 1 1 1 1 0 1 1 0 0 1 0 1 1 0 1 0 0 1 0 1 1 1 1 1 1 1 0 0 1 1 0 0 1 0 0 0]"
12,0.9671032762813464,"[1 1 1 1 1 1 1 1 0 0 1 0 0 1 0 1 0 0 1 0 0 1 0 1 1 1 1 1 1 1 0 0 1 1 0 0 1 0 0 0]"
12,0.520272728029976,"[1 1 1 0 1 1 1 1 1 1 0 0 1 1 1 0 1 1 0 0 0 0 1 1 1 0 0 0 1 0 0 0 1 0 1 0 0 0 0 0]"
12,0.985260420030432,"[1 1 1 1 1 1 1 1 1 0 0 1 1 1 1 0 1 1 0 0 0 0 0 1 1 0 0 0 0 1 0 0 1 0 1 1 0 1 0 1]"
12,0.9997387215557575,"[1 1 1 1 1 1 1 1 1 1 1 1 1 1 1 0 0 1 0 0 1 0 0 1 1 0 0 1 1 0 0 0 1 0 0 1 0 0 0 0]"
12,0.9918295120086712,"[1 1 1 1 1 1 1 1 1 1 0 0 1 0 1 0 0 1 0 0 0 0 0 1 1 0 0 0 1 0 0 0 1 0 1 0 0 0 0 0]"
12,0.9949408307678289,"[1 1 1 1 1 1 1 1 1 1 0 1 1 1 1 0 1 1 0 0 0 1 0 0 1 0 1 1 1 1 0 0 1 0 0 1 0 0 1 1]"
12,0.8540927703353084,"[1 1 1 1 1 0 1 1 1 1 1 1 1 1 1 0 1 0 0 0 0 0 0 1 0 0 0 0 1 0 0 0 1 1 1 0 0 0 1 0]"
12,0.9815415681178078,"[1 1 1 1 1 1 1 1 1 0 0 0 0 1 1 0 0 0 0 0 0 0 1 1 1 0 0 1 1 1 0 0 1 0 1 0 1 0 0 0]"
12,0.9946351896574341,"[1 1 1 1 1 1 1 1 1 1 0 1 1 1 0 0 1 1 0 0 0 0 0 1 1 0 0 0 1 0 0 1 1 1 1 0 0 0 1 0]"
12,0.9946399350097478,"[1 1 1 1 1 1 1 1 1 1 0 1 1 1 0 0 1 1 0 0 1 0 0 1 1 0 0 0 1 0 0 1 1 1 1 0 0 0 1 0]"
12,0.9949389212905341,"[1 1 1 1 1 1 1 1 1 1 0 1 1 1 1 0 1 1 0 0 0 0 0 1 1 0 0 0 0 1 0 0 1 0 1 1 0 1 0 1]"
12,0.9198488461210743,"[1 1 1 1 1 1 0 1 1 1 0 1 1 1 1 0 1 1 0 0 0 0 0 1 0 0 0 1 1 0 0 0 1 0 1 0 0 0 0 0]"
12,0.4989792950262292,"[1 1 1 0 1 1 1 0 1 1 0 0 1 1 1 0 1 1 0 0 0 0 0 1 1 0 0 0 1 0 0 0 1 0 1 0 0 0 0 0]"
12,0.9949414148742514,"[1 1 1 1 1 1 1 1 1 1 0 1 1 1 1 0 1 1 0 0 0 1 0 1 1 0 1 1 1 0 0 0 1 0 0 1 1 0 0 0]"
12,0.9854295490722835,"[1 1 1 1 1 1 1 1 1 0 0 1 1 1 1 1 1 1 1 0 0 0 0 1 0 0 0 1 0 0 0 0 1 0 1 1 0 0 1 1]"
12,0.9936308543438331,"[1 1 1 1 1 1 1 1 1 1 0 1 0 1 1 0 0 0 1 0 0 0 1 1 1 0 0 1 1 0 0 0 1 0 1 0 1 0 0 0]"
12,0.9948630225606065,"[1 1 1 1 1 1 1 1 1 1 0 1 1 1 1 0 0 1 0 0 0 0 0 1 1 0 0 1 1 0 0 0 0 0 1 0 0 0 0 0]"
12,0.7278047824266825,"[1 1 1 1 0 1 1 1 1 1 1 1 1 1 1 0 1 0 0 0 0 0 0 1 0 1 0 1 1 0 0 0 1 0 1 0 0 0 0 0]"
12,0.9804059999433673,"[1 1 1 1 1 1 1 1 0 1 1 1 1 1 1 0 0 1 1 1 0 0 0 1 0 0 1 1 1 0 0 0 0 1 1 1 0 0 0 1]"
12,0.9948689562465194,"[1 1 1 1 1 1 1 1 1 1 0 1 1 1 1 0 0 1 0 0 1 0 1 1 1 0 0 1 1 0 0 0 0 1 1 1 0 1 0 1]"
12,0.9948630237193762,"[1 1 1 1 1 1 1 1 1 1 0 1 1 1 1 0 0 1 0 0 0 0 0 1 1 0 0 1 1 0 0 0 1 0 1 0 0 0 0 0]"
12,0.5216306769594588,"[1 1 1 0 1 1 1 1 1 1 0 1 1 1 1 0 1 1 0 0 0 1 0 0 1 0 1 1 1 0 0 0 1 0 0 1 1 0 0 1]"
12,0.9926626091851283,"[1 1 1 1 1 1 1 1 1 1 0 0 1 1 1 1 1 1 0 0 0 0 0 1 0 0 0 1 0 0 0 0 1 0 1 1 0 0 1 1]"
12,0.9198491922484904,"[1 1 1 1 1 1 0 1 1 1 0 1 1 1 1 0 1 1 0 0 0 0 0 1 1 0 1 1 1 0 0 0 1 1 1 0 0 1 0 1]"
12,0.9803685269856965,"[1 1 1 1 1 1 1 1 0 1 1 1 1 1 1 0 0 0 1 1 0 0 0 1 0 0 1 1 1 0 0 0 0 1 1 1 0 0 0 1]"
12,0.0009667049709113039,"[0 1 1 1 1 1 1 1 1 1 0 1 1 1 1 0 1 1 0 0 0 1 0 1 1 0 1 1 1 1 0 0 1 0 0 1 1 0 0 0]"
12,0.9948677708194631,"[1 1 1 1 1 1 1 1 1 1 0 1 1 1 1 0 0 1 0 0 1 0 0 1 1 0 0 1 1 0 0 0 1 1 1 1 0 1 0 1]"
12,0.9925113634558816,"[1 1 1 1 1 1 1 1 1 1 0 0 1 1 1 0 1 1 0 0 0 0 0 1 1 0 0 1 1 1 0 0 1 0 1 1 0 0 0 0]"
12,0.9998103445695764,"[1 1 1 1 1 1 1 1 1 1 1 1 1 1 1 0 1 1 0 0 0 0 0 1 1 1 0 0 1 0 0 0 1 0 1 0 1 0 0 0]"
13,0.9961544545196601,"[1 1 1 1 1 1 1 1 1 1 1 0 0 1 1 0 1 1 0 0 0 0 0 1 0 0 0 0 1 1 0 1 1 0 1 0 0 0 1 1]"
13,0.5148742480294654,"[1 1 1 0 1 1 1 1 1 0 0 0 1 1 1 0 1 1 0 0 0 0 1 1 1 0 0 0 1 0 0 0 1 0 1 0 0 0 0 0]"
13,0.9765463502647876,"[1 1 1 1 1 1 1 1 0 1 1 0 0 1 0 0 1 0 1 0 0 1 0 1 1 0 1 1 1 1 0 0 1 1 1 0 1 0 0 0]"
13,0.9944833371504136,"[1 1 1 1 1 1 1 1 1 1 0 1 1 0 1 1 1 1 0 0 0 0 0 1 1 0 0 0 0 1 0 0 1 0 1 1 0 1 0 1]"
13,0.9997387597182746,"[1 1 1 1 1 1 1 1 1 1 1 1 1 1 1 0 0 1 0 0 1 0 0 1 1 0 1 0 1 0 0 0 1 1 1 1 0 1 0 1]"
13,0.9173101398279534,"[1 1 1 1 1 1 0 1 1 1 0 0 1 1 0 0 1 1 0 0 1 0 1 1 1 0 0 0 1 0 0 0 1 1 1 1 0 1 0 0]"
13,0.992212978371378,"[1 1 1 1 1 1 1 1 1 1 0 0 1 1 0 0 1 1 0 0 1 0 0 1 1 0 0 0 1 0 0 1 1 1 1 0 0 0 1 0]"
13,0.9948867583735159,"[1 1 1 1 1 1 1 1 1 1 0 1 1 1 1 0 0 1 1 0 1 0 0 1 1 0 0 1 1 0 0 1 1 1 0 1 0 1 0 1]"
13,0.9998098981385521,"[1 1 1 1 1 1 1 1 1 1 1 1 1 1 1 0 1 1 0 0 0 0 0 1 0 0 0 0 1 0 0 0 1 1 1 0 0 0 1 0]"
13,0.05572951584333861,"[1 0 1 1 1 1 1 1 1 1 0 0 1 1 0 0 1 1 0 0 1 0 0 1 1 0 0 1 1 0 0 1 1 1 1 1 0 1 0 0]"
13,0.9998098981385521,"[1 1 1 1 1 1 1 1 1 1 1 1 1 1 1 0 1 1 0 0 0 0 0 1 0 0 0 0 1 0 0 0 1 1 1 0 0 0 1 0]"
13,0.9949579126741852,"[1 1 1 1 1 1 1 1 1 1 0 1 1 1 1 0 1 1 1 0 0 0 0 1 1 0 0 0 0 1 1 0 1 0 1 1 0 1 0 1]"
13,0.9816530769142063,"[1 1 1 1 1 1 1 1 1 0 0 0 0 1 1 0 1 1 0 0 0 0 0 1 1 1 0 1 1 0 0 0 1 0 1 0 1 0 0 0]"
13,0.9949515108372676,"[1 1 1 1 1 1 1 1 1 1 0 1 1 1 1 0 1 1 0 1 0 1 1 0 1 0 1 1 1 1 0 0 1 0 0 1 1 0 0 0]"
13,0.9991478149268481,"[1 1 1 1 1 1 1 1 1 1 1 1 1 0 1 0 0 1 1 0 1 0 0 1 1 0 1 1 1 0 0 0 1 1 0 1 1 1 0 0]"
13,0.9949389213629621,"[1 1 1 1 1 1 1 1 1 1 0 1 1 1 1 0 1 1 0 0 0 0 0 1 1 0 0 0 0 1 0 0 1 0 1 1 1 1 0 1]"
13,0.9854295490722835,"[1 1 1 1 1 1 1 1 1 0 0 1 1 1 1 1 1 1 1 0 0 0 0 1 0 0 0 1 0 0 0 0 1 0 1 1 0 0 1 1]"
13,0.9925149061606624,"[1 1 1 1 1 1 1 1 1 1 0 0 1 1 1 0 1 1 0 0 0 1 1 1 1 0 0 1 1 0 0 0 1 0 0 1 1 0 0 0]"
13,0.9936687832309314,"[1 1 1 1 1 1 1 1 1 1 0 1 0 1 1 0 0 1 1 0 0 0 1 1 1 0 0 1 1 0 0 0 1 0 1 0 1 0 0 0]"
13,0.9943310538061588,"[1 1 1 1 1 1 1 1 1 1 0 1 1 0 1 0 1 1 0 0 0 0 0 0 1 0 1 1 1 1 0 0 1 0 0 0 1 0 0 0]"
13,0.9849618080867232,"[1 1 1 1 1 1 1 1 1 0 0 1 1 1 0 0 1 1 0 0 0 1 0 1 1 0 1 1 1 0 0 0 1 0 0 1 1 0 1 0]"
13,0.9949383399376944,"[1 1 1 1 1 1 1 1 1 1 0 1 1 1 1 0 1 1 0 0 0 0 0 0 1 0 0 0 1 0 0 1 1 1 1 0 0 0 0 0]"
13,0.9950927341465903,"[1 1 1 1 1 1 1 1 1 1 0 1 1 1 1 1 1 1 0 0 0 1 0 0 1 0 1 1 1 1 0 0 1 0 0 1 0 0 1 1]"
13,0.985208714021816,"[1 1 1 1 1 1 1 1 1 0 0 1 1 1 1 0 0 1 1 0 1 0 0 1 1 0 0 1 1 0 0 1 1 1 0 1 0 1 0 1]"
13,0.9919100917324214,"[1 1 1 1 1 1 1 1 1 1 0 0 1 0 1 0 1 1 0 0 1 0 0 1 1 0 1 1 1 0 0 0 1 0 0 1 0 0 0 0]"
13,0.9998912843314047,"[1 1 1 1 1 1 1 1 1 1 1 1 1 1 1 1 0 1 0 0 1 0 0 1 1 0 0 1 1 0 0 0 1 0 1 1 0 0 0 0]"
13,0.9997387308667933,"[1 1 1 1 1 1 1 1 1 1 1 1 1 1 1 0 0 1 0 0 1 0 0 1 1 0 0 1 1 1 0 0 1 0 0 1 0 0 0 0]"
13,0.6677668749674266,"[1 1 1 1 0 1 0 1 1 1 0 1 1 1 1 0 0 1 0 0 0 1 0 1 1 0 1 1 1 0 0 0 1 0 0 1 1 0 0 0]"
13,0.9936308543438331,"[1 1 1 1 1 1 1 1 1 1 0 1 0 1 1 0 0 0 1 0 0 0 1 1 1 0 0 1 1 0 0 0 1 0 1 0 1 0 0 0]"
13,0.9950149164430664,"[1 1 1 1 1 1 1 1 1 1 0 1 1 1 1 1 0 1 0 0 0 0 0 1 1 0 0 1 1 0 0 0 1 0 1 0 0 1 0 0]"
13,0.9243882733508533,"[1 1 1 1 1 1 0 1 1 1 1 1 1 1 1 0 1 1 0 0 0 0 0 1 1 0 0 0 1 0 1 0 1 1 1 1 0 0 1 0]"
13,0.9949389444675181,"[1 1 1 1 1 1 1 1 1 1 0 1 1 1 1 0 1 1 0 0 0 0 0 1 1 0 0 0 1 1 1 0 1 0 1 1 0 1 0 1]"
13,0.9949414148742514,"[1 1 1 1 1 1 1 1 1 1 0 1 1 1 1 0 1 1 0 0 0 1 0 1 1 0 1 1 1 0 0 0 1 0 0 1 1 0 0 0]"
13,0.9948677708104102,"[1 1 1 1 1 1 1 1 1 1 0 1 1 1 1 0 0 1 0 0 1 0 0 1 1 0 0 1 1 0 0 0 1 1 1 1 0 1 0 0]"
13,0.0009620213128254244,"[0 1 1 1 1 1 1 1 1 1 0 0 1 1 1 0 1 1 1 0 0 0 0 0 1 0 1 1 1 0 0 0 1 1 0 1 0 0 0 0]"
13,0.9997411803629589,"[1 1 1 1 1 1 1 1 1 1 1 1 1 1 1 0 0 1 0 0 1 1 0 1 1 0 1 1 1 0 0 0 1 1 0 1 1 1 0 0]"
13,0.994943667476222,"[1 1 1 1 1 1 1 1 1 1 0 1 1 1 1 0 1 1 0 0 1 0 0 1 1 0 0 0 0 1 0 0 1 0 0 0 0 0 0 1]"
13,0.9567330239003861,"[1 1 1 1 1 1 1 0 1 1 0 1 1 1 1 0 1 1 0 0 0 1 0 0 1 0 1 1 1 1 0 0 1 0 1 1 0 1 1 1]"
13,0.9949389259259308,"[1 1 1 1 1 1 1 1 1 1 0 1 1 1 1 0 1 1 0 0 0 0 0 1 1 0 0 0 0 1 1 0 1 0 1 1 0 1 0 1]"
13,0.9926626831987453,"[1 1 1 1 1 1 1 1 1 1 0 0 1 1 1 1 1 1 0 0 0 0 0 1 0 0 1 1 0 0 0 0 1 0 1 1 0 0 1 1]"
13,0.9949389212905341,"[1 1 1 1 1 1 1 1 1 1 0 1 1 1 1 0 1 1 0 0 0 0 0 1 1 0 0 0 0 1 0 0 1 0 1 1 0 1 0 1]"
13,0.9555611697695785,"[1 1 1 1 1 1 1 0 1 1 0 1 0 1 1 0 1 1 0 0 0 1 0 1 1 0 1 1 1 0 0 0 1 0 0 1 1 0 0 0]"
13,0.9937263548402206,"[1 1 1 1 1 1 1 1 1 1 0 1 0 1 1 0 1 1 0 0 0 1 0 0 1 0 1 1 1 1 0 0 1 0 0 1 0 0 1 1]"
13,0.9948648892223647,"[1 1 1 1 1 1 1 1 1 1 0 1 1 1 1 0 0 1 0 0 0 1 0 0 1 0 1 1 1 1 0 1 1 0 0 1 0 0 1 1]"
13,0.9997577913388825,"[1 1 1 1 1 1 1 1 1 1 1 1 1 1 1 0 0 1 1 0 1 0 0 1 1 0 0 1 1 0 0 0 1 1 0 1 0 1 0 0]"
13,0.994886832536367,"[1 1 1 1 1 1 1 1 1 1 0 1 1 1 1 0 0 1 1 0 1 0 0 1 1 0 1 1 1 0 0 1 1 1 0 1 0 1 0 1]"
13,0.9950202564470064,"[1 1 1 1 1 1 1 1 1 1 0 1 1 1 1 1 0 1 0 0 1 0 1 0 1 0 0 1 1 0 0 0 0 1 1 1 1 1 0 1]"
13,0.9948689562465194,"[1 1 1 1 1 1 1 1 1 1 0 1 1 1 1 0 0 1 0 0 1 0 1 1 1 0 0 1 1 0 0 0 0 1 1 1 0 1 0 1]"
13,0.9567311802321227,"[1 1 1 1 1 1 1 0 1 1 0 1 1 1 1 0 1 1 0 0 0 0 0 1 1 0 0 0 0 1 0 0 1 0 1 1 0 1 0 1]"
13,0.9948677521342227,"[1 1 1 1 1 1 1 1 1 1 0 1 1 1 1 0 0 1 0 0 1 0 0 1 1 0 0 1 0 0 0 0 1 1 1 0 0 1 0 1]"
14,0.9998914423497526,"[1 1 1 1 1 1 1 1 1 1 1 1 1 1 1 1 0 1 0 0 1 0 0 1 1 1 0 1 1 1 0 0 1 0 0 1 0 0 0 0]"
14,0.524324981176701,"[1 1 1 0 1 1 1 1 1 1 1 1 1 1 1 0 0 1 1 0 1 0 0 1 1 0 0 1 1 0 1 0 1 1 0 1 0 1 0 0]"
14,0.055931303145519196,"[1 0 1 1 1 1 1 1 1 1 0 1 1 1 1 0 1 0 0 0 1 0 0 1 1 0 0 0 0 1 0 0 1 0 1 1 1 1 0 1]"
14,0.9948868418067237,"[1 1 1 1 1 1 1 1 1 1 0 1 1 1 1 0 0 1 1 0 1 0 0 1 1 0 1 1 1 1 0 1 1 1 0 1 0 1 0 1]"
14,0.9948654825859982,"[1 1 1 1 1 1 1 1 1 1 0 1 1 1 1 0 0 1 0 0 0 1 0 1 1 0 1 1 1 1 0 1 1 0 0 1 1 0 1 1]"
14,0.9948702179278139,"[1 1 1 1 1 1 1 1 1 1 0 1 1 1 1 0 0 1 0 0 1 1 0 1 1 0 1 1 1 0 0 0 1 1 0 1 1 1 0 0]"
14,0.9948623950870314,"[1 1 1 1 1 1 1 1 1 1 0 1 1 1 1 0 0 1 0 0 0 0 0 0 1 0 0 0 1 0 0 1 0 1 1 0 0 0 0 0]"
14,0.9967109598694487,"[1 1 1 1 1 1 1 1 1 1 1 0 1 0 1 0 0 1 1 0 1 0 0 1 1 0 1 1 1 0 0 0 1 1 0 1 1 1 0 0]"
14,0.9756685791017631,"[1 1 1 1 1 1 1 1 0 1 0 1 1 1 1 0 1 1 0 0 0 1 0 0 1 0 1 0 1 1 0 1 1 1 1 1 0 0 1 1]"
14,0.9998098978475637,"[1 1 1 1 1 1 1 1 1 1 1 1 1 1 1 0 1 1 0 0 0 0 0 1 0 0 0 0 1 0 0 0 1 1 0 0 0 0 1 0]"
14,0.9949515106924098,"[1 1 1 1 1 1 1 1 1 1 0 1 1 1 1 0 1 1 0 1 0 1 1 0 1 0 1 1 1 1 0 0 1 0 0 0 1 0 0 0]"
14,0.2615558453164351,"[1 1 0 1 1 1 1 1 1 1 0 1 1 1 1 0 1 1 0 0 1 0 0 1 1 0 0 0 0 1 0 0 1 0 0 0 0 0 0 1]"
14,0.853551284580418,"[1 1 1 1 1 0 1 1 1 1 1 1 1 0 1 0 0 1 1 0 1 0 0 1 1 0 1 1 1 0 0 0 1 1 0 1 1 1 0 0]"
14,0.9926626831987453,"[1 1 1 1 1 1 1 1 1 1 0 0 1 1 1 1 1 1 0 0 0 0 0 1 0 0 1 1 0 0 0 0 1 0 1 1 0 0 1 1]"
14,0.9936308543438331,"[1 1 1 1 1 1 1 1 1 1 0 1 0 1 1 0 0 0 1 0 0 0 1 1 1 0 0 1 1 0 0 0 1 0 1 0 1 0 0 0]"
14,0.9948623962458004,"[1 1 1 1 1 1 1 1 1 1 0 1 1 1 1 0 0 1 0 0 0 0 0 0 1 0 0 0 1 0 0 1 1 1 1 0 0 0 0 0]"
14,0.9949579126741852,"[1 1 1 1 1 1 1 1 1 1 0 1 1 1 1 0 1 1 1 0 0 0 0 1 1 0 0 0 0 1 1 0 1 0 1 1 0 1 0 1]"
14,0.994886832536367,"[1 1 1 1 1 1 1 1 1 1 0 1 1 1 1 0 0 1 1 0 1 0 0 1 1 0 1 1 1 0 0 1 1 1 0 1 0 1 0 1]"
14,0.9853357495261543,"[1 1 1 1 1 1 1 1 1 0 0 1 1 1 1 1 0 1 0 0 0 0 0 1 1 0 0 1 1 0 0 0 1 0 1 0 0 1 0 0]"
14,0.9756664812688669,"[1 1 1 1 1 1 1 1 0 1 0 1 1 1 1 0 1 1 0 0 0 0 0 1 0 0 0 1 0 1 0 0 1 0 1 1 1 1 0 1]"
14,0.9998098981385521,"[1 1 1 1 1 1 1 1 1 1 1 1 1 1 1 0 1 1 0 0 0 0 0 1 0 0 0 0 1 0 0 0 1 1 1 0 0 0 1 0]"
14,0.9948867582286666,"[1 1 1 1 1 1 1 1 1 1 0 1 1 1 1 0 0 1 1 0 1 0 0 1 1 0 0 1 1 0 0 1 1 1 0 0 0 1 0 1]"
14,0.9949579126741852,"[1 1 1 1 1 1 1 1 1 1 0 1 1 1 1 0 1 1 1 0 0 0 0 1 1 0 0 0 0 1 1 0 1 0 1 1 0 1 0 1]"
14,0.9949389212905341,"[1 1 1 1 1 1 1 1 1 1 0 1 1 1 1 0 1 1 0 0 0 0 0 1 1 0 0 0 0 1 0 0 1 0 1 1 0 1 0 1]"
14,0.9998098981385521,"[1 1 1 1 1 1 1 1 1 1 1 1 1 1 1 0 1 1 0 0 0 0 0 1 0 0 0 0 1 0 0 0 1 1 1 0 0 0 1 0]"
14,0.9949515108372676,"[1 1 1 1 1 1 1 1 1 1 0 1 1 1 1 0 1 1 0 1 0 1 1 0 1 0 1 1 1 1 0 0 1 0 0 1 1 0 0 0]"
14,0.9555633598383796,"[1 1 1 1 1 1 1 0 1 1 0 1 0 1 1 0 1 1 0 0 1 0 0 1 1 0 0 0 1 1 0 0 1 0 0 0 0 0 0 0]"
14,0.9949579126741852,"[1 1 1 1 1 1 1 1 1 1 0 1 1 1 1 0 1 1 1 0 0 0 0 1 1 0 0 0 0 1 1 0 1 0 1 1 0 1 0 1]"
14,0.2616038440548274,"[1 1 0 1 1 1 1 1 1 1 0 1 1 1 1 1 1 1 0 1 0 1 1 0 1 0 1 1 1 1 0 0 1 0 0 1 1 0 0 0]"
14,0.9567311981316294,"[1 1 1 1 1 1 1 0 1 1 0 1 1 1 1 0 1 1 0 0 0 0 0 1 1 0 0 0 1 1 0 0 1 0 1 1 0 1 0 1]"
14,0.9840046412592849,"[1 1 1 1 1 1 1 1 1 0 0 1 0 1 1 0 0 1 1 0 1 0 0 1 0 0 0 1 1 0 0 1 1 0 0 1 0 1 0 1]"
14,0.9973718985938899,"[1 1 1 1 1 1 1 1 1 1 1 0 1 1 1 0 1 1 0 0 0 0 0 1 1 0 0 0 1 1 0 1 1 1 1 0 0 0 1 1]"
14,0.9944833371504136,"[1 1 1 1 1 1 1 1 1 1 0 1 1 0 1 1 1 1 0 0 0 0 0 1 1 0 0 0 0 1 0 0 1 0 1 1 0 1 0 1]"
14,0.9949389213629621,"[1 1 1 1 1 1 1 1 1 1 0 1 1 1 1 0 1 1 0 0 0 0 0 1 1 0 0 0 0 1 0 0 1 0 1 1 1 1 0 1]"
14,0.9919124585546513,"[1 1 1 1 1 1 1 1 1 1 0 0 1 0 1 0 1 1 0 0 1 1 0 1 1 0 1 1 1 0 0 0 1 0 0 1 0 0 0 0]"
14,0.9949579149919234,"[1 1 1 1 1 1 1 1 1 1 0 1 1 1 1 0 1 1 1 0 0 0 0 1 1 0 0 0 0 1 1 1 1 0 1 1 0 1 0 1]"
14,0.9765276800239125,"[1 1 1 1 1 1 1 1 0 1 1 0 0 1 0 0 1 0 0 0 0 1 0 1 1 0 1 1 1 1 0 0 1 1 1 0 1 0 0 0]"
14,0.9936308543438331,"[1 1 1 1 1 1 1 1 1 1 0 1 0 1 1 0 0 0 1 0 0 0 1 1 1 0 0 1 1 0 0 0 1 0 1 0 1 0 0 0]"
14,0.9998340712717352,"[1 1 1 1 1 1 1 1 1 1 1 1 1 1 1 0 1 1 1 0 1 0 0 1 1 0 0 1 1 0 0 0 1 1 0 1 0 1 0 0]"
14,0.9950149164430664,"[1 1 1 1 1 1 1 1 1 1 0 1 1 1 1 1 0 1 0 0 0 0 0 1 1 0 0 1 1 0 0 0 1 0 1 0 0 1 0 0]"
14,0.9473375173484817,"[1 1 1 1 1 1 1 0 1 0 0 1 1 1 1 0 0 1 1 0 1 0 0 0 1 0 0 1 1 0 0 1 1 1 0 1 0 1 0 1]"
14,0.9566602845907601,"[1 1 1 1 1 1 1 0 1 1 0 1 1 1 1 0 0 1 0 0 0 1 0 1 1 0 1 1 1 1 0 1 1 0 0 1 0 0 1 1]"
14,0.9937238482254391,"[1 1 1 1 1 1 1 1 1 1 0 1 0 1 1 0 1 1 0 0 0 0 0 0 1 0 0 0 0 0 0 1 1 1 1 0 0 0 0 0]"
14,0.9998936682864736,"[1 1 1 1 1 1 1 1 1 1 1 1 1 1 1 1 0 1 0 0 1 1 0 1 1 0 0 1 1 0 0 0 1 0 1 1 0 0 0 0]"
14,0.05593989186139851,"[1 0 1 1 1 1 1 1 1 1 0 1 1 1 1 1 0 1 0 0 1 0 1 0 1 0 0 1 1 0 0 0 0 0 1 1 1 1 0 1]"
14,0.9979287179572007,"[1 1 1 1 1 1 1 1 1 1 1 1 0 0 1 0 0 1 1 0 1 0 0 1 1 0 1 1 1 0 0 0 1 1 0 1 1 1 0 0]"
14,0.9901647025914867,"[1 1 1 1 1 1 1 1 1 0 1 1 1 1 1 1 0 1 0 0 0 0 0 1 1 0 0 1 1 1 1 0 1 0 1 1 0 0 0 0]"
14,0.9949436582053887,"[1 1 1 1 1 1 1 1 1 1 0 1 1 1 1 0 1 1 0 0 1 0 0 1 1 0 0 0 0 0 0 0 1 0 0 0 0 0 0 1]"
14,0.9948869785354415,"[1 1 1 1 1 1 1 1 1 1 0 1 1 1 1 0 0 1 1 0 1 0 0 1 1 1 1 1 1 0 0 0 1 1 0 1 0 1 0 0]"
14,0.9997411826998158,"[1 1 1 1 1 1 1 1 1 1 1 1 1 1 1 0 0 1 0 0 1 1 0 1 1 0 1 1 1 0 0 1 1 1 0 1 1 1 0 1]"
15,0.9854299119915086,"[1 1 1 1 1 1 1 1 1 0 0 1 1 1 1 1 1 1 1 0 0 0 0 1 1 0 1 0 1 1 1 0 1 0 1 0 0 1 0 1]"
15,0.9948630981341158,"[1 1 1 1 1 1 1 1 1 1 0 1 1 1 1 0 0 1 0 0 0 0 0 1 1 0 1 1 1 0 0 0 1 0 1 1 1 1 0 0]"
15,0.9979286528861641,"[1 1 1 1 1 1 1 1 1 1 1 1 0 0 1 0 0 1 1 0 1 0 0 1 1 0 0 1 1 1 0 0 1 1 0 1 1 1 0 0]"
15,0.9948678468640492,"[1 1 1 1 1 1 1 1 1 1 0 1 1 1 1 0 0 1 0 0 1 0 0 1 1 0 1 1 1 0 0 1 1 1 0 0 0 1 0 1]"
15,0.8524602776026108,"[1 1 1 1 1 0 1 1 1 1 1 1 0 0 1 0 0 0 1 0 1 0 0 1 1 0 1 1 1 1 0 0 1 1 0 1 1 1 0 1]"
15,0.9567495139599013,"[1 1 1 1 1 1 1 0 1 1 0 1 1 1 1 0 1 1 1 0 0 0 0 1 1 0 0 0 0 1 1 0 1 0 1 1 0 1 0 1]"
15,0.9853357495261543,"[1 1 1 1 1 1 1 1 1 0 0 1 1 1 1 1 0 1 0 0 0 0 0 1 1 0 0 1 1 0 0 0 1 0 1 0 0 1 0 0]"
15,0.9936308543438331,"[1 1 1 1 1 1 1 1 1 1 0 1 0 1 1 0 0 0 1 0 0 0 1 1 1 0 0 1 1 0 0 0 1 0 1 0 1 0 0 0]"
15,0.9997411825543305,"[1 1 1 1 1 1 1 1 1 1 1 1 1 1 1 0 0 1 0 0 1 1 0 1 1 0 1 1 1 0 0 1 1 1 0 0 1 1 0 1]"
15,0.26119097004777636,"[1 1 0 1 1 1 1 1 1 1 0 1 0 1 1 0 1 1 0 0 1 0 0 1 1 0 0 0 0 1 0 1 1 0 0 0 0 0 0 1]"
15,0.9949576924981323,"[1 1 1 1 1 1 1 1 1 1 0 1 1 1 1 0 1 1 1 0 0 0 0 1 0 0 1 0 0 1 1 1 1 0 1 1 0 1 1 0]"
15,0.9967109598694487,"[1 1 1 1 1 1 1 1 1 1 1 0 1 0 1 0 0 1 1 0 1 0 0 1 1 0 1 1 1 0 0 0 1 1 0 1 1 1 0 0]"
15,0.9948868326087916,"[1 1 1 1 1 1 1 1 1 1 0 1 1 1 1 0 0 1 1 0 1 0 0 1 1 0 1 1 1 0 0 1 1 1 0 1 1 1 0 1]"
15,0.9998936682864736,"[1 1 1 1 1 1 1 1 1 1 1 1 1 1 1 1 0 1 0 0 1 1 0 1 1 0 0 1 1 0 0 0 1 0 1 1 0 0 0 0]"
15,0.9998098978475637,"[1 1 1 1 1 1 1 1 1 1 1 1 1 1 1 0 1 1 0 0 0 0 0 1 0 0 0 0 1 0 0 0 1 1 0 0 0 0 1 0]"
15,0.9948868418067237,"[1 1 1 1 1 1 1 1 1 1 0 1 1 1 1 0 0 1 1 0 1 0 0 1 1 0 1 1 1 1 0 1 1 1 0 1 0 1 0 1]"
15,0.9950149906145155,"[1 1 1 1 1 1 1 1 1 1 0 1 1 1 1 1 0 1 0 0 0 0 0 1 1 0 1 1 1 0 0 0 1 0 1 0 0 1 0 0]"
15,0.9973718985938899,"[1 1 1 1 1 1 1 1 1 1 1 0 1 1 1 0 1 1 0 0 0 0 0 1 1 0 0 0 1 1 0 1 1 1 1 0 0 0 1 1]"
15,0.524439672603737,"[1 1 1 0 1 1 1 1 1 1 1 1 1 1 1 1 1 1 0 0 0 0 0 1 1 0 0 1 1 1 0 0 1 0 1 1 0 0 0 0]"
15,0.999738386813163,"[1 1 1 1 1 1 1 1 1 1 1 1 1 1 1 0 0 1 0 0 1 0 0 1 0 0 0 0 1 0 0 0 1 1 0 0 0 0 1 0]"
15,0.9948623962458004,"[1 1 1 1 1 1 1 1 1 1 0 1 1 1 1 0 0 1 0 0 0 0 0 0 1 0 0 0 1 0 0 1 1 1 1 0 0 0 0 0]"
15,0.0009667001049422382,"[0 1 1 1 1 1 1 1 1 1 0 1 1 1 1 0 1 1 0 0 0 0 0 1 1 0 0 0 0 1 0 0 1 0 1 1 1 1 0 1]"
15,0.9949562574029376,"[1 1 1 1 1 1 1 1 1 1 0 1 1 1 1 0 1 1 0 1 1 1 1 0 1 0 1 1 1 1 0 0 1 0 0 0 1 0 0 0]"
15,0.9967109598694487,"[1 1 1 1 1 1 1 1 1 1 1 0 1 0 1 0 0 1 1 0 1 0 0 1 1 0 1 1 1 0 0 0 1 1 0 1 1 1 0 0]"
15,0.9919124585546513,"[1 1 1 1 1 1 1 1 1 1 0 0 1 0 1 0 1 1 0 0 1 1 0 1 1 0 1 1 1 0 0 0 1 0 0 1 0 0 0 0]"
15,0.7278333030436452,"[1 1 1 1 0 1 1 1 1 1 1 1 1 1 1 0 1 1 0 0 0 0 0 1 0 0 0 0 1 0 0 0 1 1 0 0 0 0 1 0]"
15,0.9998936310371364,"[1 1 1 1 1 1 1 1 1 1 1 1 1 1 1 1 0 1 0 0 1 1 0 1 1 0 0 0 1 0 0 0 1 0 1 1 0 0 0 0]"
15,0.9951098578070849,"[1 1 1 1 1 1 1 1 1 1 0 1 1 1 1 1 1 1 1 0 0 0 0 1 1 0 0 1 0 1 1 1 1 0 1 1 0 1 0 1]"
15,0.994886832536367,"[1 1 1 1 1 1 1 1 1 1 0 1 1 1 1 0 0 1 1 0 1 0 0 1 1 0 1 1 1 0 0 1 1 1 0 1 0 1 0 1]"
15,0.9555765065010562,"[1 1 1 1 1 1 1 0 1 1 0 1 0 1 1 0 1 1 1 0 0 0 0 0 1 0 0 0 0 1 1 0 1 0 1 1 0 0 0 1]"
15,0.9804764856842011,"[1 1 1 1 1 1 1 1 0 1 1 1 1 1 1 0 1 1 1 0 1 0 0 1 1 0 0 1 1 0 0 0 1 1 0 1 0 1 0 0]"
15,0.9756664812688669,"[1 1 1 1 1 1 1 1 0 1 0 1 1 1 1 0 1 1 0 0 0 0 0 1 0 0 0 1 0 1 0 0 1 0 1 1 1 1 0 1]"
15,0.9948869785354415,"[1 1 1 1 1 1 1 1 1 1 0 1 1 1 1 0 0 1 1 0 1 0 0 1 1 1 1 1 1 0 0 0 1 1 0 1 0 1 0 0]"
15,0.26304275920082504,"[1 1 0 1 1 1 1 1 1 1 1 1 1 1 1 1 0 1 0 0 1 0 0 0 1 1 0 1 1 1 0 1 1 0 0 1 0 0 0 0]"
15,0.9973814116563436,"[1 1 1 1 1 1 1 1 1 1 1 0 1 1 1 0 1 1 0 1 0 0 0 1 1 0 0 0 1 1 0 1 0 1 1 0 0 0 1 1]"
15,0.8487998247865756,"[1 1 1 1 1 0 1 1 1 1 0 1 0 1 1 0 0 1 1 0 1 0 0 1 1 1 1 1 1 0 0 0 1 1 0 1 0 1 0 0]"
15,0.05343608735092335,"[1 0 1 1 1 1 1 0 1 1 1 1 1 1 1 0 1 1 1 0 0 0 0 1 1 0 0 1 1 0 0 1 1 1 0 1 0 1 0 0]"
15,0.999814665704528,"[1 1 1 1 1 1 1 1 1 1 1 1 1 1 1 0 1 1 0 0 1 0 0 1 0 0 0 0 1 0 0 0 1 1 1 0 0 0 1 0]"
15,0.9973718985938899,"[1 1 1 1 1 1 1 1 1 1 1 0 1 1 1 0 1 1 0 0 0 0 0 1 1 0 0 0 1 1 0 1 1 1 1 0 0 0 1 1]"
15,0.9967103655878295,"[1 1 1 1 1 1 1 1 1 1 1 0 1 0 1 0 0 1 1 0 1 0 0 0 1 0 1 1 1 0 0 0 1 1 0 1 1 1 0 0]"
15,0.9949579126741852,"[1 1 1 1 1 1 1 1 1 1 0 1 1 1 1 0 1 1 1 0 0 0 0 1 1 0 0 0 0 1 1 0 1 0 1 1 0 1 0 1]"
15,0.9998100098781456,"[1 1 1 1 1 1 1 1 1 1 1 1 1 1 1 0 1 1 0 0 0 0 0 1 0 0 1 1 1 0 0 0 1 1 1 0 0 0 1 0]"
15,0.9973909271232989,"[1 1 1 1 1 1 1 1 1 1 1 0 1 1 1 0 1 1 1 0 0 0 0 1 1 0 0 0 1 1 0 1 1 1 1 0 0 0 1 1]"
15,0.9948702920895552,"[1 1 1 1 1 1 1 1 1 1 0 1 1 1 1 0 0 1 0 0 1 1 0 1 1 1 0 1 1 0 0 0 1 1 0 1 1 1 0 0]"
15,0.9243879912131274,"[1 1 1 1 1 1 0 1 1 1 1 1 1 1 1 0 1 1 0 0 0 0 0 1 0 0 0 0 1 0 0 0 1 1 1 0 0 0 1 0]"
15,0.9555633598383796,"[1 1 1 1 1 1 1 0 1 1 0 1 0 1 1 0 1 1 0 0 1 0 0 1 1 0 0 0 1 1 0 0 1 0 0 0 0 0 0 0]"
15,0.9936308543438331,"[1 1 1 1 1 1 1 1 1 1 0 1 0 1 1 0 0 0 1 0 0 0 1 1 1 0 0 1 1 0 0 0 1 0 1 0 1 0 0 0]"
15,0.9805328584030023,"[1 1 1 1 1 1 1 1 0 1 1 1 1 1 1 1 0 1 0 0 1 0 0 1 1 1 0 1 1 1 0 1 1 0 0 1 0 0 0 0]"
15,0.9998098981385521,"[1 1 1 1 1 1 1 1 1 1 1 1 1 1 1 0 1 1 0 0 0 0 0 1 0 0 0 0 1 0 0 0 1 1 1 0 0 0 1 0]"
15,0.9942580450248698,"[1 1 1 1 1 1 1 1 1 1 0 1 1 0 1 0 0 1 0 0 0 1 0 1 1 0 0 1 1 1 0 1 1 0 0 1 1 0 1 1]"
16,0.9948869809254556,"[1 1 1 1 1 1 1 1 1 1 0 1 1 1 1 0 0 1 1 0 1 0 0 1 1 1 1 1 1 0 0 1 1 1 0 1 1 1 0 0]"
16,0.9995241818518965,"[1 1 1 1 1 1 1 1 1 1 1 1 1 1 0 0 1 1 1 0 0 0 0 1 1 0 0 0 1 0 0 1 1 1 1 0 0 0 1 1]"
16,0.9995099550918893,"[1 1 1 1 1 1 1 1 1 1 1 1 1 1 0 0 1 1 0 0 1 0 0 1 1 0 1 0 1 0 0 0 1 1 1 0 0 0 1 0]"
16,0.9948484887609431,"[1 1 1 1 1 1 1 1 1 1 0 1 1 1 1 0 0 0 1 0 1 0 0 1 0 0 0 1 1 0 0 0 1 1 0 1 1 1 0 1]"
16,0.9948635828258633,"[1 1 1 1 1 1 1 1 1 1 0 1 1 1 1 0 0 1 0 0 0 0 1 0 1 0 0 0 1 0 0 1 1 1 1 0 0 0 0 0]"
16,0.9936308543438331,"[1 1 1 1 1 1 1 1 1 1 0 1 0 1 1 0 0 0 1 0 0 0 1 1 1 0 0 1 1 0 0 0 1 0 1 0 1 0 0 0]"
16,0.9243879909250243,"[1 1 1 1 1 1 0 1 1 1 1 1 1 1 1 0 1 1 0 0 0 0 0 1 0 0 0 0 1 0 0 0 1 1 0 0 0 0 0 0]"
16,0.9998100098781456,"[1 1 1 1 1 1 1 1 1 1 1 1 1 1 1 0 1 1 0 0 0 0 0 1 0 0 1 1 1 0 0 0 1 1 1 0 0 0 1 0]"
16,0.9936724251944292,"[1 1 1 1 1 1 1 1 1 1 0 1 0 1 1 0 0 1 1 0 1 0 0 1 1 0 1 1 1 1 0 1 1 1 0 1 0 1 0 1]"
16,0.9986737147594753,"[1 1 1 1 1 1 1 1 1 1 1 1 0 1 1 1 0 1 0 0 1 1 0 1 1 0 0 0 1 0 0 0 1 0 0 1 0 0 0 0]"
16,0.7169598120450247,"[1 1 1 1 0 1 1 1 1 0 0 1 1 1 1 1 0 1 0 0 0 0 1 1 1 0 0 1 1 0 0 0 1 1 1 0 0 1 0 0]"
16,0.999809934803105,"[1 1 1 1 1 1 1 1 1 1 1 1 1 1 1 0 1 1 0 0 0 0 0 1 0 0 0 1 1 0 0 0 1 0 1 0 0 0 1 0]"
16,0.994938671096833,"[1 1 1 1 1 1 1 1 1 1 0 1 1 1 1 0 1 1 0 0 0 0 0 1 0 0 0 1 1 0 0 0 1 1 0 0 0 0 1 0]"
16,0.997455175912228,"[1 1 1 1 1 1 1 1 1 1 1 0 1 1 1 1 0 1 0 0 1 1 0 1 1 0 0 1 1 0 0 0 1 0 1 1 0 0 0 0]"
16,0.9973718974324906,"[1 1 1 1 1 1 1 1 1 1 1 0 1 1 1 0 1 1 0 0 0 0 0 1 1 0 0 0 1 1 0 1 0 1 1 0 0 0 1 1]"
16,0.521587210234632,"[1 1 1 0 1 1 1 1 1 1 0 1 1 1 1 0 0 1 0 0 0 0 0 1 1 0 1 1 1 0 0 0 1 1 1 1 1 1 0 0]"
16,0.9998125799646433,"[1 1 1 1 1 1 1 1 1 1 1 1 1 1 1 0 1 1 0 0 0 1 0 1 1 0 0 0 1 0 0 0 1 1 1 0 1 0 1 0]"
16,0.9998910634276851,"[1 1 1 1 1 1 1 1 1 1 1 1 1 1 1 1 0 1 0 0 1 0 0 1 0 0 1 1 1 0 0 1 1 1 0 0 1 1 0 1]"
16,0.9948892405775126,"[1 1 1 1 1 1 1 1 1 1 0 1 1 1 1 0 0 1 1 0 1 1 0 1 1 1 0 0 1 0 0 0 1 1 0 1 1 1 0 0]"
16,0.26208690990183764,"[1 1 0 1 1 1 1 1 1 1 1 0 1 0 1 0 0 1 1 0 1 0 0 1 1 0 1 1 1 0 0 0 1 1 0 1 1 1 0 0]"
16,0.994863023972857,"[1 1 1 1 1 1 1 1 1 1 0 1 1 1 1 0 0 1 0 0 0 0 0 1 1 0 0 1 1 0 0 0 1 0 1 1 1 1 0 0]"
16,0.9998100098781456,"[1 1 1 1 1 1 1 1 1 1 1 1 1 1 1 0 1 1 0 0 0 0 0 1 0 0 1 1 1 0 0 0 1 1 1 0 0 0 1 0]"
16,0.9900206271848587,"[1 1 1 1 1 1 1 1 1 0 1 1 1 1 1 0 0 1 0 0 1 1 0 1 1 0 1 1 1 0 0 1 1 1 0 0 0 1 0 1]"
16,0.7278962598971407,"[1 1 1 1 0 1 1 1 1 1 1 1 1 1 1 1 0 1 0 0 1 1 0 1 1 0 0 1 1 1 0 0 1 0 1 1 1 0 0 0]"
16,0.9973778446838807,"[1 1 1 1 1 1 1 1 1 1 1 0 1 1 1 0 1 1 0 0 1 0 1 1 1 0 0 0 1 1 0 1 1 1 0 0 0 0 1 1]"
16,0.05629387224875101,"[1 0 1 1 1 1 1 1 1 1 1 1 1 1 1 0 0 1 0 0 1 0 0 1 0 0 0 0 1 0 0 0 0 1 0 0 0 0 1 0]"
16,0.9948679183369119,"[1 1 1 1 1 1 1 1 1 1 0 1 1 1 1 0 0 1 0 0 1 0 0 1 1 1 0 1 1 0 0 0 1 0 0 1 1 1 0 0]"
16,0.9942580450248698,"[1 1 1 1 1 1 1 1 1 1 0 1 1 0 1 0 0 1 0 0 0 1 0 1 1 0 0 1 1 1 0 1 1 0 0 1 1 0 1 1]"
16,0.9948630981341158,"[1 1 1 1 1 1 1 1 1 1 0 1 1 1 1 0 0 1 0 0 0 0 0 1 1 0 1 1 1 0 0 0 1 0 1 1 1 1 0 0]"
16,0.9998889003814512,"[1 1 1 1 1 1 1 1 1 1 1 1 1 1 1 1 0 1 0 0 0 1 0 1 1 0 0 1 1 0 0 0 1 0 1 1 0 0 0 0]"
16,0.9998149753631416,"[1 1 1 1 1 1 1 1 1 1 1 1 1 1 1 0 1 1 0 0 1 0 0 1 1 0 0 0 1 1 0 1 1 1 1 0 0 1 1 1]"
16,0.9948915776564816,"[1 1 1 1 1 1 1 1 1 1 0 1 1 1 1 0 0 1 1 1 0 0 0 1 1 0 1 1 1 0 0 1 0 1 0 0 0 1 0 0]"
16,0.9998098981385521,"[1 1 1 1 1 1 1 1 1 1 1 1 1 1 1 0 1 1 0 0 0 0 0 1 0 0 0 0 1 0 0 0 1 1 1 0 0 0 1 0]"
16,0.9973814023469225,"[1 1 1 1 1 1 1 1 1 1 1 0 1 1 1 0 1 1 0 1 0 0 0 1 1 0 0 0 1 0 0 1 0 1 1 0 0 0 0 1]"
16,0.9942580450248698,"[1 1 1 1 1 1 1 1 1 1 0 1 1 0 1 0 0 1 0 0 0 1 0 1 1 0 0 1 1 1 0 1 1 0 0 1 1 0 1 1]"
16,0.9948702723903422,"[1 1 1 1 1 1 1 1 1 1 0 1 1 1 1 0 0 1 0 0 1 1 0 1 1 1 0 1 0 0 0 0 0 1 0 1 1 1 0 0]"
16,0.055931423348698765,"[1 0 1 1 1 1 1 1 1 1 0 1 1 1 1 0 1 0 0 0 1 1 0 0 0 0 1 1 1 0 0 0 1 0 0 0 1 1 0 0]"
16,0.9967216662425965,"[1 1 1 1 1 1 1 1 1 1 1 0 1 0 1 0 0 1 1 1 1 0 1 1 1 0 1 1 1 1 0 0 1 1 0 1 1 0 0 0]"
16,0.9950292319237267,"[1 1 1 1 1 1 1 1 1 1 0 1 1 1 1 1 0 1 0 1 1 0 0 1 1 0 1 1 1 0 0 0 1 1 0 0 0 1 0 1]"
16,0.9924379565755208,"[1 1 1 1 1 1 1 1 1 1 0 0 1 1 1 0 0 1 0 0 0 1 0 1 1 0 0 1 1 1 0 1 1 0 0 1 1 0 1 0]"
16,0.9997411825452377,"[1 1 1 1 1 1 1 1 1 1 1 1 1 1 1 0 0 1 0 0 1 1 0 1 1 0 1 1 1 0 0 1 1 1 0 0 1 1 0 0]"
16,0.9803824701338518,"[1 1 1 1 1 1 1 1 0 1 1 1 1 1 1 0 0 1 0 0 1 0 0 1 0 0 0 0 1 0 0 0 1 1 0 0 0 0 1 0]"
16,0.9532363413697277,"[1 1 1 1 1 1 1 0 1 1 0 0 0 1 1 0 1 1 1 0 0 0 0 1 1 1 1 1 1 0 0 0 1 1 1 1 0 1 0 0]"
16,0.9853593278748923,"[1 1 1 1 1 1 1 1 1 0 0 1 1 1 1 1 0 1 1 0 1 0 0 1 1 0 1 0 1 1 1 0 1 1 1 0 0 1 0 1]"
16,0.9998098978475637,"[1 1 1 1 1 1 1 1 1 1 1 1 1 1 1 0 1 1 0 0 0 0 0 1 0 0 0 0 1 0 0 0 1 1 0 0 0 0 1 0]"
16,0.9998098981385521,"[1 1 1 1 1 1 1 1 1 1 1 1 1 1 1 0 1 1 0 0 0 0 0 1 0 0 0 0 1 0 0 0 1 1 1 0 0 0 1 0]"
16,0.9998100098781456,"[1 1 1 1 1 1 1 1 1 1 1 1 1 1 1 0 1 1 0 0 0 0 0 1 0 0 1 1 1 0 0 0 1 1 1 0 0 0 1 0]"
16,0.994886832536367,"[1 1 1 1 1 1 1 1 1 1 0 1 1 1 1 0 0 1 1 0 1 0 0 1 1 0 1 1 1 0 0 1 1 1 0 1 0 1 0 1]"
16,0.9243879912131274,"[1 1 1 1 1 1 0 1 1 1 1 1 1 1 1 0 1 1 0 0 0 0 0 1 0 0 0 0 1 0 0 0 1 1 1 0 0 0 1 0]"
16,0.9998146472266786,"[1 1 1 1 1 1 1 1 1 1 1 1 1 1 1 0 1 1 0 0 1 0 0 1 0 0 0 0 0 0 0 0 1 1 1 1 0 0 1 0]"
17,0.9967216662425965,"[1 1 1 1 1 1 1 1 1 1 1 0 1 0 1 0 0 1 1 1 1 0 1 1 1 0 1 1 1 1 0 0 1 1 0 1 1 0 0 0]"
17,0.994863023972857,"[1 1 1 1 1 1 1 1 1 1 0 1 1 1 1 0 0 1 0 0 0 0 0 1 1 0 0 1 1 0 0 0 1 0 1 1 1 1 0 0]"
17,0.9986734170920524,"[1 1 1 1 1 1 1 1 1 1 1 1 0 1 1 1 0 1 0 0 1 1 0 1 0 0 0 0 1 0 0 0 1 0 0 1 0 0 0 0]"
17,0.9949389677621983,"[1 1 1 1 1 1 1 1 1 1 0 1 1 1 1 0 1 1 0 0 0 0 0 1 1 0 0 1 1 0 0 0 1 1 0 0 0 0 1 0]"
17,0.9998100099145192,"[1 1 1 1 1 1 1 1 1 1 1 1 1 1 1 0 1 1 0 0 0 0 0 1 0 0 1 1 1 0 0 0 1 1 1 0 0 1 1 0]"
17,0.9950194435996549,"[1 1 1 1 1 1 1 1 1 1 0 1 1 1 1 1 0 1 0 0 1 0 0 1 0 0 1 1 1 0 0 1 1 1 0 0 1 1 0 1]"
17,0.056213950818228234,"[1 0 1 1 1 1 1 1 1 1 1 1 0 1 1 1 0 1 0 0 1 1 0 1 1 0 0 0 1 0 0 0 1 0 0 1 0 0 1 0]"
17,0.7278962528446519,"[1 1 1 1 0 1 1 1 1 1 1 1 1 1 1 1 0 1 0 0 1 1 0 1 1 0 0 1 1 0 0 0 1 0 1 1 0 0 0 0]"
17,0.9998388041674207,"[1 1 1 1 1 1 1 1 1 1 1 1 1 1 1 0 1 1 1 1 0 0 0 1 1 0 0 0 1 0 0 1 1 1 1 0 0 1 0 0]"
17,0.9926014190967194,"[1 1 1 1 1 1 1 1 1 1 0 0 1 1 1 1 0 1 0 1 1 0 0 1 1 0 1 1 1 0 0 0 0 1 0 0 0 0 0 1]"
17,0.9948677703034463,"[1 1 1 1 1 1 1 1 1 1 0 1 1 1 1 0 0 1 0 0 1 0 0 1 1 0 0 1 1 0 0 0 1 0 1 1 1 1 0 0]"
17,0.9544631314665764,"[1 1 1 1 1 1 1 0 1 1 0 0 1 1 1 1 0 1 0 0 0 1 0 1 1 0 0 1 1 0 0 0 1 0 1 1 0 0 0 0]"
17,0.9998100098781456,"[1 1 1 1 1 1 1 1 1 1 1 1 1 1 1 0 1 1 0 0 0 0 0 1 0 0 1 1 1 0 0 0 1 1 1 0 0 0 1 0]"
17,0.9998123936588157,"[1 1 1 1 1 1 1 1 1 1 1 1 1 1 1 0 1 1 0 0 0 1 0 1 0 0 1 1 1 0 0 0 1 1 1 0 0 0 1 0]"
17,0.26301958588984936,"[1 1 0 1 1 1 1 1 1 1 1 1 1 1 1 0 1 1 0 0 0 1 1 1 1 0 0 0 1 0 0 0 1 1 1 0 1 0 1 0]"
17,0.9950292319237267,"[1 1 1 1 1 1 1 1 1 1 0 1 1 1 1 1 0 1 0 1 1 0 0 1 1 0 1 1 1 0 0 0 1 1 0 0 0 1 0 1]"
17,0.9973814023469225,"[1 1 1 1 1 1 1 1 1 1 1 0 1 1 1 0 1 1 0 1 0 0 0 1 1 0 0 0 1 0 0 1 0 1 1 0 0 0 0 1]"
17,0.9853687389041206,"[1 1 1 1 1 1 1 1 1 0 0 1 1 1 1 1 0 1 1 1 1 0 0 1 1 0 1 0 1 1 1 0 1 1 1 0 0 1 0 1]"
17,0.993610686814087,"[1 1 1 1 1 1 1 1 1 1 0 1 0 1 1 0 0 0 0 0 0 0 0 1 1 0 0 1 0 0 0 0 1 0 1 1 1 1 0 0]"
17,0.994883195982396,"[1 1 1 1 1 1 1 1 1 1 0 1 1 1 1 0 0 1 1 0 0 0 1 1 1 0 0 1 1 0 0 0 1 0 1 1 1 0 0 0]"
17,0.9995099550737074,"[1 1 1 1 1 1 1 1 1 1 1 1 1 1 0 0 1 1 0 0 1 0 0 1 1 0 1 0 1 0 0 0 1 1 1 0 0 0 0 0]"
17,0.9245326984337328,"[1 1 1 1 1 1 0 1 1 1 1 1 1 1 1 1 1 1 0 0 0 1 0 1 1 0 0 1 1 0 0 0 1 0 1 1 0 0 0 0]"
17,0.9950482226857759,"[1 1 1 1 1 1 1 1 1 1 0 1 1 1 1 1 0 1 1 1 1 0 0 1 1 0 1 1 1 0 0 1 1 1 0 1 0 1 0 1]"
17,0.9936676839966435,"[1 1 1 1 1 1 1 1 1 1 0 1 0 1 1 0 0 1 1 0 0 0 0 1 1 0 1 1 1 1 0 1 1 1 0 1 0 1 0 1]"
17,0.9948869809254556,"[1 1 1 1 1 1 1 1 1 1 0 1 1 1 1 0 0 1 1 0 1 0 0 1 1 1 1 1 1 0 0 1 1 1 0 1 1 1 0 0]"
17,0.9998098981385521,"[1 1 1 1 1 1 1 1 1 1 1 1 1 1 1 0 1 1 0 0 0 0 0 1 0 0 0 0 1 0 0 0 1 1 1 0 0 0 1 0]"
17,0.9973778446838807,"[1 1 1 1 1 1 1 1 1 1 1 0 1 1 1 0 1 1 0 0 1 0 1 1 1 0 0 0 1 1 0 1 1 1 0 0 0 0 1 1]"
17,0.9998910634276851,"[1 1 1 1 1 1 1 1 1 1 1 1 1 1 1 1 0 1 0 0 1 0 0 1 0 0 1 1 1 0 0 1 1 1 0 0 1 1 0 1]"
17,0.8541259385824389,"[1 1 1 1 1 0 1 1 1 1 1 1 1 1 1 0 1 1 0 0 0 0 0 1 0 0 1 0 1 0 1 0 1 1 1 0 0 0 1 0]"
17,0.9998099353850821,"[1 1 1 1 1 1 1 1 1 1 1 1 1 1 1 0 1 1 0 0 0 0 0 1 0 0 0 1 1 0 0 0 1 1 1 0 0 0 1 0]"
17,0.717016364416315,"[1 1 1 1 0 1 1 1 1 0 0 1 1 1 1 1 1 1 0 0 0 0 1 1 1 0 0 1 1 0 0 0 1 1 1 0 0 1 0 0]"
17,0.5243116283888891,"[1 1 1 0 1 1 1 1 1 1 1 1 1 1 1 0 0 1 0 0 0 0 0 1 1 0 0 0 1 1 0 0 1 1 0 0 0 0 1 0]"
17,0.9520491053460884,"[1 1 1 1 1 1 1 0 1 0 1 1 1 1 1 0 1 1 0 0 0 0 0 1 0 0 1 1 1 0 0 0 1 1 1 0 0 0 1 0]"
17,0.0009618849549073419,"[0 1 1 1 1 1 1 1 1 1 0 0 1 1 1 0 0 1 1 0 1 0 0 1 1 1 1 1 1 1 0 1 1 1 0 1 1 0 0 0]"
17,0.9532363413697277,"[1 1 1 1 1 1 1 0 1 1 0 0 0 1 1 0 1 1 1 0 0 0 0 1 1 1 1 1 1 0 0 0 1 1 1 1 0 1 0 0]"
17,0.9998125613413339,"[1 1 1 1 1 1 1 1 1 1 1 1 1 1 1 0 1 1 0 0 0 1 0 1 1 0 0 0 0 0 0 0 1 1 1 0 1 0 1 0]"
17,0.9995241818518965,"[1 1 1 1 1 1 1 1 1 1 1 1 1 1 0 0 1 1 1 0 0 0 0 1 1 0 0 0 1 0 0 1 1 1 1 0 0 0 1 1]"
17,0.9950387331311797,"[1 1 1 1 1 1 1 1 1 1 0 1 1 1 1 1 0 1 1 0 1 0 0 1 1 0 1 1 1 0 1 1 1 1 0 1 0 1 0 1]"
17,0.7266342999730211,"[1 1 1 1 0 1 1 1 1 1 1 1 0 1 0 0 0 1 0 0 1 0 0 1 1 0 1 0 1 0 0 0 1 0 0 1 0 0 0 0]"
17,0.9925895047414434,"[1 1 1 1 1 1 1 1 1 1 0 0 1 1 1 1 0 1 0 0 0 1 0 1 1 0 0 1 1 0 0 0 1 0 1 1 1 1 0 0]"
17,0.9948881674956962,"[1 1 1 1 1 1 1 1 1 1 0 1 1 1 1 0 0 1 1 0 1 0 1 1 1 1 1 1 1 0 0 1 1 1 0 1 1 0 0 0]"
17,0.9973778446838807,"[1 1 1 1 1 1 1 1 1 1 1 0 1 1 1 0 1 1 0 0 1 0 1 1 1 0 0 0 1 1 0 1 1 1 0 0 0 0 1 1]"
17,0.9973718974324906,"[1 1 1 1 1 1 1 1 1 1 1 0 1 1 1 0 1 1 0 0 0 0 0 1 1 0 0 0 1 1 0 1 0 1 1 0 0 0 1 1]"
17,0.023419888820701257,"[1 0 1 0 1 1 1 1 1 1 0 1 1 1 1 1 0 1 1 0 1 0 0 1 1 0 1 1 1 0 0 1 1 1 0 1 0 1 0 1]"
17,0.999814975435889,"[1 1 1 1 1 1 1 1 1 1 1 1 1 1 1 0 1 1 0 0 1 0 0 1 1 0 0 0 1 1 0 1 1 1 1 0 1 1 1 1]"
17,0.7231905597705046,"[1 1 1 1 0 1 1 1 1 1 0 1 0 1 1 0 0 0 1 0 0 0 1 1 1 1 0 1 1 0 0 1 1 0 1 0 1 0 0 0]"
17,0.9998149753631416,"[1 1 1 1 1 1 1 1 1 1 1 1 1 1 1 0 1 1 0 0 1 0 0 1 1 0 0 0 1 1 0 1 1 1 1 0 0 1 1 1]"
17,0.5237159049518609,"[1 1 1 0 1 1 1 1 1 1 1 1 0 1 1 1 0 1 0 0 0 1 0 1 1 0 0 1 1 0 0 0 1 0 1 1 0 0 0 0]"
17,0.961514352901208,"[1 1 1 1 1 1 1 0 1 1 1 1 1 1 1 1 0 1 0 0 1 1 0 1 1 0 0 0 1 0 0 0 0 0 0 1 0 0 0 0]"
17,0.998668989589254,"[1 1 1 1 1 1 1 1 1 1 1 1 0 1 1 1 0 1 0 0 0 1 0 1 1 0 0 1 1 0 0 0 1 0 1 1 0 0 0 0]"
18,0.9949627773910205,"[1 1 1 1 1 1 1 1 1 1 0 1 1 1 1 0 1 1 1 0 1 0 0 1 1 0 1 1 1 0 0 1 1 0 0 1 1 1 0 0]"
18,0.2630184324525139,"[1 1 0 1 1 1 1 1 1 1 1 1 1 1 1 0 1 1 0 0 0 0 0 1 0 0 0 1 1 0 0 0 1 1 1 0 0 0 1 0]"
18,0.9995099550737074,"[1 1 1 1 1 1 1 1 1 1 1 1 1 1 0 0 1 1 0 0 1 0 0 1 1 0 1 0 1 0 0 0 1 1 1 0 0 0 0 0]"
18,0.48166793133898383,"[1 1 1 0 1 1 0 1 1 1 1 1 0 1 1 1 0 1 0 0 0 1 0 1 1 0 0 1 1 0 0 1 1 0 1 1 0 0 0 0]"
18,0.9970865005505593,"[1 1 1 1 1 1 1 1 1 1 1 0 1 1 0 0 1 1 1 0 0 0 0 1 1 0 0 0 1 0 0 1 1 1 1 0 0 0 0 1]"
18,0.999810197283874,"[1 1 1 1 1 1 1 1 1 1 1 1 1 1 1 0 1 1 0 0 0 0 0 1 1 0 0 0 1 0 0 1 0 1 1 0 0 0 1 1]"
18,0.9950482226767214,"[1 1 1 1 1 1 1 1 1 1 0 1 1 1 1 1 0 1 1 1 1 0 0 1 1 0 1 1 1 0 0 1 1 1 0 1 0 1 0 0]"
18,0.9973778493295028,"[1 1 1 1 1 1 1 1 1 1 1 0 1 1 1 0 1 1 0 0 1 0 1 1 1 0 0 0 1 1 1 1 1 1 0 0 0 0 1 1]"
18,0.9985998987453593,"[1 1 1 1 1 1 1 1 1 1 1 1 0 1 1 0 1 1 0 1 0 0 0 1 1 0 0 0 1 0 0 1 1 1 1 0 0 0 0 1]"
18,0.9974004357124563,"[1 1 1 1 1 1 1 1 1 1 1 0 1 1 1 0 1 1 1 1 0 0 0 1 1 0 0 0 1 0 1 1 0 1 1 0 0 1 0 0]"
18,0.9973731247418735,"[1 1 1 1 1 1 1 1 1 1 1 0 1 1 1 0 1 1 0 0 0 0 1 1 1 0 0 1 1 1 0 1 1 1 0 0 0 0 1 1]"
18,0.8532018755117942,"[1 1 1 1 1 0 1 1 1 1 1 1 0 1 1 1 1 1 0 0 0 1 0 1 1 0 0 1 1 0 0 0 1 0 1 1 0 0 0 0]"
18,0.9613049461817305,"[1 1 1 1 1 1 1 0 1 1 1 1 1 1 0 1 1 1 1 0 0 0 0 1 1 0 0 0 1 0 0 1 1 1 1 0 0 0 1 1]"
18,0.523715738443428,"[1 1 1 0 1 1 1 1 1 1 1 1 0 1 1 1 0 1 0 0 0 1 0 1 0 0 0 1 1 0 0 0 1 0 1 1 0 0 0 0]"
18,0.9925895047414434,"[1 1 1 1 1 1 1 1 1 1 0 0 1 1 1 1 0 1 0 0 0 1 0 1 1 0 0 1 1 0 0 0 1 0 1 1 1 1 0 0]"
18,0.7278926699695882,"[1 1 1 1 0 1 1 1 1 1 1 1 1 1 1 1 0 1 0 0 0 1 0 1 1 0 0 1 1 0 0 0 1 0 1 1 0 0 0 0]"
18,0.047825711539899,"[1 0 1 1 1 1 0 0 1 1 1 0 0 0 1 1 1 0 0 0 0 1 0 1 1 0 0 1 1 0 0 0 1 0 1 1 0 0 0 0]"
18,0.9950172900405551,"[1 1 1 1 1 1 1 1 1 1 0 1 1 1 1 1 0 1 0 0 0 1 0 1 1 0 0 1 1 0 0 0 1 0 1 1 0 0 0 0]"
18,0.9998100099145192,"[1 1 1 1 1 1 1 1 1 1 1 1 1 1 1 0 1 1 0 0 0 0 0 1 0 0 1 1 1 0 0 0 1 1 1 0 0 1 1 0]"
18,0.717016364416315,"[1 1 1 1 0 1 1 1 1 0 0 1 1 1 1 1 1 1 0 0 0 0 1 1 1 0 0 1 1 0 0 0 1 1 1 0 0 1 0 0]"
18,0.8520142201776374,"[1 1 1 1 1 0 1 1 1 1 1 0 1 1 1 0 1 1 0 0 1 0 0 1 1 0 0 0 1 1 0 1 1 1 0 0 0 0 1 1]"
18,0.999811090028128,"[1 1 1 1 1 1 1 1 1 1 1 1 1 1 1 0 1 1 0 0 0 0 1 1 0 0 0 0 1 0 0 0 1 1 1 0 0 0 1 0]"
18,0.9998125613413339,"[1 1 1 1 1 1 1 1 1 1 1 1 1 1 1 0 1 1 0 0 0 1 0 1 1 0 0 0 0 0 0 0 1 1 1 0 1 0 1 0]"
18,0.9793360581813918,"[1 1 1 1 1 1 1 1 0 1 1 1 0 1 1 1 0 1 0 0 1 1 0 1 0 0 0 0 0 0 0 0 1 0 0 1 0 0 0 0]"
18,0.9950292319237267,"[1 1 1 1 1 1 1 1 1 1 0 1 1 1 1 1 0 1 0 1 1 0 0 1 1 0 1 1 1 0 0 0 1 1 0 0 0 1 0 1]"
18,0.9948677702672346,"[1 1 1 1 1 1 1 1 1 1 0 1 1 1 1 0 0 1 0 0 1 0 0 1 1 0 0 1 1 0 0 0 1 0 1 1 1 0 0 0]"
18,0.9936486335282787,"[1 1 1 1 1 1 1 1 1 1 0 1 0 1 1 0 0 1 0 0 0 0 0 1 1 0 0 1 1 0 0 0 1 0 1 1 1 1 0 0]"
18,0.9998099353850821,"[1 1 1 1 1 1 1 1 1 1 1 1 1 1 1 0 1 1 0 0 0 0 0 1 0 0 0 1 1 0 0 0 1 1 1 0 0 0 1 0]"
18,0.9998144539822185,"[1 1 1 1 1 1 1 1 1 1 1 1 1 1 1 0 1 1 0 0 1 0 0 0 1 0 1 0 1 1 0 1 1 1 1 0 1 1 1 1]"
18,0.9912808462272299,"[1 1 1 1 1 1 1 1 1 1 0 0 0 1 1 0 1 0 1 0 0 0 0 1 1 1 1 1 1 0 0 0 1 1 1 1 0 1 0 0]"
18,0.21871820442762643,"[1 1 0 1 1 0 1 1 1 1 1 0 0 1 1 0 1 1 0 1 0 0 0 1 1 0 0 0 1 1 0 1 1 1 1 0 0 0 0 1]"
18,0.999812395986729,"[1 1 1 1 1 1 1 1 1 1 1 1 1 1 1 0 1 1 0 0 0 1 0 1 0 0 1 1 1 0 0 1 1 1 1 0 0 0 1 0]"
18,0.998668989589254,"[1 1 1 1 1 1 1 1 1 1 1 1 0 1 1 1 0 1 0 0 0 1 0 1 1 0 0 1 1 0 0 0 1 0 1 1 0 0 0 0]"
18,0.8499935972845637,"[1 1 1 1 1 0 1 1 1 1 0 1 1 1 1 1 0 1 1 1 1 0 0 1 1 0 1 1 1 0 0 1 1 1 1 1 0 1 0 1]"
18,0.999812561323147,"[1 1 1 1 1 1 1 1 1 1 1 1 1 1 1 0 1 1 0 0 0 1 0 1 1 0 0 0 0 0 0 0 1 1 1 0 1 0 0 0]"
18,0.9967216662425965,"[1 1 1 1 1 1 1 1 1 1 1 0 1 0 1 0 0 1 1 1 1 0 1 1 1 0 1 1 1 1 0 0 1 1 0 1 1 0 0 0]"
18,0.9233953027885007,"[1 1 1 1 1 1 0 1 1 1 1 1 0 1 1 1 1 1 0 0 0 1 0 0 1 0 0 1 1 0 0 0 1 0 1 1 0 0 0 0]"
18,0.9998889003814512,"[1 1 1 1 1 1 1 1 1 1 1 1 1 1 1 1 0 1 0 0 0 1 0 1 1 0 0 1 1 0 0 0 1 0 1 1 0 0 0 0]"
18,0.9243302841786061,"[1 1 1 1 1 1 0 1 1 1 1 1 1 1 1 0 0 1 0 1 1 0 0 1 0 0 0 1 1 1 0 1 1 1 0 0 1 1 0 1]"
18,0.9963068860588452,"[1 1 1 1 1 1 1 1 1 1 1 0 0 1 1 1 1 1 0 0 0 0 0 1 1 0 1 0 1 0 0 1 0 1 1 0 0 0 0 1]"
18,0.9996053280748785,"[1 1 1 1 1 1 1 1 1 1 1 1 1 1 0 1 0 1 1 0 1 0 0 1 1 0 1 1 1 0 1 1 1 0 0 1 0 1 0 1]"
18,0.0009666997631988755,"[0 1 1 1 1 1 1 1 1 1 0 1 1 1 1 0 1 1 0 0 0 0 0 1 0 0 1 1 1 0 0 0 1 1 1 0 0 1 1 0]"
18,0.9947156778131989,"[1 1 1 1 1 1 1 1 1 1 0 1 1 1 0 1 0 1 0 0 1 0 0 1 0 0 1 1 1 0 0 1 1 1 0 0 1 0 0 1]"
18,0.9998102892271783,"[1 1 1 1 1 1 1 1 1 1 1 1 1 1 1 0 1 1 0 0 0 0 0 1 1 0 1 1 0 0 0 0 1 1 1 0 0 0 1 0]"
18,0.05592961638149161,"[1 0 1 1 1 1 1 1 1 1 0 1 1 1 1 0 0 1 1 0 0 0 1 1 1 0 0 1 1 0 0 0 1 0 1 1 1 0 0 0]"
18,0.9998099353850821,"[1 1 1 1 1 1 1 1 1 1 1 1 1 1 1 0 1 1 0 0 0 0 0 1 0 0 0 1 1 0 0 0 1 1 1 0 0 0 1 0]"
18,0.9998100099145192,"[1 1 1 1 1 1 1 1 1 1 1 1 1 1 1 0 1 1 0 0 0 0 0 1 0 0 1 1 1 0 0 0 1 1 1 0 0 1 1 0]"
18,0.9998388041674207,"[1 1 1 1 1 1 1 1 1 1 1 1 1 1 1 0 1 1 1 1 0 0 0 1 1 0 0 0 1 0 0 1 1 1 1 0 0 1 0 0]"
18,0.994883195982396,"[1 1 1 1 1 1 1 1 1 1 0 1 1 1 1 0 0 1 1 0 0 0 1 1 1 0 0 1 1 0 0 0 1 0 1 1 1 0 0 0]"
18,0.9985900740997492,"[1 1 1 1 1 1 1 1 1 1 1 1 0 1 1 0 1 1 0 0 0 0 0 1 0 0 0 0 1 0 0 0 1 1 1 0 0 0 1 0]"
19,0.9950482226767214,"[1 1 1 1 1 1 1 1 1 1 0 1 1 1 1 1 0 1 1 1 1 0 0 1 1 0 1 1 1 0 0 1 1 1 0 1 0 1 0 0]"
19,0.0008339951980076281,"[0 1 1 1 1 1 0 1 1 1 1 1 1 1 1 0 1 1 1 1 0 0 0 1 1 0 0 0 1 0 0 1 1 1 1 0 0 1 0 0]"
19,0.998668989589254,"[1 1 1 1 1 1 1 1 1 1 1 1 0 1 1 1 0 1 0 0 0 1 0 1 1 0 0 1 1 0 0 0 1 0 1 1 0 0 0 0]"
19,0.9998123936588157,"[1 1 1 1 1 1 1 1 1 1 1 1 1 1 1 0 1 1 0 0 0 1 0 1 0 0 1 1 1 0 0 0 1 1 1 0 0 0 1 0]"
19,0.9985904647589141,"[1 1 1 1 1 1 1 1 1 1 1 1 0 1 1 0 1 1 0 0 0 0 0 1 1 0 1 1 0 0 0 0 1 1 1 0 0 0 1 0]"
19,0.9243297115297355,"[1 1 1 1 1 1 0 1 1 1 1 1 1 1 1 0 0 1 0 1 1 0 0 0 0 0 0 1 0 1 0 1 1 1 0 0 1 1 0 1]"
19,0.9614338083963924,"[1 1 1 1 1 1 1 0 1 1 1 1 1 1 1 0 1 1 0 0 0 0 0 1 1 0 0 0 1 0 0 1 0 1 1 0 0 0 1 1]"
19,0.9985618004897445,"[1 1 1 1 1 1 1 1 1 1 1 1 0 1 1 0 1 0 0 1 0 0 0 1 1 0 0 0 1 0 0 1 1 1 1 0 0 0 0 0]"
19,0.9998387855436716,"[1 1 1 1 1 1 1 1 1 1 1 1 1 1 1 0 1 1 1 1 0 0 0 1 1 0 0 0 0 0 0 1 1 1 1 0 0 1 0 0]"
19,0.9986046611181582,"[1 1 1 1 1 1 1 1 1 1 1 1 0 1 1 0 1 1 0 1 1 0 0 1 1 0 0 0 1 0 0 1 1 1 1 0 0 0 0 1]"
19,0.9998112018042149,"[1 1 1 1 1 1 1 1 1 1 1 1 1 1 1 0 1 1 0 0 0 0 1 1 0 0 1 1 1 0 0 0 1 1 1 0 0 1 1 0]"
19,0.9985901857529731,"[1 1 1 1 1 1 1 1 1 1 1 1 0 1 1 0 1 1 0 0 0 0 0 1 0 0 1 1 1 0 0 0 1 1 1 0 0 1 1 0]"
19,0.9998101972656872,"[1 1 1 1 1 1 1 1 1 1 1 1 1 1 1 0 1 1 0 0 0 0 0 1 1 0 0 0 1 0 0 1 0 1 1 0 0 0 0 1]"
19,0.9995101040377895,"[1 1 1 1 1 1 1 1 1 1 1 1 1 1 0 0 1 1 0 0 1 0 0 1 1 1 1 0 1 0 0 0 1 1 1 0 0 0 1 0]"
19,0.9986689523809802,"[1 1 1 1 1 1 1 1 1 1 1 1 0 1 1 1 0 1 0 0 0 1 0 1 1 0 0 0 1 0 0 0 1 0 1 1 0 0 0 0]"
19,0.8352549180941734,"[1 1 1 1 1 0 1 1 0 1 1 0 1 1 1 0 1 1 0 0 1 0 0 1 1 0 0 1 1 1 0 1 1 1 0 0 0 0 1 1]"
19,0.9900932571933458,"[1 1 1 1 1 1 1 1 1 0 1 1 1 1 1 0 1 1 0 0 1 0 0 0 1 0 1 0 1 1 0 1 1 1 1 0 1 1 1 1]"
19,0.9974004357306037,"[1 1 1 1 1 1 1 1 1 1 1 0 1 1 1 0 1 1 1 1 0 0 0 1 1 0 0 0 1 0 1 1 0 1 1 0 0 1 1 0]"
19,0.9949389305884881,"[1 1 1 1 1 1 1 1 1 1 0 1 1 1 1 0 1 1 0 0 0 0 0 1 1 0 0 0 1 0 0 0 1 0 1 1 1 0 0 0]"
19,0.998514195924691,"[1 1 1 1 1 1 1 1 1 1 1 1 0 1 1 0 0 1 0 0 0 0 0 1 1 0 0 1 0 0 0 0 1 1 1 0 1 1 1 0]"
19,0.9998292688487446,"[1 1 1 1 1 1 1 1 1 1 1 1 1 1 1 0 1 1 1 0 0 0 0 1 1 0 0 0 1 0 0 1 1 1 1 0 0 1 0 0]"
19,0.9985903717448147,"[1 1 1 1 1 1 1 1 1 1 1 1 0 1 1 0 1 1 0 0 0 0 0 1 1 0 0 0 1 0 0 0 1 1 1 0 0 0 1 0]"
19,0.994948426610809,"[1 1 1 1 1 1 1 1 1 1 0 1 1 1 1 0 1 1 0 1 0 0 0 1 1 0 0 0 1 0 0 1 1 1 1 0 0 0 0 1]"
19,0.9998099353850821,"[1 1 1 1 1 1 1 1 1 1 1 1 1 1 1 0 1 1 0 0 0 0 0 1 0 0 0 1 1 0 0 0 1 1 1 0 0 0 1 0]"
19,0.9986189530009405,"[1 1 1 1 1 1 1 1 1 1 1 1 0 1 1 0 1 1 1 1 0 0 0 1 1 0 0 0 1 0 1 1 1 1 1 0 0 0 0 0]"
19,0.9973742470092659,"[1 1 1 1 1 1 1 1 1 1 1 0 1 1 1 0 1 1 0 0 0 1 0 1 1 0 0 0 0 0 0 0 1 1 1 0 1 0 1 0]"
19,0.9613049461817305,"[1 1 1 1 1 1 1 0 1 1 1 1 1 1 0 1 1 1 1 0 0 0 0 1 1 0 0 0 1 0 0 1 1 1 1 0 0 0 1 1]"
19,0.9998100843712141,"[1 1 1 1 1 1 1 1 1 1 1 1 1 1 1 0 1 1 0 0 0 0 0 1 0 1 0 1 1 0 0 0 1 1 1 0 0 0 1 0]"
19,0.9804540150996871,"[1 1 1 1 1 1 1 1 0 1 1 1 1 1 1 0 1 1 0 0 0 0 1 1 0 0 1 1 1 0 0 0 1 1 1 0 0 1 1 0]"
19,0.9941086907762442,"[1 1 1 1 1 1 1 1 1 1 0 1 1 0 0 1 0 1 0 0 1 0 0 1 1 0 1 1 1 0 0 0 1 1 0 0 0 1 0 1]"
19,0.26301922192024574,"[1 1 0 1 1 1 1 1 1 1 1 1 1 1 1 0 1 1 0 0 0 1 0 1 1 0 0 0 0 0 0 0 1 1 1 0 0 0 0 0]"
19,0.999504911961317,"[1 1 1 1 1 1 1 1 1 1 1 1 1 1 0 0 1 1 0 0 0 0 0 1 0 0 1 1 0 0 0 1 1 1 1 0 1 0 1 0]"
19,0.0007085606344971818,"[0 1 1 1 1 0 1 1 1 1 1 1 0 1 0 1 0 1 1 1 1 0 0 1 1 0 0 1 1 0 1 0 1 0 0 1 0 1 0 1]"
19,0.9962308477778803,"[1 1 1 1 1 1 1 1 1 1 1 0 0 1 1 1 0 1 0 0 0 0 0 1 1 0 1 0 1 0 0 1 0 0 1 0 0 0 0 1]"
19,0.9998125613595207,"[1 1 1 1 1 1 1 1 1 1 1 1 1 1 1 0 1 1 0 0 0 1 0 1 1 0 0 0 0 0 0 0 1 1 1 0 1 1 0 0]"
19,0.48222047508792365,"[1 1 1 0 1 1 0 1 1 1 1 1 1 1 1 0 0 1 0 0 0 0 0 1 1 0 1 1 0 0 0 0 1 1 1 0 0 0 1 0]"
19,0.7278333872569318,"[1 1 1 1 0 1 1 1 1 1 1 1 1 1 1 0 1 1 0 0 0 0 0 1 0 0 1 1 1 0 0 0 1 1 1 0 0 1 1 0]"
19,0.9948677702672346,"[1 1 1 1 1 1 1 1 1 1 0 1 1 1 1 0 0 1 0 0 1 0 0 1 1 0 0 1 1 0 0 0 1 0 1 1 1 0 0 0]"
19,0.9998125613413339,"[1 1 1 1 1 1 1 1 1 1 1 1 1 1 1 0 1 1 0 0 0 1 0 1 1 0 0 0 0 0 0 0 1 1 1 0 1 0 1 0]"
19,0.9998100099145192,"[1 1 1 1 1 1 1 1 1 1 1 1 1 1 1 0 1 1 0 0 0 0 0 1 0 0 1 1 1 0 0 0 1 1 1 0 0 1 1 0]"
19,0.999811090028128,"[1 1 1 1 1 1 1 1 1 1 1 1 1 1 1 0 1 1 0 0 0 0 1 1 0 0 0 0 1 0 0 0 1 1 1 0 0 0 1 0]"
19,0.8532018755117942,"[1 1 1 1 1 0 1 1 1 1 1 1 0 1 1 1 1 1 0 0 0 1 0 1 1 0 0 1 1 0 0 0 1 0 1 1 0 0 0 0]"
19,0.9998889003814512,"[1 1 1 1 1 1 1 1 1 1 1 1 1 1 1 1 0 1 0 0 0 1 0 1 1 0 0 1 1 0 0 0 1 0 1 1 0 0 0 0]"
19,0.05629944168169706,"[1 0 1 1 1 1 1 1 1 1 1 1 1 1 1 0 1 1 0 0 0 1 0 1 1 0 0 0 0 0 1 0 1 1 1 0 1 0 1 0]"
19,0.9950172713527873,"[1 1 1 1 1 1 1 1 1 1 0 1 1 1 1 1 0 1 0 0 0 1 0 1 1 0 0 1 0 0 0 0 1 0 1 0 0 0 0 0]"
19,0.9949390420734082,"[1 1 1 1 1 1 1 1 1 1 0 1 1 1 1 0 1 1 0 0 0 0 0 1 1 0 1 1 1 0 0 0 1 1 0 1 0 0 1 0]"
19,0.9994666871445879,"[1 1 1 1 1 1 1 1 1 1 1 1 1 1 0 0 1 0 0 0 0 0 0 1 0 0 0 0 1 0 0 0 1 1 1 0 0 0 0 1]"
19,0.9961737505749076,"[1 1 1 1 1 1 1 1 1 1 1 0 0 1 1 0 1 1 1 0 0 0 0 1 1 0 0 0 1 0 0 1 1 1 1 1 0 0 1 0]"
19,0.9973761354864238,"[1 1 1 1 1 1 1 1 1 1 1 0 1 1 1 0 1 1 0 0 1 0 0 0 1 0 1 0 1 1 0 1 1 1 1 0 1 1 1 0]"
19,0.999838891184346,"[1 1 1 1 1 1 1 1 1 1 1 1 1 1 1 0 1 1 1 1 0 0 0 1 1 0 1 0 1 1 1 1 0 1 0 0 0 1 0 1]"
20,0.523673249424813,"[1 1 1 0 1 1 1 1 1 1 1 1 0 1 1 0 1 1 0 0 0 1 0 1 1 0 0 0 0 0 0 0 1 1 1 0 1 0 1 0]"
20,0.9988961046834188,"[1 1 1 1 1 1 1 1 1 1 1 1 1 0 0 0 1 1 0 0 0 0 1 1 0 0 0 0 1 1 0 0 1 1 1 0 0 0 1 0]"
20,0.8530014714430002,"[1 1 1 1 1 0 1 1 1 1 1 1 0 1 1 0 0 1 0 0 0 0 0 1 1 0 1 1 0 0 0 0 1 1 1 0 1 1 1 0]"
20,0.9987425904874058,"[1 1 1 1 1 1 1 1 1 1 1 1 0 1 1 1 1 1 0 0 0 0 0 1 0 0 1 1 1 0 0 0 1 1 1 0 0 1 1 0]"
20,0.9998099726679868,"[1 1 1 1 1 1 1 1 1 1 1 1 1 1 1 0 1 1 0 0 0 0 0 1 0 0 1 0 1 0 0 0 1 1 1 0 0 1 1 0]"
20,0.9985951712825207,"[1 1 1 1 1 1 1 1 1 1 1 1 0 1 1 0 1 1 0 0 1 0 0 1 1 0 0 1 1 0 0 0 1 1 1 0 0 0 1 0]"
20,0.9998388166893458,"[1 1 1 1 1 1 1 1 1 1 1 1 1 1 1 0 1 1 1 1 0 0 0 1 1 0 0 0 1 1 1 1 0 1 0 0 0 1 0 1]"
20,0.2630249581754784,"[1 1 0 1 1 1 1 1 1 1 1 1 1 1 1 0 1 1 1 0 0 1 0 1 1 0 0 0 0 1 0 0 1 1 0 0 0 0 0 0]"
20,0.8520108555934132,"[1 1 1 1 1 0 1 1 1 1 1 0 1 1 1 0 1 1 0 0 0 0 1 1 0 0 0 0 1 0 0 0 1 0 1 0 0 0 1 0]"
20,0.9985901857529731,"[1 1 1 1 1 1 1 1 1 1 1 1 0 1 1 0 1 1 0 0 0 0 0 1 0 0 1 1 1 0 0 0 1 1 1 0 0 1 1 0]"
20,0.9995101040377895,"[1 1 1 1 1 1 1 1 1 1 1 1 1 1 0 0 1 1 0 0 1 0 0 1 1 1 1 0 1 0 0 0 1 1 1 0 0 0 1 0]"
20,0.9948632559259706,"[1 1 1 1 1 1 1 1 1 1 0 1 1 1 1 0 0 1 0 0 0 0 0 1 1 1 1 1 1 1 0 0 1 1 0 1 0 0 1 0]"
20,0.0009667002002220321,"[0 1 1 1 1 1 1 1 1 1 0 1 1 1 1 0 1 1 0 0 0 0 0 1 1 0 0 1 1 0 0 1 1 1 1 0 0 0 1 0]"
20,0.5243594621484143,"[1 1 1 0 1 1 1 1 1 1 1 1 1 1 1 0 1 1 0 1 0 0 0 1 0 0 0 0 1 0 0 0 1 1 1 0 0 0 0 1]"
20,0.2630729790359066,"[1 1 0 1 1 1 1 1 1 1 1 1 1 1 1 1 1 1 1 1 0 0 0 1 1 0 0 0 0 0 0 1 1 1 1 0 1 1 0 0]"
20,0.9998100843712141,"[1 1 1 1 1 1 1 1 1 1 1 1 1 1 1 0 1 1 0 0 0 0 0 1 0 1 0 1 1 0 0 0 1 1 1 0 0 0 1 0]"
20,0.9985903904566349,"[1 1 1 1 1 1 1 1 1 1 1 1 0 1 1 0 1 1 0 0 0 0 0 1 1 0 0 1 0 0 0 0 1 1 1 0 1 1 1 0]"
20,0.851947718366119,"[1 1 1 1 1 0 1 1 1 1 1 0 1 1 1 0 0 1 0 0 1 0 0 0 1 0 1 0 1 1 0 1 1 1 1 0 1 1 1 0]"
20,0.6711773445564745,"[1 1 1 1 0 1 0 1 1 1 1 1 1 1 1 0 0 1 0 1 1 0 0 0 0 1 0 1 0 1 0 1 1 1 0 0 1 1 0 1]"
20,0.9986689884264954,"[1 1 1 1 1 1 1 1 1 1 1 1 0 1 1 1 0 1 0 0 0 1 0 1 1 0 0 1 1 0 0 0 0 0 1 1 0 0 0 0]"
20,0.9998125613595207,"[1 1 1 1 1 1 1 1 1 1 1 1 1 1 1 0 1 1 0 0 0 1 0 1 1 0 0 0 0 0 0 0 1 1 1 0 1 1 0 0]"
20,0.9897875117205224,"[1 1 1 1 1 1 1 1 1 0 1 1 1 1 0 0 1 1 0 0 0 0 1 1 0 0 0 0 1 0 0 0 1 1 1 0 0 0 1 0]"
20,0.9998099355305763,"[1 1 1 1 1 1 1 1 1 1 1 1 1 1 1 0 1 1 0 0 0 0 0 1 0 0 0 1 1 0 0 0 1 1 1 1 0 0 1 0]"
20,0.998668989589254,"[1 1 1 1 1 1 1 1 1 1 1 1 0 1 1 1 0 1 0 0 0 1 0 1 1 0 0 1 1 0 0 0 1 0 1 1 0 0 0 0]"
20,0.8352549180941734,"[1 1 1 1 1 0 1 1 0 1 1 0 1 1 1 0 1 1 0 0 1 0 0 1 1 0 0 1 1 1 0 1 1 1 0 0 0 0 1 1]"
20,0.999822096662101,"[1 1 1 1 1 1 1 1 1 1 1 1 1 1 1 0 1 1 0 1 0 1 0 1 1 0 0 0 0 0 0 0 1 1 1 1 1 0 1 0]"
20,0.9803968538959583,"[1 1 1 1 1 1 1 1 0 1 1 1 1 1 1 0 0 1 1 0 0 0 0 1 1 0 0 1 1 0 0 1 1 0 1 0 0 1 0 0]"
20,0.02358351961158306,"[1 0 1 0 1 1 1 1 1 1 1 1 1 1 1 0 1 1 0 0 0 1 0 1 1 0 0 0 1 0 0 0 1 1 0 1 0 0 0 0]"
20,0.9997339365484342,"[1 1 1 1 1 1 1 1 1 1 1 1 1 1 1 0 0 1 0 0 0 0 0 1 1 0 0 1 0 0 0 0 1 1 1 0 1 1 1 0]"
20,0.999838891184346,"[1 1 1 1 1 1 1 1 1 1 1 1 1 1 1 0 1 1 1 1 0 0 0 1 1 0 1 0 1 1 1 1 0 1 0 0 0 1 0 1]"
20,0.9998149648329469,"[1 1 1 1 1 1 1 1 1 1 1 1 1 1 1 0 1 1 0 0 1 0 0 1 1 0 0 0 1 0 0 1 0 1 1 0 0 0 0 1]"
20,0.9231806044941524,"[1 1 1 1 1 1 0 1 1 1 1 1 0 1 1 0 0 1 0 0 0 0 0 1 1 0 0 1 0 0 0 0 1 1 1 0 1 0 1 0]"
20,0.9943315291074948,"[1 1 1 1 1 1 1 1 1 1 0 1 1 0 1 0 1 1 0 0 0 0 0 1 1 0 0 0 1 0 0 1 1 0 1 1 1 0 0 0]"
20,0.9998100843712141,"[1 1 1 1 1 1 1 1 1 1 1 1 1 1 1 0 1 1 0 0 0 0 0 1 0 1 0 1 1 0 0 0 1 1 1 0 0 0 1 0]"
20,0.9998293558558295,"[1 1 1 1 1 1 1 1 1 1 1 1 1 1 1 0 1 1 1 0 0 0 0 1 1 0 1 0 1 1 1 1 0 1 0 0 0 1 0 0]"
20,0.9804633839623947,"[1 1 1 1 1 1 1 1 0 1 1 1 1 1 1 0 1 1 0 1 0 0 1 1 0 0 1 1 1 0 0 0 1 1 1 0 0 1 1 1]"
20,0.9961259697892272,"[1 1 1 1 1 1 1 1 1 1 1 0 0 1 1 0 1 0 0 1 0 0 0 1 0 0 0 1 1 0 0 0 1 1 1 0 0 0 1 0]"
20,0.9238197731831858,"[1 1 1 1 1 1 0 1 1 1 1 1 1 0 1 0 1 1 0 0 0 0 0 1 1 0 0 0 1 0 0 1 1 1 1 0 0 0 0 0]"
20,0.9937340534843517,"[1 1 1 1 1 1 1 1 1 1 0 1 0 1 1 0 1 1 0 1 0 0 0 1 1 0 1 1 1 0 0 1 1 1 1 0 0 0 1 1]"
20,0.9998122819007957,"[1 1 1 1 1 1 1 1 1 1 1 1 1 1 1 0 1 1 0 0 0 1 0 1 0 0 0 0 1 0 0 0 1 1 1 0 0 0 0 0]"
20,0.8498987626220674,"[1 1 1 1 1 0 1 1 1 1 0 1 1 1 1 0 1 1 0 0 0 0 0 1 1 0 0 0 1 1 0 0 1 0 1 1 1 0 0 0]"
20,0.8530675793425221,"[1 1 1 1 1 0 1 1 1 1 1 1 0 1 1 0 1 1 0 0 0 0 0 1 1 0 1 0 1 0 0 0 1 1 1 0 0 0 1 0]"
20,0.05070739992453316,"[1 0 1 1 1 1 0 1 1 1 1 1 1 1 1 1 0 1 0 0 0 1 0 1 1 0 0 1 1 0 0 0 1 0 1 1 0 0 0 0]"
20,0.9994762193510788,"[1 1 1 1 1 1 1 1 1 1 1 1 1 1 0 0 1 0 0 1 0 0 0 1 0 0 0 0 1 0 0 0 1 1 1 0 0 0 0 1]"
20,0.26301845485982306,"[1 1 0 1 1 1 1 1 1 1 1 1 1 1 1 0 1 1 0 0 0 0 0 1 0 0 1 1 1 0 0 0 1 1 1 0 0 1 1 0]"
20,0.9243892060260566,"[1 1 1 1 1 1 0 1 1 1 1 1 1 1 1 0 1 1 0 0 0 0 1 1 0 0 1 1 1 0 0 0 1 1 1 0 0 1 1 0]"
20,0.9985808634196484,"[1 1 1 1 1 1 1 1 1 1 1 1 0 1 1 0 1 0 1 1 0 0 0 1 1 0 0 0 1 1 1 1 1 1 1 0 0 0 1 0]"
20,0.9998125613686141,"[1 1 1 1 1 1 1 1 1 1 1 1 1 1 1 0 1 1 0 0 0 1 0 1 1 0 0 0 0 0 0 0 1 1 1 0 1 1 0 1]"
20,0.0562087680637618,"[1 0 1 1 1 1 1 1 1 1 1 1 0 1 1 0 1 1 0 1 1 0 0 1 1 0 0 0 1 0 0 1 1 1 1 0 0 0 0 1]"
20,0.999838891184346,"[1 1 1 1 1 1 1 1 1 1 1 1 1 1 1 0 1 1 1 1 0 0 0 1 1 0 1 0 1 1 1 1 0 1 0 0 0 1 0 1]"
21,0.9985903904566349,"[1 1 1 1 1 1 1 1 1 1 1 1 0 1 1 0 1 1 0 0 0 0 0 1 1 0 0 1 0 0 0 0 1 1 1 0 1 1 1 0]"
21,0.9961259697892272,"[1 1 1 1 1 1 1 1 1 1 1 0 0 1 1 0 1 0 0 1 0 0 0 1 0 0 0 1 1 0 0 0 1 1 1 0 0 0 1 0]"
21,0.9992284978951285,"[1 1 1 1 1 1 1 1 1 1 1 1 1 0 1 0 1 1 1 1 0 0 0 1 0 0 1 0 1 1 1 1 0 1 0 0 0 1 0 1]"
21,0.999829355864923,"[1 1 1 1 1 1 1 1 1 1 1 1 1 1 1 0 1 1 1 0 0 0 0 1 1 0 1 0 1 1 1 1 0 1 0 0 0 1 0 1]"
21,0.9994762193510788,"[1 1 1 1 1 1 1 1 1 1 1 1 1 1 0 0 1 0 0 1 0 0 0 1 0 0 0 0 1 0 0 0 1 1 1 0 0 0 0 1]"
21,0.0009760429433938688,"[0 1 1 1 1 1 1 1 1 1 1 1 1 1 1 0 0 1 0 0 0 0 0 1 1 0 0 1 1 0 0 0 1 1 1 0 1 1 1 0]"
21,0.9946064190691858,"[1 1 1 1 1 1 1 1 1 1 0 1 1 1 0 0 1 0 0 1 0 0 0 1 0 0 0 0 1 0 0 0 1 1 1 0 0 0 0 1]"
21,0.9995095082543086,"[1 1 1 1 1 1 1 1 1 1 1 1 1 1 0 0 1 1 0 0 1 0 0 0 1 1 1 0 1 0 0 0 1 1 1 0 0 0 1 0]"
21,0.9998099355305763,"[1 1 1 1 1 1 1 1 1 1 1 1 1 1 1 0 1 1 0 0 0 0 0 1 0 0 0 1 1 0 0 0 1 1 1 1 0 0 1 0]"
21,0.524354232034032,"[1 1 1 0 1 1 1 1 1 1 1 1 1 1 1 0 1 1 0 0 0 0 0 1 0 1 0 1 1 0 0 0 1 1 0 0 0 0 1 0]"
21,0.9614614956446224,"[1 1 1 1 1 1 1 0 1 1 1 1 1 1 1 0 1 1 1 1 0 0 0 1 1 0 1 0 1 0 0 1 0 1 0 0 0 1 0 1]"
21,0.999838891184346,"[1 1 1 1 1 1 1 1 1 1 1 1 1 1 1 0 1 1 1 1 0 0 0 1 1 0 1 0 1 1 1 1 0 1 0 0 0 1 0 1]"
21,0.0009762477116719042,"[0 1 1 1 1 1 1 1 1 1 1 1 1 1 1 0 1 1 1 1 0 0 0 1 1 0 0 0 1 1 1 1 0 1 0 0 0 1 0 1]"
21,0.8541505142397361,"[1 1 1 1 1 0 1 1 1 1 1 1 1 1 1 0 1 1 1 1 0 0 0 0 1 0 1 0 1 1 1 1 0 1 0 0 0 0 0 1]"
21,0.9998148891846852,"[1 1 1 1 1 1 1 1 1 1 1 1 1 1 1 0 1 1 0 0 1 0 0 1 0 1 1 0 1 0 0 0 1 1 1 0 0 0 1 0]"
21,0.9226127751548137,"[1 1 1 1 1 1 0 1 1 1 1 1 0 0 1 0 0 1 0 0 0 0 0 1 1 0 0 1 0 0 0 0 1 1 1 0 1 0 1 0]"
21,0.9998388911752524,"[1 1 1 1 1 1 1 1 1 1 1 1 1 1 1 0 1 1 1 1 0 0 0 1 1 0 1 0 1 1 1 1 0 1 0 0 0 1 0 0]"
21,0.9998125612867734,"[1 1 1 1 1 1 1 1 1 1 1 1 1 1 1 0 1 1 0 0 0 1 0 1 1 0 0 0 0 0 0 0 1 1 1 0 0 1 0 0]"
21,0.054829190874272474,"[1 0 1 1 1 1 1 1 0 1 1 1 1 1 0 0 1 1 1 0 0 0 0 1 1 0 0 1 1 0 0 1 1 0 1 0 0 1 1 0]"
21,0.9900143121351582,"[1 1 1 1 1 1 1 1 1 0 1 1 1 1 1 0 0 1 0 0 0 0 1 1 0 0 0 0 1 0 0 0 1 1 1 0 0 0 0 0]"
21,0.2630250029692272,"[1 1 0 1 1 1 1 1 1 1 1 1 1 1 1 0 1 1 1 0 0 1 0 1 1 1 0 0 0 1 0 0 1 1 0 0 0 0 0 0]"
21,0.9994762193510788,"[1 1 1 1 1 1 1 1 1 1 1 1 1 1 0 0 1 0 0 1 0 0 0 1 0 0 0 0 1 0 0 0 1 1 1 0 0 0 0 1]"
21,0.9614360906453433,"[1 1 1 1 1 1 1 0 1 1 1 1 1 1 1 0 1 1 0 0 0 1 0 1 1 0 0 0 0 0 0 0 1 1 1 0 1 1 0 0]"
21,0.7105730567833504,"[1 1 1 1 0 1 1 1 0 1 1 0 0 1 1 0 1 0 0 1 0 0 0 1 0 0 0 1 1 0 0 0 0 1 1 0 0 0 1 0]"
21,0.999812300669595,"[1 1 1 1 1 1 1 1 1 1 1 1 1 1 1 0 1 1 0 0 0 1 0 1 0 0 0 1 0 0 0 0 1 1 1 1 0 0 0 0]"
21,0.9998099004664602,"[1 1 1 1 1 1 1 1 1 1 1 1 1 1 1 0 1 1 0 0 0 0 0 1 0 0 0 0 1 0 0 1 1 1 1 0 0 0 1 0]"
21,0.998744078990777,"[1 1 1 1 1 1 1 1 1 1 1 1 0 1 1 1 1 1 0 0 0 0 1 1 1 0 1 1 1 0 0 0 1 1 1 0 1 1 1 0]"
21,0.9979806832831648,"[1 1 1 1 1 1 1 1 1 1 1 1 0 0 1 0 1 1 0 0 0 0 0 1 0 0 0 1 0 0 0 0 1 1 1 1 0 1 1 0]"
21,0.9243980934799508,"[1 1 1 1 1 1 0 1 1 1 1 1 1 1 1 0 1 1 0 1 0 0 1 1 0 0 1 1 1 0 0 1 1 1 1 0 0 1 1 0]"
21,0.9986689884264954,"[1 1 1 1 1 1 1 1 1 1 1 1 0 1 1 1 0 1 0 0 0 1 0 1 1 0 0 1 1 0 0 0 0 0 1 1 0 0 0 0]"
21,0.999838891184346,"[1 1 1 1 1 1 1 1 1 1 1 1 1 1 1 0 1 1 1 1 0 0 0 1 1 0 1 0 1 1 1 1 0 1 0 0 0 1 0 1]"
21,0.8508920179309767,"[1 1 1 1 1 0 1 1 1 1 1 0 0 1 1 0 0 1 0 0 1 0 0 1 1 0 0 1 1 1 0 1 1 1 0 0 0 0 1 1]"
21,0.2611908054758262,"[1 1 0 1 1 1 1 1 1 1 0 1 0 1 1 0 1 1 0 0 1 0 0 0 1 0 0 1 1 0 0 0 1 1 1 0 0 0 1 0]"
21,0.9997719445735854,"[1 1 1 1 1 1 1 1 1 1 1 1 1 1 1 0 1 0 0 0 0 0 0 1 0 1 0 1 1 0 0 0 1 1 1 0 0 0 1 0]"
21,0.9998388914753421,"[1 1 1 1 1 1 1 1 1 1 1 1 1 1 1 0 1 1 1 1 0 0 0 1 1 0 1 0 1 1 1 1 0 1 1 0 0 1 0 1]"
21,0.9998122819007957,"[1 1 1 1 1 1 1 1 1 1 1 1 1 1 1 0 1 1 0 0 0 1 0 1 0 0 0 0 1 0 0 0 1 1 1 0 0 0 0 0]"
21,0.2630069769434015,"[1 1 0 1 1 1 1 1 1 1 1 1 1 1 1 0 1 0 0 0 0 0 0 1 0 0 1 0 1 0 0 0 1 1 1 0 0 1 1 0]"
21,0.9958599041763477,"[1 1 1 1 1 1 1 1 1 1 1 0 0 1 0 0 1 1 0 1 0 0 0 1 0 0 0 1 1 0 0 0 1 1 1 0 0 0 1 0]"
21,0.9897875117205224,"[1 1 1 1 1 1 1 1 1 0 1 1 1 1 0 0 1 1 0 0 0 0 1 1 0 0 0 0 1 0 0 0 1 1 1 0 0 0 1 0]"
21,0.2572059822550914,"[1 1 0 1 1 1 1 1 0 1 1 1 1 1 1 0 1 1 0 0 0 0 0 1 0 0 0 1 1 0 0 0 1 1 1 1 0 0 1 0]"
21,0.9998149648329469,"[1 1 1 1 1 1 1 1 1 1 1 1 1 1 1 0 1 1 0 0 1 0 0 1 1 0 0 0 1 0 0 1 0 1 1 0 0 0 0 1]"
21,0.262286256421458,"[1 1 0 1 1 1 1 1 1 1 1 0 1 1 1 0 1 1 0 0 0 1 0 1 1 0 0 0 0 0 0 0 1 1 1 0 1 1 0 0]"
21,0.9986691372596029,"[1 1 1 1 1 1 1 1 1 1 1 1 0 1 1 1 0 1 0 0 0 1 0 1 1 1 0 1 1 0 0 0 0 0 1 1 0 0 0 0]"
21,0.05070739992453316,"[1 0 1 1 1 1 0 1 1 1 1 1 1 1 1 1 0 1 0 0 0 1 0 1 1 0 0 1 1 0 0 0 1 0 1 1 0 0 0 0]"
21,0.9998388888563772,"[1 1 1 1 1 1 1 1 1 1 1 1 1 1 1 0 1 1 1 1 0 0 0 1 1 0 1 0 1 1 1 0 0 1 0 0 0 1 0 1]"
21,0.9998388923483305,"[1 1 1 1 1 1 1 1 1 1 1 1 1 1 1 0 1 1 1 1 0 0 0 1 1 0 1 0 1 1 1 1 1 1 0 0 0 1 0 1]"
21,0.9988961046834188,"[1 1 1 1 1 1 1 1 1 1 1 1 1 0 0 0 1 1 0 0 0 0 1 1 0 0 0 0 1 1 0 0 1 1 1 0 0 0 1 0]"
21,0.9900228957156344,"[1 1 1 1 1 1 1 1 1 0 1 1 1 1 1 0 0 1 0 1 0 0 0 1 1 0 0 1 0 0 0 0 1 1 1 0 1 1 1 0]"
21,0.9949675001846653,"[1 1 1 1 1 1 1 1 1 1 0 1 1 1 1 0 1 1 1 1 0 0 0 1 1 0 1 0 1 1 1 1 0 1 0 0 0 1 0 1]"
21,0.9998125613686141,"[1 1 1 1 1 1 1 1 1 1 1 1 1 1 1 0 1 1 0 0 0 1 0 1 1 0 0 0 0 0 0 0 1 1 1 0 1 1 0 1]"
22,0.9975254254088926,"[1 1 1 1 1 1 1 1 1 1 1 0 1 1 1 1 1 1 0 0 0 0 1 1 1 0 1 1 1 0 0 0 1 1 1 0 1 1 1 0]"
22,0.999824424379937,"[1 1 1 1 1 1 1 1 1 1 1 1 1 1 1 0 1 1 0 1 1 0 0 1 0 1 1 0 1 0 0 0 1 1 1 0 0 0 1 0]"
22,0.12516849978588265,"[1 1 0 0 1 1 1 1 1 1 1 1 0 1 1 0 1 1 1 1 0 0 0 1 1 0 1 1 1 1 1 1 1 1 0 0 0 1 0 1]"
22,0.25720598499889546,"[1 1 0 1 1 1 1 1 0 1 1 1 1 1 1 0 1 1 0 0 0 0 0 1 0 0 0 1 1 1 0 0 1 1 1 1 0 0 1 0]"
22,0.9946077536627198,"[1 1 1 1 1 1 1 1 1 1 0 1 1 1 0 0 1 0 0 1 0 0 1 1 0 1 0 0 1 0 0 0 1 1 1 0 0 0 0 1]"
22,0.997371591975445,"[1 1 1 1 1 1 1 1 1 1 1 0 1 1 1 0 1 1 0 0 0 0 0 1 0 0 0 0 1 0 0 1 1 1 1 0 0 0 1 0]"
22,0.9985520133949136,"[1 1 1 1 1 1 1 1 1 1 1 1 0 1 1 0 1 0 0 0 0 0 0 1 0 0 0 1 1 0 0 0 1 1 1 0 0 0 1 0]"
22,0.9925204964355107,"[1 1 1 1 1 1 1 1 1 1 0 0 1 1 1 0 1 1 0 1 0 0 0 1 0 0 0 0 1 0 0 1 1 1 1 0 0 0 1 0]"
22,0.9997744202401895,"[1 1 1 1 1 1 1 1 1 1 1 1 1 1 1 0 1 0 0 0 0 1 0 1 1 0 0 0 0 0 0 0 0 1 1 0 0 1 0 0]"
22,0.8531026759740482,"[1 1 1 1 1 0 1 1 1 1 1 1 0 1 1 1 0 0 0 0 0 1 0 1 1 0 0 1 1 0 0 0 0 0 1 1 0 0 0 0]"
22,0.5241674639223783,"[1 1 1 0 1 1 1 1 1 1 1 1 1 1 0 0 1 0 0 1 0 0 0 1 0 0 0 0 1 0 0 0 1 1 1 0 0 0 0 1]"
22,0.9940288489668277,"[1 1 1 1 1 1 1 1 1 1 0 1 1 0 0 0 1 1 0 0 0 0 1 1 0 0 0 0 1 1 0 0 1 1 1 0 0 0 1 0]"
22,0.9979902027335045,"[1 1 1 1 1 1 1 1 1 1 1 1 0 0 1 0 1 1 0 1 0 0 0 1 0 0 0 1 0 0 0 0 1 1 1 1 0 1 1 0]"
22,0.9997719445735854,"[1 1 1 1 1 1 1 1 1 1 1 1 1 1 1 0 1 0 0 0 0 0 0 1 0 1 0 1 1 0 0 0 1 1 1 0 0 0 1 0]"
22,0.999230880427948,"[1 1 1 1 1 1 1 1 1 1 1 1 1 0 1 0 1 1 1 1 0 1 0 1 0 0 1 0 1 1 1 1 0 1 0 0 0 1 0 1]"
22,0.999838891184346,"[1 1 1 1 1 1 1 1 1 1 1 1 1 1 1 0 1 1 1 1 0 0 0 1 1 0 1 0 1 1 1 1 0 1 0 0 0 1 0 1]"
22,0.9994786024882113,"[1 1 1 1 1 1 1 1 1 1 1 1 1 1 0 0 1 0 0 1 0 1 0 1 0 0 0 0 1 0 0 0 1 1 1 0 1 0 0 1]"
22,0.9998388923483305,"[1 1 1 1 1 1 1 1 1 1 1 1 1 1 1 0 1 1 1 1 0 0 0 1 1 0 1 0 1 1 1 1 1 1 0 0 0 1 0 1]"
22,0.9992001537685337,"[1 1 1 1 1 1 1 1 1 1 1 1 1 0 1 0 1 1 0 0 0 0 0 1 1 0 0 1 1 0 0 0 1 1 1 1 0 0 1 0]"
22,0.0008937607443962774,"[0 1 1 1 1 1 1 0 1 1 0 1 1 1 1 0 1 1 1 1 0 1 0 0 1 0 1 0 1 1 1 1 0 1 0 0 0 1 0 1]"
22,0.9994762193510788,"[1 1 1 1 1 1 1 1 1 1 1 1 1 1 0 0 1 0 0 1 0 0 0 1 0 0 0 0 1 0 0 0 1 1 1 0 0 0 0 1]"
22,0.999812635780013,"[1 1 1 1 1 1 1 1 1 1 1 1 1 1 1 0 1 1 0 0 0 1 0 1 1 0 1 0 0 0 0 0 1 1 1 0 0 1 0 0]"
22,0.5241914822961611,"[1 1 1 0 1 1 1 1 1 1 1 1 1 1 0 0 1 1 0 1 1 0 0 1 0 0 0 1 1 0 0 1 1 1 0 1 0 0 1 0]"
22,0.9998101949377785,"[1 1 1 1 1 1 1 1 1 1 1 1 1 1 1 0 1 1 0 0 0 0 0 1 1 0 0 0 1 0 0 0 0 1 1 0 0 0 0 1]"
22,0.9986190353078214,"[1 1 1 1 1 1 1 1 1 1 1 1 0 1 1 0 1 1 1 1 0 0 0 1 1 0 1 0 1 1 1 1 0 1 0 0 0 1 0 1]"
22,0.9998388888563772,"[1 1 1 1 1 1 1 1 1 1 1 1 1 1 1 0 1 1 1 1 0 0 0 1 1 0 1 0 1 1 1 0 0 1 0 0 0 1 0 1]"
22,0.9995098061460091,"[1 1 1 1 1 1 1 1 1 1 1 1 1 1 0 0 1 1 0 0 1 0 0 1 0 1 1 0 1 0 0 0 1 1 1 0 0 0 1 0]"
22,0.9900604605358324,"[1 1 1 1 1 1 1 1 1 0 1 1 1 1 1 0 1 0 0 1 0 0 0 1 0 0 1 0 1 0 0 0 1 1 1 0 0 0 0 1]"
22,0.9988660355148147,"[1 1 1 1 1 1 1 1 1 1 1 1 1 0 0 0 1 0 0 1 0 0 0 0 1 0 0 0 1 1 0 1 0 1 0 0 0 0 0 1]"
22,0.8541468819559913,"[1 1 1 1 1 0 1 1 1 1 1 1 1 1 1 0 1 1 1 0 1 0 0 1 1 0 1 0 1 0 0 1 0 1 1 0 0 0 0 1]"
22,0.9997912130777894,"[1 1 1 1 1 1 1 1 1 1 1 1 1 1 1 0 1 0 1 0 0 0 0 1 1 0 1 0 1 1 1 0 0 1 0 0 0 1 0 1]"
22,0.9244150082009198,"[1 1 1 1 1 1 0 1 1 1 1 1 1 1 1 0 1 1 1 1 0 0 0 1 1 0 1 0 1 1 1 1 0 1 0 0 0 1 0 0]"
22,0.9998388911752524,"[1 1 1 1 1 1 1 1 1 1 1 1 1 1 1 0 1 1 1 1 0 0 0 1 1 0 1 0 1 1 1 1 0 1 0 0 0 1 0 0]"
22,0.9986214540664258,"[1 1 1 1 1 1 1 1 1 1 1 1 0 1 1 0 1 1 1 1 0 1 0 1 1 0 1 1 1 1 1 1 0 1 1 0 1 0 0 1]"
22,0.2508033754237229,"[1 1 0 1 1 1 1 0 1 1 1 0 1 1 1 0 1 0 1 1 0 1 0 1 1 0 0 0 0 1 0 0 1 1 0 0 0 0 0 0]"
22,0.9985521622123313,"[1 1 1 1 1 1 1 1 1 1 1 1 0 1 1 0 1 0 0 0 0 0 0 1 0 1 0 1 1 0 0 0 1 1 1 0 0 0 1 0]"
22,0.056274189893927684,"[1 0 1 1 1 1 1 1 1 1 1 1 1 1 0 0 1 0 0 1 0 0 0 1 0 0 0 0 1 0 0 0 1 1 1 0 0 0 0 1]"
22,0.9998125613686141,"[1 1 1 1 1 1 1 1 1 1 1 1 1 1 1 0 1 1 0 0 0 1 0 1 1 0 0 0 0 0 0 0 1 1 1 0 1 1 0 1]"
22,0.9998122819007957,"[1 1 1 1 1 1 1 1 1 1 1 1 1 1 1 0 1 1 0 0 0 1 0 1 0 0 0 0 1 0 0 0 1 1 1 0 0 0 0 0]"
22,0.9998388911752524,"[1 1 1 1 1 1 1 1 1 1 1 1 1 1 1 0 1 1 1 1 0 0 0 1 1 0 1 0 1 1 1 1 0 1 0 0 0 1 0 0]"
22,0.9998148938405222,"[1 1 1 1 1 1 1 1 1 1 1 1 1 1 1 0 1 1 0 0 1 0 0 1 0 1 1 0 1 0 1 0 1 1 1 0 0 0 1 0]"
22,0.727855090243918,"[1 1 1 1 0 1 1 1 1 1 1 1 1 1 1 0 1 1 1 1 0 0 0 1 1 0 1 0 1 1 1 1 0 1 0 0 0 1 0 1]"
22,0.9985913402545064,"[1 1 1 1 1 1 1 1 1 1 1 1 0 1 1 0 1 1 0 0 0 0 1 1 0 0 1 0 1 0 0 1 0 1 1 0 0 0 1 0]"
22,0.9991522607076452,"[1 1 1 1 1 1 1 1 1 1 1 1 1 0 1 0 0 1 1 1 0 0 0 1 0 0 1 0 1 1 1 1 1 1 0 0 0 1 0 1]"
22,0.9949436034585848,"[1 1 1 1 1 1 1 1 1 1 0 1 1 1 1 0 1 1 0 0 1 0 0 1 0 1 1 0 1 0 0 0 1 1 1 0 0 0 1 0]"
22,0.8541505101990873,"[1 1 1 1 1 0 1 1 1 1 1 1 1 1 1 0 1 1 1 1 0 0 0 0 1 0 1 0 1 1 0 1 0 1 0 0 0 0 0 1]"
22,0.9998149659969061,"[1 1 1 1 1 1 1 1 1 1 1 1 1 1 1 0 1 1 0 0 1 0 0 1 1 0 0 0 1 0 0 1 1 1 1 0 0 0 0 1]"
22,0.7133125451031341,"[1 1 1 1 0 1 1 1 0 1 1 1 1 1 1 0 1 1 1 1 0 0 0 1 0 0 1 0 1 0 0 1 0 1 1 0 0 1 0 1]"
22,0.0009762478527447617,"[0 1 1 1 1 1 1 1 1 1 1 1 1 1 1 0 1 1 1 1 0 0 0 1 1 0 1 0 1 1 1 0 0 1 0 0 1 1 0 1]"
22,0.9901174042983706,"[1 1 1 1 1 1 1 1 1 0 1 1 1 1 1 0 1 1 1 1 0 0 0 1 1 0 0 0 1 1 1 0 0 1 0 0 0 1 0 1]"
23,0.9993047426447574,"[1 1 1 1 1 1 1 1 1 1 1 1 1 0 1 1 0 1 1 1 0 0 0 1 0 0 1 0 1 1 1 1 1 1 0 0 0 1 0 1]"
23,0.999478607142639,"[1 1 1 1 1 1 1 1 1 1 1 1 1 1 0 0 1 0 0 1 0 1 0 1 0 0 0 0 1 0 1 0 1 1 1 0 1 0 0 1]"
23,0.8520265943364921,"[1 1 1 1 1 0 1 1 1 1 1 0 1 1 1 0 1 1 1 0 0 0 0 1 1 0 0 0 1 0 0 0 0 1 1 0 0 0 0 1]"
23,0.9995215008493107,"[1 1 1 1 1 1 1 1 1 1 1 1 1 1 0 0 1 1 0 1 1 1 0 1 0 0 0 0 1 0 0 1 1 1 1 0 1 0 0 1]"
23,0.7264823192763578,"[1 1 1 1 0 1 1 1 1 1 1 1 0 0 1 0 1 1 1 1 0 1 0 1 1 0 1 1 1 1 1 1 0 1 1 0 1 0 0 1]"
23,0.7133143042109298,"[1 1 1 1 0 1 1 1 0 1 1 1 1 1 1 0 1 1 1 1 0 1 0 1 0 0 1 0 1 0 0 1 0 1 1 0 0 1 0 1]"
23,0.9985523110297689,"[1 1 1 1 1 1 1 1 1 1 1 1 0 1 1 0 1 0 0 0 0 0 0 1 1 0 0 1 1 0 0 0 1 1 1 0 0 0 1 0]"
23,0.922692330053665,"[1 1 1 1 1 1 0 1 1 1 1 1 0 0 1 0 1 1 0 1 0 0 0 1 0 0 0 1 0 0 0 0 1 1 1 1 0 1 1 0]"
23,0.9995143536498284,"[1 1 1 1 1 1 1 1 1 1 1 1 1 1 0 0 1 1 0 1 0 0 0 1 0 0 0 0 1 0 1 0 1 1 1 0 0 0 0 1]"
23,0.9244150084720829,"[1 1 1 1 1 1 0 1 1 1 1 1 1 1 1 0 1 1 1 1 0 0 0 1 1 0 1 0 1 1 1 1 0 1 1 0 0 1 0 0]"
23,0.9998388924938285,"[1 1 1 1 1 1 1 1 1 1 1 1 1 1 1 0 1 1 1 1 0 0 0 1 1 0 1 0 1 1 1 1 1 1 0 1 0 1 0 1]"
23,0.9979902025882486,"[1 1 1 1 1 1 1 1 1 1 1 1 0 0 1 0 1 1 0 1 0 0 0 1 0 0 0 1 0 0 0 0 1 1 1 0 0 1 1 0]"
23,0.998000978250428,"[1 1 1 1 1 1 1 1 1 1 1 1 0 0 1 0 1 1 1 0 0 0 1 1 0 0 1 0 1 1 0 1 0 1 1 0 0 0 0 0]"
23,0.9998198206455303,"[1 1 1 1 1 1 1 1 1 1 1 1 1 1 1 0 1 1 0 1 0 0 0 1 1 0 1 0 1 1 1 1 0 1 0 0 0 1 1 1]"
23,0.9998382952244843,"[1 1 1 1 1 1 1 1 1 1 1 1 1 1 1 0 1 1 1 1 0 0 0 0 1 0 1 0 1 1 1 1 0 1 0 0 0 1 0 1]"
23,0.9939995045214738,"[1 1 1 1 1 1 1 1 1 1 0 1 1 0 0 0 1 0 0 1 0 0 0 1 1 0 0 0 1 1 0 1 0 1 0 0 0 0 0 1]"
23,0.9997719445735854,"[1 1 1 1 1 1 1 1 1 1 1 1 1 1 1 0 1 0 0 0 0 0 0 1 0 1 0 1 1 0 0 0 1 1 1 0 0 0 1 0]"
23,0.999825616285098,"[1 1 1 1 1 1 1 1 1 1 1 1 1 1 1 0 1 1 0 1 1 0 1 1 0 1 1 0 1 0 0 0 1 1 1 0 0 0 1 0]"
23,0.999509657200149,"[1 1 1 1 1 1 1 1 1 1 1 1 1 1 0 0 1 1 0 0 1 0 0 1 0 0 1 0 1 0 0 0 1 1 1 0 0 0 1 0]"
23,0.997990205057599,"[1 1 1 1 1 1 1 1 1 1 1 1 0 0 1 0 1 1 0 1 0 0 0 1 0 0 0 1 0 0 0 1 1 1 1 1 0 1 1 0]"
23,0.9975255740886071,"[1 1 1 1 1 1 1 1 1 1 1 0 1 1 1 1 1 1 0 0 0 0 1 1 1 1 1 1 1 0 0 0 1 1 1 0 1 1 1 0]"
23,0.7196425471290017,"[1 1 1 1 0 1 1 1 1 0 1 1 0 1 1 0 1 1 1 1 0 0 0 1 1 0 1 0 1 1 1 1 0 1 0 0 0 1 0 1]"
23,0.9973765694522732,"[1 1 1 1 1 1 1 1 1 1 1 0 1 1 1 0 1 1 0 0 1 0 0 1 0 1 1 0 1 0 0 0 1 1 0 0 0 0 1 0]"
23,0.5240130322098236,"[1 1 1 0 1 1 1 1 1 1 1 1 1 0 1 0 1 1 0 0 0 0 0 1 1 0 0 1 1 0 0 0 1 1 1 1 0 0 1 1]"
23,0.48227489060561307,"[1 1 1 0 1 1 0 1 1 1 1 1 1 1 1 0 1 1 1 1 0 0 0 1 1 0 1 0 1 1 1 1 1 0 0 0 0 1 0 1]"
23,0.9986308883890291,"[1 1 1 1 1 1 1 1 1 1 1 1 0 1 1 1 0 0 0 0 0 1 0 1 1 0 0 1 1 0 0 0 0 1 1 1 0 0 0 0]"
23,0.9994762194965293,"[1 1 1 1 1 1 1 1 1 1 1 1 1 1 0 0 1 0 0 1 0 0 0 1 0 0 0 0 1 0 0 0 1 1 1 1 0 0 0 1]"
23,0.727582559191275,"[1 1 1 1 0 1 1 1 1 1 1 1 1 1 0 0 1 0 0 1 0 0 0 1 0 0 0 0 1 0 0 0 1 0 0 0 0 0 0 1]"
23,0.9997719306066143,"[1 1 1 1 1 1 1 1 1 1 1 1 1 1 1 0 1 0 0 0 0 0 0 1 0 1 0 1 0 0 1 0 1 1 1 0 0 0 1 0]"
23,0.9998148938405222,"[1 1 1 1 1 1 1 1 1 1 1 1 1 1 1 0 1 1 0 0 1 0 0 1 0 1 1 0 1 0 1 0 1 1 1 0 0 0 1 0]"
23,0.9798556366950528,"[1 1 1 1 1 1 1 1 0 1 1 1 1 0 1 0 1 1 0 0 0 1 0 1 0 0 0 0 1 0 0 0 1 1 1 0 0 0 0 0]"
23,0.9973838448204974,"[1 1 1 1 1 1 1 1 1 1 1 0 1 1 1 0 1 1 0 1 0 1 0 1 1 0 1 0 0 1 0 0 1 1 1 0 0 1 0 0]"
23,0.7279706405870213,"[1 1 1 1 0 1 1 1 1 1 1 1 1 1 1 1 1 1 1 1 0 0 1 1 1 0 1 0 1 1 1 1 0 1 0 0 0 1 0 0]"
23,0.999230880427948,"[1 1 1 1 1 1 1 1 1 1 1 1 1 0 1 0 1 1 1 1 0 1 0 1 0 0 1 0 1 1 1 1 0 1 0 0 0 1 0 1]"
23,0.9998221709559232,"[1 1 1 1 1 1 1 1 1 1 1 1 1 1 1 0 1 1 0 1 0 1 0 1 1 0 1 0 0 0 0 0 1 1 1 0 0 1 0 0]"
23,0.9998101949377785,"[1 1 1 1 1 1 1 1 1 1 1 1 1 1 1 0 1 1 0 0 0 0 0 1 1 0 0 0 1 0 0 0 0 1 1 0 0 0 0 1]"
23,0.9986018091130595,"[1 1 1 1 1 1 1 1 1 1 1 1 0 1 1 0 1 1 0 1 0 1 0 0 1 0 1 1 1 1 1 1 0 1 1 0 1 0 0 1]"
23,0.9804812215203931,"[1 1 1 1 1 1 1 1 0 1 1 1 1 1 1 0 1 1 1 1 0 0 0 1 1 0 1 0 1 1 1 1 0 1 0 0 0 1 0 0]"
23,0.9985521622123313,"[1 1 1 1 1 1 1 1 1 1 1 1 0 1 1 0 1 0 0 0 0 0 0 1 0 1 0 1 1 0 0 0 1 1 1 0 0 0 1 0]"
23,0.9998126358618538,"[1 1 1 1 1 1 1 1 1 1 1 1 1 1 1 0 1 1 0 0 0 1 0 1 1 0 1 0 0 0 0 0 1 1 1 0 1 1 0 1]"
23,0.9998388911752524,"[1 1 1 1 1 1 1 1 1 1 1 1 1 1 1 0 1 1 1 1 0 0 0 1 1 0 1 0 1 1 1 1 0 1 0 0 0 1 0 0]"
23,0.9998388911752524,"[1 1 1 1 1 1 1 1 1 1 1 1 1 1 1 0 1 1 1 1 0 0 0 1 1 0 1 0 1 1 1 1 0 1 0 0 0 1 0 0]"
23,0.4432453510068357,"[1 1 1 0 1 0 1 1 1 1 1 1 1 1 1 0 1 1 1 1 0 0 0 0 1 0 1 0 1 1 0 1 0 1 0 0 0 0 0 1]"
23,0.056268465205802067,"[1 0 1 1 1 1 1 1 1 1 1 1 1 1 0 0 0 0 0 1 0 0 0 1 0 0 0 0 1 0 0 0 1 0 1 0 0 0 0 1]"
23,0.9946080525562843,"[1 1 1 1 1 1 1 1 1 1 0 1 1 1 0 0 1 0 0 1 0 0 1 1 1 1 0 0 1 0 0 1 1 1 1 0 0 0 0 1]"
23,0.9998148938405222,"[1 1 1 1 1 1 1 1 1 1 1 1 1 1 1 0 1 1 0 0 1 0 0 1 0 1 1 0 1 0 1 0 1 1 1 0 0 0 1 0]"
23,0.9998122819007957,"[1 1 1 1 1 1 1 1 1 1 1 1 1 1 1 0 1 1 0 0 0 1 0 1 0 0 0 0 1 0 0 0 1 1 1 0 0 0 0 0]"
23,0.9998148888936954,"[1 1 1 1 1 1 1 1 1 1 1 1 1 1 1 0 1 1 0 0 1 0 0 1 0 1 1 0 1 0 0 0 1 1 0 0 0 0 1 0]"
23,0.9888418699311102,"[1 1 1 1 1 1 1 1 1 0 1 1 0 1 1 0 1 0 0 0 0 0 0 1 0 0 0 1 1 0 0 0 1 1 1 0 0 0 1 0]"
23,0.056274189893927684,"[1 0 1 1 1 1 1 1 1 1 1 1 1 1 0 0 1 0 0 1 0 0 0 1 0 0 0 0 1 0 0 0 1 1 1 0 0 0 0 1]"
24,0.9998195824147724,"[1 1 1 1 1 1 1 1 1 1 1 1 1 1 1 0 1 1 0 1 0 0 0 1 0 1 0 0 1 0 0 0 1 1 1 1 0 0 0 1]"
24,0.26291517431885386,"[1 1 0 1 1 1 1 1 1 1 1 1 1 1 0 0 1 0 0 0 0 0 0 0 1 0 1 0 1 1 1 1 0 1 0 0 1 1 0 1]"
24,0.8538693825448651,"[1 1 1 1 1 0 1 1 1 1 1 1 1 1 0 0 1 1 0 1 0 0 0 1 0 0 0 0 1 0 1 0 1 1 1 0 0 0 0 1]"
24,0.999825616285098,"[1 1 1 1 1 1 1 1 1 1 1 1 1 1 1 0 1 1 0 1 1 0 1 1 0 1 1 0 1 0 0 0 1 1 1 0 0 0 1 0]"
24,0.8517624159414756,"[1 1 1 1 1 0 1 1 1 1 1 0 1 1 0 0 1 1 1 0 0 0 0 1 1 0 0 0 1 0 0 0 0 1 1 0 0 0 0 1]"
24,0.0562767340338201,"[1 0 1 1 1 1 1 1 1 1 1 1 1 1 0 0 1 1 0 0 1 0 0 1 1 1 1 0 1 0 1 0 1 0 1 0 0 0 1 0]"
24,0.9900890169764975,"[1 1 1 1 1 1 1 1 1 0 1 1 1 1 1 0 1 1 0 0 0 0 0 1 1 0 0 0 0 0 0 0 0 1 1 0 0 0 0 1]"
24,0.9979902236503554,"[1 1 1 1 1 1 1 1 1 1 1 1 0 0 1 0 1 1 0 1 0 0 0 1 0 0 0 1 1 0 0 1 1 1 1 1 0 1 1 0]"
24,0.9998221709559232,"[1 1 1 1 1 1 1 1 1 1 1 1 1 1 1 0 1 1 0 1 0 1 0 1 1 0 1 0 0 0 0 0 1 1 1 0 0 1 0 0]"
24,0.9985524598472266,"[1 1 1 1 1 1 1 1 1 1 1 1 0 1 1 0 1 0 0 0 0 0 0 1 1 1 0 1 1 0 0 0 1 1 1 0 0 0 1 0]"
24,0.9997719259509572,"[1 1 1 1 1 1 1 1 1 1 1 1 1 1 1 0 1 0 0 0 0 0 0 1 0 1 0 1 0 0 0 0 1 1 1 0 0 0 1 0]"
24,0.9985950643158534,"[1 1 1 1 1 1 1 1 1 1 1 1 0 1 1 0 1 1 0 0 1 0 0 1 0 1 1 0 1 0 1 0 1 1 1 0 0 0 1 0]"
24,0.9974955458372828,"[1 1 1 1 1 1 1 1 1 1 1 0 1 1 1 1 1 0 0 1 0 0 0 1 0 1 1 1 1 0 1 0 1 1 1 0 1 1 1 0]"
24,0.9992228347468172,"[1 1 1 1 1 1 1 1 1 1 1 1 1 0 1 0 1 1 1 0 0 1 1 1 1 0 1 0 1 1 0 1 0 1 0 0 0 1 0 1]"
24,0.998551715760138,"[1 1 1 1 1 1 1 1 1 1 1 1 0 1 1 0 1 0 0 0 0 0 0 0 1 0 0 1 1 0 0 0 1 1 1 0 0 0 1 0]"
24,0.9998382952244843,"[1 1 1 1 1 1 1 1 1 1 1 1 1 1 1 0 1 1 1 1 0 0 0 0 1 0 1 0 1 1 1 1 0 1 0 0 0 1 0 1]"
24,0.9949669069111305,"[1 1 1 1 1 1 1 1 1 1 0 1 1 1 1 0 1 1 1 1 0 0 0 0 1 0 1 0 1 1 1 1 0 1 0 0 1 1 0 1]"
24,0.9995143536861923,"[1 1 1 1 1 1 1 1 1 1 1 1 1 1 0 0 1 1 0 1 0 0 0 1 0 0 0 0 1 0 1 0 1 1 1 0 0 1 0 1]"
24,0.9998122912124481,"[1 1 1 1 1 1 1 1 1 1 1 1 1 1 1 0 1 1 0 0 0 1 0 1 0 0 0 0 1 1 0 0 1 1 1 0 0 0 0 0]"
24,0.9998198206455303,"[1 1 1 1 1 1 1 1 1 1 1 1 1 1 1 0 1 1 0 1 0 0 0 1 1 0 1 0 1 1 1 1 0 1 0 0 0 1 1 1]"
24,0.8538653067546326,"[1 1 1 1 1 0 1 1 1 1 1 1 1 1 0 0 1 1 0 0 1 0 0 1 0 0 1 0 1 0 0 0 1 1 1 0 0 0 1 0]"
24,0.0009762009946390475,"[0 1 1 1 1 1 1 1 1 1 1 1 1 1 1 0 1 1 0 0 1 0 0 1 0 1 1 0 1 0 1 0 1 1 1 0 0 0 1 0]"
24,0.9974000730290263,"[1 1 1 1 1 1 1 1 1 1 1 0 1 1 1 0 1 1 1 1 0 0 0 0 1 1 1 0 1 1 1 1 0 1 0 0 0 0 0 1]"
24,0.9999781907038988,"[1 1 1 1 1 1 1 1 1 1 1 1 1 1 1 1 1 1 0 1 1 0 1 1 0 1 1 0 1 0 0 0 1 1 1 0 0 0 1 0]"
24,0.9998148938405222,"[1 1 1 1 1 1 1 1 1 1 1 1 1 1 1 0 1 1 0 0 1 0 0 1 0 1 1 0 1 0 1 0 1 1 1 0 0 0 1 0]"
24,0.9798838158333748,"[1 1 1 1 1 1 1 1 0 1 1 1 1 0 1 0 1 1 1 1 0 1 0 1 0 0 1 0 1 1 1 1 0 1 0 0 0 1 0 1]"
24,0.999230880427948,"[1 1 1 1 1 1 1 1 1 1 1 1 1 0 1 0 1 1 1 1 0 1 0 1 0 0 1 0 1 1 1 1 0 1 0 0 0 1 0 1]"
24,0.9153388680869391,"[1 1 1 1 1 1 0 1 1 0 1 1 1 1 1 0 1 1 0 1 0 0 0 1 1 0 1 0 1 1 1 1 0 1 0 0 0 1 1 1]"
24,0.9995143536498284,"[1 1 1 1 1 1 1 1 1 1 1 1 1 1 0 0 1 1 0 1 0 0 0 1 0 0 0 0 1 0 1 0 1 1 1 0 0 0 0 1]"
24,0.0009756188308246566,"[0 1 1 1 1 1 1 1 1 1 1 1 1 1 0 0 1 1 0 1 0 1 0 1 0 0 0 0 1 0 1 0 1 0 1 0 1 0 0 1]"
24,0.9804621075807038,"[1 1 1 1 1 1 1 1 0 1 1 1 1 1 1 0 1 1 0 1 0 0 0 1 0 0 0 0 1 0 1 0 1 1 1 0 0 0 0 1]"
24,0.5241927947403103,"[1 1 1 0 1 1 1 1 1 1 1 1 1 1 0 0 1 1 0 1 1 1 0 1 0 0 0 0 1 0 0 1 1 1 1 0 1 0 0 1]"
24,0.9976855860110196,"[1 1 1 1 1 1 1 1 1 1 1 1 0 0 0 0 1 1 0 1 0 0 0 1 0 0 0 0 0 0 0 1 1 1 1 1 0 1 1 1]"
24,0.9998206670753345,"[1 1 1 1 1 1 1 1 1 1 1 1 1 1 1 0 1 1 0 1 0 0 1 1 0 0 0 1 1 0 1 0 1 1 1 0 0 0 0 0]"
24,0.9979902025882486,"[1 1 1 1 1 1 1 1 1 1 1 1 0 0 1 0 1 1 0 1 0 0 0 1 0 0 0 1 0 0 0 0 1 1 1 0 0 1 1 0]"
24,0.9599663901972024,"[1 1 1 1 1 1 1 0 1 1 1 1 0 1 0 0 1 1 0 0 1 0 0 1 0 0 1 0 1 0 0 0 1 1 1 0 0 0 1 0]"
24,0.9986018091039761,"[1 1 1 1 1 1 1 1 1 1 1 1 0 1 1 0 1 1 0 1 0 1 0 0 1 0 1 1 1 1 1 1 0 1 1 0 1 0 0 0]"
24,0.942774499095486,"[1 1 1 1 1 1 1 0 0 1 1 1 1 1 1 0 1 1 1 1 0 0 0 1 1 0 1 0 1 1 1 1 0 1 0 0 0 1 0 0]"
24,0.9998221709559232,"[1 1 1 1 1 1 1 1 1 1 1 1 1 1 1 0 1 1 0 1 0 1 0 1 1 0 1 0 0 0 0 0 1 1 1 0 0 1 0 0]"
24,0.9975255740886071,"[1 1 1 1 1 1 1 1 1 1 1 0 1 1 1 1 1 1 0 0 0 0 1 1 1 1 1 1 1 0 0 0 1 1 1 0 1 1 1 0]"
24,0.9943402100525673,"[1 1 1 1 1 1 1 1 1 1 0 1 1 0 1 0 1 1 0 1 0 0 0 0 0 0 1 0 1 1 0 1 0 1 0 0 0 1 0 0]"
24,0.9986189718131627,"[1 1 1 1 1 1 1 1 1 1 1 1 0 1 1 0 1 1 1 1 0 0 0 1 1 0 0 1 0 0 1 1 1 1 1 1 0 1 1 1]"
24,0.999509657200149,"[1 1 1 1 1 1 1 1 1 1 1 1 1 1 0 0 1 1 0 0 1 0 0 1 0 0 1 0 1 0 0 0 1 1 1 0 0 0 1 0]"
24,0.9986018091130595,"[1 1 1 1 1 1 1 1 1 1 1 1 0 1 1 0 1 1 0 1 0 1 0 0 1 0 1 1 1 1 1 1 0 1 1 0 1 0 0 1]"
24,0.9998268128292378,"[1 1 1 1 1 1 1 1 1 1 1 1 1 1 1 0 1 1 0 1 1 1 0 1 0 1 1 0 1 0 1 0 1 1 1 0 0 0 0 0]"
24,0.999466692071683,"[1 1 1 1 1 1 1 1 1 1 1 1 1 1 0 0 1 0 0 0 0 0 0 1 0 0 0 0 1 0 1 0 1 1 1 1 1 1 1 1]"
24,0.6174366733843601,"[1 1 1 1 0 0 1 1 1 1 1 1 0 0 1 0 1 1 1 1 0 1 1 1 1 0 1 1 1 1 1 1 0 1 1 0 1 0 0 1]"
24,0.9973838448204974,"[1 1 1 1 1 1 1 1 1 1 1 0 1 1 1 0 1 1 0 1 0 1 0 1 1 0 1 0 0 1 0 0 1 1 1 0 0 1 0 0]"
24,0.961154095775343,"[1 1 1 1 1 1 1 0 1 1 1 1 1 1 0 0 1 1 0 1 1 0 1 1 0 1 0 0 1 0 0 0 1 1 1 0 0 0 1 0]"
24,0.8541342136450002,"[1 1 1 1 1 0 1 1 1 1 1 1 1 1 1 0 1 1 0 1 0 0 0 1 0 0 1 0 1 0 1 0 1 1 1 0 0 0 0 1]"
25,0.9998382952244843,"[1 1 1 1 1 1 1 1 1 1 1 1 1 1 1 0 1 1 1 1 0 0 0 0 1 0 1 0 1 1 1 1 0 1 0 0 0 1 0 1]"
25,0.26266096336684336,"[1 1 0 1 1 1 1 1 1 1 1 1 0 1 1 0 1 1 1 1 0 1 0 0 1 0 1 1 1 1 1 1 0 1 1 0 1 0 0 0]"
25,0.0009762009940708028,"[0 1 1 1 1 1 1 1 1 1 1 1 1 1 1 0 1 1 0 0 1 0 0 1 0 1 1 0 1 0 1 0 1 1 0 0 0 0 1 0]"
25,0.8538859282837554,"[1 1 1 1 1 0 1 1 1 1 1 1 1 1 0 0 1 1 1 1 0 0 0 1 0 0 0 0 1 0 1 0 1 1 1 0 0 0 0 1]"
25,0.8517624209795756,"[1 1 1 1 1 0 1 1 1 1 1 0 1 1 0 0 1 1 1 0 0 0 0 1 1 0 0 0 1 0 1 0 1 1 1 0 0 0 0 1]"
25,0.9975255740523084,"[1 1 1 1 1 1 1 1 1 1 1 0 1 1 1 1 1 1 0 0 0 0 1 1 1 1 1 1 1 0 0 0 1 1 1 0 1 0 1 0]"
25,0.5241194770091682,"[1 1 1 0 1 1 1 1 1 1 1 1 1 1 0 0 0 0 0 0 0 0 0 1 0 0 0 0 1 0 1 0 1 1 1 1 1 1 1 1]"
25,0.5236520527163046,"[1 1 1 0 1 1 1 1 1 1 1 1 0 1 1 0 1 0 0 0 0 1 0 1 1 1 0 1 1 0 0 0 1 1 1 0 0 0 1 0]"
25,0.9986141139193618,"[1 1 1 1 1 1 1 1 1 1 1 1 0 1 1 0 1 1 1 0 1 0 0 1 0 1 1 0 1 0 1 0 1 1 1 0 1 0 1 0]"
25,0.9986018091039761,"[1 1 1 1 1 1 1 1 1 1 1 1 0 1 1 0 1 1 0 1 0 1 0 0 1 0 1 1 1 1 1 1 0 1 1 0 1 0 0 0]"
25,0.9992095161865583,"[1 1 1 1 1 1 1 1 1 1 1 1 1 0 1 0 1 1 0 1 0 0 0 1 0 1 0 1 0 0 0 0 1 1 1 1 0 1 0 0]"
25,0.9986068214095326,"[1 1 1 1 1 1 1 1 1 1 1 1 0 1 1 0 1 1 0 1 1 1 0 1 0 0 1 0 1 0 1 0 1 1 1 0 0 0 1 0]"
25,0.9975522956981501,"[1 1 1 1 1 1 1 1 1 1 1 0 1 1 1 1 1 1 1 1 0 0 0 0 1 1 1 0 0 1 1 1 0 1 0 0 0 0 0 1]"
25,0.9997731224554545,"[1 1 1 1 1 1 1 1 1 1 1 1 1 1 1 0 1 0 0 0 0 0 1 1 0 1 0 1 0 0 1 0 1 1 1 0 0 0 1 0]"
25,0.961154095775343,"[1 1 1 1 1 1 1 0 1 1 1 1 1 1 0 0 1 1 0 1 1 0 1 1 0 1 0 0 1 0 0 0 1 1 1 0 0 0 1 0]"
25,0.9244104171333666,"[1 1 1 1 1 1 0 1 1 1 1 1 1 1 1 0 1 1 1 0 1 0 0 1 0 1 1 0 1 0 1 0 1 1 1 0 0 0 1 0]"
25,0.9602580528790876,"[1 1 1 1 1 1 1 0 1 1 1 1 0 1 1 0 1 1 0 0 0 1 0 0 1 0 1 1 1 1 1 1 0 1 0 0 1 1 0 0]"
25,0.9998198209001475,"[1 1 1 1 1 1 1 1 1 1 1 1 1 1 1 0 1 1 0 1 0 0 0 1 1 0 1 0 1 1 1 1 0 1 1 0 0 0 1 1]"
25,0.99860203579186,"[1 1 1 1 1 1 1 1 1 1 1 1 0 1 1 0 1 1 0 1 0 1 0 1 0 0 1 0 0 0 0 0 1 1 1 0 0 1 0 0]"
25,0.99994004520758,"[1 1 1 1 1 1 1 1 1 1 1 1 1 1 1 1 1 0 0 1 1 0 1 1 0 1 1 0 1 0 0 0 1 1 1 0 1 0 1 0]"
25,0.009087880859922074,"[1 0 0 1 1 1 1 1 1 1 1 1 1 1 0 0 1 1 0 1 0 0 0 1 0 0 0 0 1 0 1 0 1 1 1 0 0 0 0 1]"
25,0.8541342136371085,"[1 1 1 1 1 0 1 1 1 1 1 1 1 1 1 0 1 1 0 1 0 0 0 1 0 0 1 0 1 0 1 0 1 1 1 0 0 0 0 0]"
25,0.9985962921077854,"[1 1 1 1 1 1 1 1 1 1 1 1 0 1 1 0 1 1 0 0 1 0 1 1 0 1 1 1 1 0 1 0 1 1 1 0 0 0 1 0]"
25,0.9975243474815589,"[1 1 1 1 1 1 1 1 1 1 1 0 1 1 1 1 1 1 0 0 0 0 0 1 1 1 1 0 1 0 0 0 1 1 1 0 1 1 1 0]"
25,0.9992228347468172,"[1 1 1 1 1 1 1 1 1 1 1 1 1 0 1 0 1 1 1 0 0 1 1 1 1 0 1 0 1 1 0 1 0 1 0 0 0 1 0 1]"
25,0.9995138881921757,"[1 1 1 1 1 1 1 1 1 1 1 1 1 1 0 0 1 1 0 1 0 0 0 0 0 1 0 0 0 0 1 0 1 1 1 0 0 0 0 1]"
25,0.26291517431885386,"[1 1 0 1 1 1 1 1 1 1 1 1 1 1 0 0 1 0 0 0 0 0 0 0 1 0 1 0 1 1 1 1 0 1 0 0 1 1 0 1]"
25,0.9973239602436029,"[1 1 1 1 1 1 1 1 1 1 1 0 1 1 1 0 0 1 1 1 0 0 0 0 1 1 1 0 1 1 1 1 0 1 0 0 0 0 0 1]"
25,0.9602663040700493,"[1 1 1 1 1 1 1 0 1 1 1 1 0 1 1 0 1 1 0 1 0 0 1 1 0 0 0 1 1 0 1 0 1 1 1 0 0 0 0 0]"
25,0.9949410170622272,"[1 1 1 1 1 1 1 1 1 1 0 1 1 1 1 0 1 1 0 0 0 1 0 1 0 0 0 0 1 1 0 0 1 1 1 1 0 1 0 0]"
25,0.9998221709650167,"[1 1 1 1 1 1 1 1 1 1 1 1 1 1 1 0 1 1 0 1 0 1 0 1 1 0 1 0 0 0 0 0 1 1 1 0 0 1 0 1]"
25,0.0009756141792656427,"[0 1 1 1 1 1 1 1 1 1 1 1 1 1 0 0 1 1 0 1 0 0 0 1 0 0 0 0 1 0 1 0 1 1 1 0 0 0 0 1]"
25,0.9238409408984035,"[1 1 1 1 1 1 0 1 1 1 1 1 1 0 1 0 1 1 1 0 0 1 1 1 1 0 1 0 1 1 0 1 0 1 0 0 0 1 0 1]"
25,0.9995048211523765,"[1 1 1 1 1 1 1 1 1 1 1 1 1 1 0 0 1 1 0 0 0 0 0 1 0 0 0 0 1 0 1 0 1 1 1 0 0 1 0 1]"
25,0.9997719259509572,"[1 1 1 1 1 1 1 1 1 1 1 1 1 1 1 0 1 0 0 0 0 0 0 1 0 1 0 1 0 0 0 0 1 1 1 0 0 0 1 0]"
25,0.9979902236503554,"[1 1 1 1 1 1 1 1 1 1 1 1 0 0 1 0 1 1 0 1 0 0 0 1 0 0 0 1 1 0 0 1 1 1 1 1 0 1 1 0]"
25,0.05037134217937455,"[1 0 1 1 1 1 0 1 1 1 0 1 1 1 1 0 1 1 1 1 0 0 0 0 1 0 1 0 1 1 1 1 0 1 0 0 1 0 0 1]"
25,0.9992010505212896,"[1 1 1 1 1 1 1 1 1 1 1 1 1 0 1 0 1 1 0 0 0 0 1 1 0 0 0 1 1 0 1 0 0 1 1 0 0 0 0 0]"
25,0.9985902275548093,"[1 1 1 1 1 1 1 1 1 1 1 1 0 1 1 0 1 1 0 0 0 0 0 1 0 1 0 0 1 0 1 0 1 1 1 0 0 0 0 0]"
25,0.9804668469462231,"[1 1 1 1 1 1 1 1 0 1 1 1 1 1 1 0 1 1 0 1 1 0 0 1 0 0 1 0 0 0 1 0 1 1 1 0 0 0 1 1]"
25,0.999825616285098,"[1 1 1 1 1 1 1 1 1 1 1 1 1 1 1 0 1 1 0 1 1 0 1 1 0 1 1 0 1 0 0 0 1 1 1 0 0 0 1 0]"
25,0.9998134831045914,"[1 1 1 1 1 1 1 1 1 1 1 1 1 1 1 0 1 1 0 0 0 1 1 1 0 0 0 0 1 1 0 0 1 1 1 0 0 0 0 0]"
25,0.9995098049823695,"[1 1 1 1 1 1 1 1 1 1 1 1 1 1 0 0 1 1 0 0 1 0 0 1 0 1 1 0 1 0 0 0 0 1 1 0 0 0 1 0]"
25,0.9997719259509572,"[1 1 1 1 1 1 1 1 1 1 1 1 1 1 1 0 1 0 0 0 0 0 0 1 0 1 0 1 0 0 0 0 1 1 1 0 0 0 1 0]"
25,0.9591992822342629,"[1 1 1 1 1 1 1 0 1 1 1 0 1 1 1 1 1 0 0 1 0 0 0 1 0 1 1 1 1 0 1 0 1 1 1 1 1 1 1 0]"
25,0.9888963455657702,"[1 1 1 1 1 1 1 1 1 0 1 1 0 1 1 0 1 1 0 1 1 1 0 1 0 1 1 0 1 0 1 0 1 1 1 0 0 0 1 0]"
25,0.050537406048028775,"[1 0 1 1 1 1 0 1 1 1 1 0 1 1 1 0 1 1 1 1 0 0 0 0 1 1 1 0 1 1 1 1 0 1 0 0 0 0 0 1]"
25,0.8518944959225841,"[1 1 1 1 1 0 1 1 1 1 1 0 1 1 0 1 1 1 1 0 0 0 0 1 1 0 0 0 1 0 0 0 0 1 1 0 0 0 0 1]"
25,0.9998382905503619,"[1 1 1 1 1 1 1 1 1 1 1 1 1 1 1 0 1 1 1 1 0 0 0 0 1 0 1 0 1 1 0 1 0 1 0 0 0 0 1 1]"
25,0.9989106143051896,"[1 1 1 1 1 1 1 1 1 1 1 1 1 0 0 0 1 1 0 1 1 0 1 1 0 1 1 0 1 0 1 0 1 1 1 0 0 0 0 0]"
26,0.9794193626956412,"[1 1 1 1 1 1 1 1 0 1 1 1 0 1 1 1 1 1 0 1 1 0 1 1 0 1 1 0 1 0 0 0 1 1 1 0 1 0 1 0]"
26,0.9997719119658002,"[1 1 1 1 1 1 1 1 1 1 1 1 1 1 1 0 1 0 0 0 0 0 0 1 0 1 0 0 1 0 1 0 1 1 1 0 0 0 0 0]"
26,0.9989179143087248,"[1 1 1 1 1 1 1 1 1 1 1 1 1 0 0 0 1 1 1 0 0 1 1 1 1 0 1 0 1 1 0 1 0 1 0 0 0 1 0 1]"
26,0.9975255740523084,"[1 1 1 1 1 1 1 1 1 1 1 0 1 1 1 1 1 1 0 0 0 0 1 1 1 1 1 1 1 0 0 0 1 1 1 0 1 0 1 0]"
26,0.999938853106893,"[1 1 1 1 1 1 1 1 1 1 1 1 1 1 1 1 1 0 0 1 1 0 0 1 0 1 1 0 1 0 0 0 1 1 1 0 0 0 1 0]"
26,0.9995138881921757,"[1 1 1 1 1 1 1 1 1 1 1 1 1 1 0 0 1 1 0 1 0 0 0 0 0 1 0 0 0 0 1 0 1 1 1 0 0 0 0 1]"
26,0.999163062811464,"[1 1 1 1 1 1 1 1 1 1 1 1 1 0 1 0 1 0 0 0 0 0 1 1 0 1 0 1 0 0 1 0 1 1 0 0 0 0 1 0]"
26,0.7278564302453732,"[1 1 1 1 0 1 1 1 1 1 1 1 1 1 1 0 1 1 1 1 0 1 0 0 1 0 1 0 1 1 0 1 0 1 0 0 0 0 1 1]"
26,0.9974000544461653,"[1 1 1 1 1 1 1 1 1 1 1 0 1 1 1 0 1 1 1 1 0 0 0 0 1 1 1 0 0 1 1 1 0 1 0 0 0 0 0 1]"
26,0.9979926568166324,"[1 1 1 1 1 1 1 1 1 1 1 1 0 0 1 0 1 1 0 1 0 1 0 1 0 0 1 1 0 0 0 0 1 1 1 0 0 1 0 0]"
26,0.998601809031308,"[1 1 1 1 1 1 1 1 1 1 1 1 0 1 1 0 1 1 0 1 0 1 0 0 1 0 1 1 1 1 1 1 0 1 1 0 0 0 0 0]"
26,0.0009643516629721586,"[0 1 1 1 1 1 1 1 1 1 0 1 0 1 1 0 1 1 0 0 1 0 1 1 0 1 1 1 1 0 1 0 1 1 1 0 0 0 1 0]"
26,0.9986141139193618,"[1 1 1 1 1 1 1 1 1 1 1 1 0 1 1 0 1 1 1 0 1 0 0 1 0 1 1 0 1 0 1 0 1 1 1 0 1 0 1 0]"
26,0.5236520527569515,"[1 1 1 0 1 1 1 1 1 1 1 1 0 1 1 0 1 0 0 0 0 1 0 1 1 1 0 1 1 0 0 0 1 1 1 0 1 0 1 0]"
26,0.2630183585570698,"[1 1 0 1 1 1 1 1 1 1 1 1 1 1 1 0 1 1 0 0 0 0 0 0 1 0 1 0 1 1 1 1 0 1 0 0 1 1 0 1]"
26,0.9989106143051896,"[1 1 1 1 1 1 1 1 1 1 1 1 1 0 0 0 1 1 0 1 1 0 1 1 0 1 1 0 1 0 1 0 1 1 1 0 0 0 0 0]"
26,0.9975430056438441,"[1 1 1 1 1 1 1 1 1 1 1 0 1 1 1 1 1 1 1 0 0 0 0 1 0 1 0 0 1 0 0 0 0 1 1 0 0 0 0 1]"
26,0.8528030499313405,"[1 1 1 1 1 0 1 1 1 1 1 1 0 1 0 0 1 1 0 0 0 0 0 1 1 0 0 0 1 0 1 0 1 1 1 0 0 0 0 0]"
26,0.9997731178816303,"[1 1 1 1 1 1 1 1 1 1 1 1 1 1 1 0 1 0 0 0 0 0 1 1 0 1 0 1 0 0 0 0 1 1 1 0 1 0 1 1]"
26,0.999825616285098,"[1 1 1 1 1 1 1 1 1 1 1 1 1 1 1 0 1 1 0 1 1 0 1 1 0 1 1 0 1 0 0 0 1 1 1 0 0 0 1 0]"
26,0.9999771476799579,"[1 1 1 1 1 1 1 1 1 1 1 1 1 1 1 1 1 1 0 1 1 0 0 1 1 0 1 0 1 0 0 0 1 1 1 0 0 1 1 0]"
26,0.9961570468816958,"[1 1 1 1 1 1 1 1 1 1 1 0 0 1 1 0 1 1 0 0 0 1 0 1 0 1 1 0 1 0 1 0 1 1 1 0 1 0 1 0]"
26,0.9996968467075794,"[1 1 1 1 1 1 1 1 1 1 1 1 1 1 1 0 0 0 0 0 0 0 1 1 0 1 0 1 0 0 1 0 1 1 1 0 0 0 1 0]"
26,0.9901009066142159,"[1 1 1 1 1 1 1 1 1 0 1 1 1 1 1 0 1 1 0 1 0 1 0 1 1 0 1 0 0 0 0 0 1 1 1 0 0 1 0 1]"
26,0.9997731224554545,"[1 1 1 1 1 1 1 1 1 1 1 1 1 1 1 0 1 0 0 0 0 0 1 1 0 1 0 1 0 0 1 0 1 1 1 0 0 0 1 0]"
26,0.9989106131512638,"[1 1 1 1 1 1 1 1 1 1 1 1 1 0 0 0 1 1 0 1 1 0 1 1 0 1 1 0 1 0 1 0 0 1 1 0 0 0 0 1]"
26,0.9992228348195259,"[1 1 1 1 1 1 1 1 1 1 1 1 1 0 1 0 1 1 1 0 0 1 1 1 1 0 1 0 1 1 0 1 0 1 0 0 1 1 0 1]"
26,0.9241121564332807,"[1 1 1 1 1 1 0 1 1 1 1 1 1 1 0 0 1 1 0 1 0 0 0 0 0 1 0 0 0 0 1 0 1 1 1 0 0 0 0 1]"
26,0.8541342136371085,"[1 1 1 1 1 0 1 1 1 1 1 1 1 1 1 0 1 1 0 1 0 0 0 1 0 0 1 0 1 0 1 0 1 1 1 0 0 0 0 0]"
26,0.9997814607774437,"[1 1 1 1 1 1 1 1 1 1 1 1 1 1 1 0 1 0 0 1 0 0 0 1 0 1 0 1 0 0 0 0 1 1 1 0 0 0 1 0]"
26,0.0009750191400748826,"[0 1 1 1 1 1 1 1 1 1 1 1 1 0 1 0 1 1 0 1 0 0 0 1 0 1 0 1 0 0 0 1 1 1 1 1 0 1 0 0]"
26,0.9989105956970016,"[1 1 1 1 1 1 1 1 1 1 1 1 1 0 0 0 1 1 0 1 1 0 1 1 0 1 1 0 0 0 1 0 1 1 1 0 0 0 0 0]"
26,0.5243606789934175,"[1 1 1 0 1 1 1 1 1 1 1 1 1 1 1 0 1 1 0 1 0 1 0 0 1 0 1 0 1 1 1 1 0 1 0 0 0 1 0 1]"
26,0.9998388914571549,"[1 1 1 1 1 1 1 1 1 1 1 1 1 1 1 0 1 1 1 1 0 0 0 1 1 0 1 0 1 1 1 1 0 1 1 0 0 0 1 1]"
26,0.9888966486767345,"[1 1 1 1 1 1 1 1 1 0 1 1 0 1 1 0 1 1 0 1 1 1 0 1 1 1 1 0 1 1 1 0 0 1 1 0 0 0 1 0]"
26,0.999819514777543,"[1 1 1 1 1 1 1 1 1 1 1 1 1 1 1 0 1 1 0 1 0 0 0 1 0 0 1 0 1 0 1 1 1 1 1 0 0 0 1 1]"
26,0.9986020381172368,"[1 1 1 1 1 1 1 1 1 1 1 1 0 1 1 0 1 1 0 1 0 1 0 1 0 0 1 0 0 0 0 1 1 1 1 0 0 1 0 0]"
26,0.9987426322949838,"[1 1 1 1 1 1 1 1 1 1 1 1 0 1 1 1 1 1 0 0 0 0 0 1 0 1 0 0 1 0 1 0 1 1 1 0 0 0 0 0]"
26,0.263019140383243,"[1 1 0 1 1 1 1 1 1 1 1 1 1 1 1 0 1 1 0 0 0 1 0 1 0 0 0 0 1 1 0 0 0 1 1 0 0 0 0 0]"
26,0.9985902275638927,"[1 1 1 1 1 1 1 1 1 1 1 1 0 1 1 0 1 1 0 0 0 0 0 1 0 1 0 0 1 0 1 0 1 1 1 0 0 0 0 1]"
26,0.9995138881921757,"[1 1 1 1 1 1 1 1 1 1 1 1 1 1 0 0 1 1 0 1 0 0 0 0 0 1 0 0 0 0 1 0 1 1 1 0 0 0 0 1]"
26,0.99860203579186,"[1 1 1 1 1 1 1 1 1 1 1 1 0 1 1 0 1 1 0 1 0 1 0 1 0 0 1 0 0 0 0 0 1 1 1 0 0 1 0 0]"
26,0.9949485132717485,"[1 1 1 1 1 1 1 1 1 1 0 1 1 1 1 0 1 1 0 1 0 0 0 1 1 0 1 0 1 1 1 1 0 1 0 0 0 1 0 1]"
26,0.9975243474815589,"[1 1 1 1 1 1 1 1 1 1 1 0 1 1 1 1 1 1 0 0 0 0 0 1 1 1 1 0 1 0 0 0 1 1 1 0 1 1 1 0]"
26,0.0008339869955965102,"[0 1 1 1 1 1 0 1 1 1 1 1 1 1 1 0 1 1 1 0 1 0 0 1 0 1 1 0 1 0 1 0 1 1 1 0 0 0 1 0]"
26,0.9995098049823695,"[1 1 1 1 1 1 1 1 1 1 1 1 1 1 0 0 1 1 0 0 1 0 0 1 0 1 1 0 1 0 0 0 0 1 1 0 0 0 1 0]"
26,0.25997316376216456,"[1 1 0 1 1 1 1 1 1 0 1 1 1 1 0 0 0 0 0 0 0 0 1 1 0 1 1 1 0 0 1 0 1 1 1 0 0 0 0 0]"
26,0.991920488962207,"[1 1 1 1 1 1 1 1 1 1 0 0 1 0 1 0 1 1 0 1 1 0 1 1 0 1 0 0 1 0 1 0 1 1 1 0 0 0 1 0]"
26,0.9997719259509572,"[1 1 1 1 1 1 1 1 1 1 1 1 1 1 1 0 1 0 0 0 0 0 0 1 0 1 0 1 0 0 0 0 1 1 1 0 0 0 1 0]"
26,0.9979902236503554,"[1 1 1 1 1 1 1 1 1 1 1 1 0 0 1 0 1 1 0 1 0 0 0 1 0 0 0 1 1 0 0 1 1 1 1 1 0 1 1 0]"
27,0.9995278299334723,"[1 1 1 1 1 1 1 1 1 1 1 1 1 1 0 0 1 1 1 0 0 1 1 1 1 0 1 0 1 0 0 1 0 1 1 0 0 1 0 1]"
27,0.9980047001305062,"[1 1 1 1 1 1 1 1 1 1 1 1 0 0 1 0 1 1 1 0 1 0 0 1 0 1 1 0 1 1 1 0 1 1 0 0 1 0 1 0]"
27,0.9995098049823695,"[1 1 1 1 1 1 1 1 1 1 1 1 1 1 0 0 1 1 0 0 1 0 0 1 0 1 1 0 1 0 0 0 0 1 1 0 0 0 1 0]"
27,0.999825616285098,"[1 1 1 1 1 1 1 1 1 1 1 1 1 1 1 0 1 1 0 1 1 0 1 1 0 1 1 0 1 0 0 0 1 1 1 0 0 0 1 0]"
27,0.9997731317667785,"[1 1 1 1 1 1 1 1 1 1 1 1 1 1 1 0 1 0 0 0 0 0 1 1 0 1 0 1 0 1 1 0 1 1 1 0 0 0 1 0]"
27,0.9999771465158287,"[1 1 1 1 1 1 1 1 1 1 1 1 1 1 1 1 1 1 0 1 1 0 0 1 1 0 1 0 1 0 0 0 0 1 1 0 0 1 1 0]"
27,0.9852722521202872,"[1 1 1 1 1 1 1 1 1 0 0 1 1 1 1 0 1 1 0 1 0 1 0 1 1 0 1 0 0 0 1 0 1 1 1 0 0 1 0 1]"
27,0.9602674691972173,"[1 1 1 1 1 1 1 0 1 1 1 1 0 1 1 0 1 1 0 1 0 1 0 1 0 0 1 0 0 0 0 1 1 1 1 0 0 1 0 0]"
27,0.9989106131512638,"[1 1 1 1 1 1 1 1 1 1 1 1 1 0 0 0 1 1 0 1 1 0 1 1 0 1 1 0 1 0 1 0 0 1 1 0 0 0 0 1]"
27,0.9997731224554545,"[1 1 1 1 1 1 1 1 1 1 1 1 1 1 1 0 1 0 0 0 0 0 1 1 0 1 0 1 0 0 1 0 1 1 1 0 0 0 1 0]"
27,0.995548899538123,"[1 1 1 1 1 1 1 1 1 1 1 0 0 0 1 0 1 1 0 0 0 1 0 1 0 1 0 0 1 0 1 0 1 1 1 0 0 0 1 0]"
27,0.9995133855981304,"[1 1 1 1 1 1 1 1 1 1 1 1 1 1 0 0 1 1 0 0 1 1 1 1 0 1 1 0 1 0 1 0 1 1 1 0 1 1 0 0]"
27,0.9985902275638927,"[1 1 1 1 1 1 1 1 1 1 1 1 0 1 1 0 1 1 0 0 0 0 0 1 0 1 0 0 1 0 1 0 1 1 1 0 0 0 0 1]"
27,0.9997731176270237,"[1 1 1 1 1 1 1 1 1 1 1 1 1 1 1 0 1 0 0 0 0 0 1 1 0 1 0 1 0 0 0 0 1 1 0 0 1 1 1 1]"
27,0.9995121881188473,"[1 1 1 1 1 1 1 1 1 1 1 1 1 1 0 0 1 1 0 0 1 1 0 1 0 1 1 0 1 0 0 0 0 1 1 0 0 0 1 0]"
27,0.9888171085612473,"[1 1 1 1 1 1 1 1 1 0 1 1 0 1 1 0 0 1 0 1 0 1 1 1 0 0 1 0 0 0 0 1 1 1 1 0 0 1 0 0]"
27,0.9997731224372682,"[1 1 1 1 1 1 1 1 1 1 1 1 1 1 1 0 1 0 0 0 0 0 1 1 0 1 0 1 0 0 1 0 1 1 1 0 0 0 0 0]"
27,0.5238510555089411,"[1 1 1 0 1 1 1 1 1 1 1 1 1 0 0 0 1 1 0 1 1 0 1 1 0 1 1 0 0 0 1 0 1 1 1 0 0 0 0 0]"
27,0.9997814607592573,"[1 1 1 1 1 1 1 1 1 1 1 1 1 1 1 0 1 0 0 1 0 0 0 1 0 1 0 1 0 0 0 0 1 1 1 0 0 0 0 0]"
27,0.9973622428257342,"[1 1 1 1 1 1 1 1 1 1 1 0 1 1 1 0 1 0 1 1 0 0 0 1 0 1 0 1 0 0 0 0 1 1 1 0 1 0 1 0]"
27,0.0009761194161678675,"[0 1 1 1 1 1 1 1 1 1 1 1 1 1 1 0 1 0 0 0 0 0 1 1 0 1 0 1 0 0 0 0 1 1 1 0 1 1 1 1]"
27,0.9804811487446581,"[1 1 1 1 1 1 1 1 0 1 1 1 1 1 1 0 1 1 1 1 0 0 0 1 1 0 0 0 1 1 1 1 0 1 1 1 0 0 1 1]"
27,0.9888966486767345,"[1 1 1 1 1 1 1 1 1 0 1 1 0 1 1 0 1 1 0 1 1 1 0 1 1 1 1 0 1 1 1 0 0 1 1 0 0 0 1 0]"
27,0.997221119799732,"[1 1 1 1 1 1 1 1 1 1 1 0 1 1 0 1 1 1 0 0 0 0 1 1 1 1 1 1 1 0 0 0 1 1 1 0 1 0 1 0]"
27,0.9997717629847875,"[1 1 1 1 1 1 1 1 1 1 1 1 1 1 1 0 1 0 0 0 0 0 0 1 0 0 0 0 1 0 1 0 1 1 1 0 0 0 0 0]"
27,0.9989106143051896,"[1 1 1 1 1 1 1 1 1 1 1 1 1 0 0 0 1 1 0 1 1 0 1 1 0 1 1 0 1 0 1 0 1 1 1 0 0 0 0 0]"
27,0.9991999861057496,"[1 1 1 1 1 1 1 1 1 1 1 1 1 0 1 0 1 1 0 0 0 0 0 1 0 1 0 1 0 0 0 0 1 1 1 0 0 0 1 0]"
27,0.9995138881921757,"[1 1 1 1 1 1 1 1 1 1 1 1 1 1 0 0 1 1 0 1 0 0 0 0 0 1 0 0 0 0 1 0 1 1 1 0 0 0 0 1]"
27,0.9989179143087248,"[1 1 1 1 1 1 1 1 1 1 1 1 1 0 0 0 1 1 1 0 0 1 1 1 1 0 1 0 1 1 0 1 0 1 0 0 0 1 0 1]"
27,0.999938853106893,"[1 1 1 1 1 1 1 1 1 1 1 1 1 1 1 1 1 0 0 1 1 0 0 1 0 1 1 0 1 0 0 0 1 1 1 0 0 0 1 0]"
27,0.9995096560183276,"[1 1 1 1 1 1 1 1 1 1 1 1 1 1 0 0 1 1 0 0 1 0 0 1 0 0 1 0 1 0 0 0 0 1 1 0 0 0 0 0]"
27,0.05620858236885251,"[1 0 1 1 1 1 1 1 1 1 1 1 0 1 1 0 1 1 0 1 0 1 0 1 0 1 1 0 0 0 0 1 1 1 1 0 0 1 0 0]"
27,0.9997731180271197,"[1 1 1 1 1 1 1 1 1 1 1 1 1 1 1 0 1 0 0 0 0 0 1 1 0 1 0 1 0 0 0 0 1 1 1 1 1 0 1 1]"
27,0.9997719259509572,"[1 1 1 1 1 1 1 1 1 1 1 1 1 1 1 0 1 0 0 0 0 0 0 1 0 1 0 1 0 0 0 0 1 1 1 0 0 0 1 0]"
27,0.9894475875674112,"[1 1 1 1 1 1 1 1 1 0 1 1 1 0 1 0 1 0 0 0 0 0 1 1 0 1 0 1 1 0 1 0 1 1 0 0 0 0 1 0]"
27,0.9989178957004143,"[1 1 1 1 1 1 1 1 1 1 1 1 1 0 0 0 1 1 1 0 0 1 1 1 1 0 1 0 0 1 0 1 0 1 0 0 0 1 0 1]"
27,0.9801602168126587,"[1 1 1 1 1 1 1 1 0 1 1 1 1 1 0 0 1 1 0 0 1 1 0 1 0 1 1 0 1 0 0 0 0 1 1 0 0 0 1 0]"
27,0.9989092733625202,"[1 1 1 1 1 1 1 1 1 1 1 1 1 0 0 0 1 1 0 1 1 0 0 1 0 0 1 0 1 0 1 0 0 1 1 0 0 0 0 1]"
27,0.9997731224554545,"[1 1 1 1 1 1 1 1 1 1 1 1 1 1 1 0 1 0 0 0 0 0 1 1 0 1 0 1 0 0 1 0 1 1 1 0 0 0 1 0]"
27,0.000976135853010935,"[0 1 1 1 1 1 1 1 1 1 1 1 1 1 1 0 1 0 0 1 0 0 0 1 0 1 1 1 0 0 0 0 1 1 1 0 0 0 1 0]"
27,0.9979938118947724,"[1 1 1 1 1 1 1 1 1 1 1 1 0 0 1 0 1 1 0 1 0 1 1 1 0 0 1 0 0 0 0 1 1 1 1 0 0 1 0 0]"
27,0.0006962737438741025,"[0 1 1 1 1 0 1 1 1 0 1 1 1 1 1 0 0 0 0 0 0 0 1 1 0 1 0 1 0 0 1 0 1 1 1 0 0 0 1 0]"
27,0.9997731224554545,"[1 1 1 1 1 1 1 1 1 1 1 1 1 1 1 0 1 0 0 0 0 0 1 1 0 1 0 1 0 0 1 0 1 1 1 0 0 0 1 0]"
27,0.9995205303004425,"[1 1 1 1 1 1 1 1 1 1 1 1 1 1 0 0 1 1 0 1 1 0 1 1 0 1 1 0 1 0 0 0 1 1 1 0 0 0 1 0]"
27,0.9615962749200803,"[1 1 1 1 1 1 1 0 1 1 1 1 1 1 1 1 1 1 0 1 1 0 1 1 1 1 1 0 1 0 0 0 1 1 1 0 0 1 1 0]"
27,0.9995205349368639,"[1 1 1 1 1 1 1 1 1 1 1 1 1 1 0 0 1 1 0 1 1 0 1 1 0 1 1 0 1 0 1 0 1 1 1 0 0 0 0 0]"
27,0.999825616285098,"[1 1 1 1 1 1 1 1 1 1 1 1 1 1 1 0 1 1 0 1 1 0 1 1 0 1 1 0 1 0 0 0 1 1 1 0 0 0 1 0]"
27,0.9997731221644756,"[1 1 1 1 1 1 1 1 1 1 1 1 1 1 1 0 1 0 0 0 0 0 1 1 0 1 0 1 0 0 1 0 1 1 0 0 0 0 1 0]"
27,0.9995050387247556,"[1 1 1 1 1 1 1 1 1 1 1 1 1 1 0 0 1 1 0 0 0 0 0 1 0 1 1 0 1 0 0 0 0 1 1 0 0 0 1 0]"
27,0.9615949799787518,"[1 1 1 1 1 1 1 0 1 1 1 1 1 1 1 1 1 1 0 1 1 0 0 1 1 0 1 0 1 0 0 0 1 1 0 0 0 1 1 0]"
28,0.9990621639752888,"[1 1 1 1 1 1 1 1 1 1 1 1 1 0 0 1 1 1 0 1 1 0 0 1 1 1 1 0 1 0 0 0 0 1 1 0 0 1 1 0]"
28,0.9995096561637825,"[1 1 1 1 1 1 1 1 1 1 1 1 1 1 0 0 1 1 0 0 1 0 0 1 0 0 1 0 1 0 0 0 0 1 1 1 0 0 0 0]"
28,0.9998386758017817,"[1 1 1 1 1 1 1 1 1 1 1 1 1 1 1 0 1 1 1 1 0 0 0 1 0 1 0 1 0 0 1 0 1 1 0 0 0 0 0 0]"
28,0.99950554724229,"[1 1 1 1 1 1 1 1 1 1 1 1 1 1 0 0 1 1 0 0 0 0 1 0 0 1 0 0 0 0 1 0 1 1 1 0 0 0 1 1]"
28,0.9997719257781887,"[1 1 1 1 1 1 1 1 1 1 1 1 1 1 1 0 1 0 0 0 0 0 0 1 0 1 0 1 0 0 0 0 1 1 0 0 1 1 1 1]"
28,0.961007222684961,"[1 1 1 1 1 1 1 0 1 1 1 1 1 0 1 1 1 1 0 1 1 0 1 1 1 1 1 0 1 0 0 0 1 1 1 0 0 1 1 0]"
28,0.9993287027360683,"[1 1 1 1 1 1 1 1 1 1 1 1 1 0 1 1 1 0 0 1 1 0 0 1 0 1 1 0 1 0 0 0 1 1 1 0 0 0 1 0]"
28,0.9999400451348243,"[1 1 1 1 1 1 1 1 1 1 1 1 1 1 1 1 1 0 0 1 1 0 1 1 0 1 1 0 1 0 0 0 1 1 1 0 0 0 1 0]"
28,0.9988725053899199,"[1 1 1 1 1 1 1 1 1 1 1 1 1 0 0 0 1 0 0 1 1 0 1 1 0 1 1 0 1 0 1 0 1 1 1 0 0 0 0 0]"
28,0.9995193375589642,"[1 1 1 1 1 1 1 1 1 1 1 1 1 1 0 0 1 1 0 1 1 0 0 1 0 1 1 0 1 0 0 0 0 1 1 0 0 0 1 0]"
28,0.9946552277605257,"[1 1 1 1 1 1 1 1 1 1 0 1 1 1 0 0 1 1 1 0 0 0 1 1 0 1 0 1 0 0 0 1 1 1 0 1 1 1 1 1]"
28,0.9988609164997106,"[1 1 1 1 1 1 1 1 1 1 1 1 1 0 0 0 1 0 0 0 0 1 1 1 1 1 1 1 0 1 0 0 0 1 1 0 0 1 1 1]"
28,0.9995217207158976,"[1 1 1 1 1 1 1 1 1 1 1 1 1 1 0 0 1 1 0 1 1 1 0 1 0 1 1 0 1 0 0 0 0 1 1 0 0 0 1 0]"
28,0.999816081061429,"[1 1 1 1 1 1 1 1 1 1 1 1 1 1 1 0 1 1 0 0 1 0 1 1 0 1 1 0 1 0 0 0 1 1 1 0 0 0 0 0]"
28,0.9997814607592573,"[1 1 1 1 1 1 1 1 1 1 1 1 1 1 1 0 1 0 0 1 0 0 0 1 0 1 0 1 0 0 0 0 1 1 1 0 0 0 0 0]"
28,0.9995121881188473,"[1 1 1 1 1 1 1 1 1 1 1 1 1 1 0 0 1 1 0 0 1 1 0 1 0 1 1 0 1 0 0 0 0 1 1 0 0 0 1 0]"
28,0.999503923426991,"[1 1 1 1 1 1 1 1 1 1 1 1 1 1 0 0 1 0 1 1 1 1 1 1 1 0 0 0 1 0 0 1 0 0 1 0 0 1 1 1]"
28,0.8209621769560349,"[1 1 1 1 1 0 1 0 1 1 1 1 1 1 1 1 1 1 0 0 1 0 0 1 0 1 1 0 1 0 0 0 1 1 1 0 0 0 0 0]"
28,0.999825616285098,"[1 1 1 1 1 1 1 1 1 1 1 1 1 1 1 0 1 1 0 1 1 0 1 1 0 1 1 0 1 0 0 0 1 1 1 0 0 0 1 0]"
28,0.9980047001305062,"[1 1 1 1 1 1 1 1 1 1 1 1 0 0 1 0 1 1 1 0 1 0 0 1 0 1 1 0 1 1 1 0 1 1 0 0 1 0 1 0]"
28,0.8530808822165437,"[1 1 1 1 1 0 1 1 1 1 1 1 0 1 1 0 1 1 0 1 1 0 1 1 0 1 1 0 1 0 0 0 1 1 1 0 0 0 1 0]"
28,0.999825616285098,"[1 1 1 1 1 1 1 1 1 1 1 1 1 1 1 0 1 1 0 1 1 0 1 1 0 1 1 0 1 0 0 0 1 1 1 0 0 0 1 0]"
28,0.9900511383956656,"[1 1 1 1 1 1 1 1 1 0 1 1 1 1 1 0 1 0 0 0 0 0 0 1 0 1 1 0 0 0 0 0 1 1 1 0 0 0 0 0]"
28,0.9990618347435438,"[1 1 1 1 1 1 1 1 1 1 1 1 1 0 0 1 1 1 0 1 1 0 0 1 0 1 0 1 1 0 1 0 1 1 1 0 0 0 0 0]"
28,0.9611392123142761,"[1 1 1 1 1 1 1 0 1 1 1 1 1 1 0 0 1 1 0 0 0 0 0 1 0 1 1 0 1 0 0 0 0 1 1 0 0 0 1 0]"
28,0.999163062811464,"[1 1 1 1 1 1 1 1 1 1 1 1 1 0 1 0 1 0 0 0 0 0 1 1 0 1 0 1 0 0 1 0 1 1 0 0 0 0 1 0]"
28,0.9994680508871893,"[1 1 1 1 1 1 1 1 1 1 1 1 1 1 0 0 1 0 0 0 0 0 1 1 0 1 0 1 0 0 1 0 1 1 1 0 0 0 1 0]"
28,0.9999636276011964,"[1 1 1 1 1 1 1 1 1 1 1 1 1 1 1 1 1 1 0 0 0 0 1 0 1 1 1 1 1 0 0 1 1 1 1 0 1 0 1 0]"
28,0.2610104140840232,"[1 1 0 1 1 1 1 1 1 1 0 1 0 0 1 0 1 1 0 1 0 0 1 1 0 0 1 0 0 0 0 1 1 1 1 0 1 1 0 0]"
28,0.9615870684804293,"[1 1 1 1 1 1 1 0 1 1 1 1 1 1 1 1 1 1 0 0 1 0 1 1 1 1 1 0 1 0 0 0 1 1 1 0 0 1 1 0]"
28,0.9842211799178021,"[1 1 1 1 1 1 1 1 1 0 0 1 0 1 1 1 1 1 0 1 1 0 0 1 1 0 1 0 1 0 1 0 0 1 1 0 0 1 1 0]"
28,0.9998271160621103,"[1 1 1 1 1 1 1 1 1 1 1 1 1 1 1 0 1 1 0 1 1 1 0 1 1 1 1 0 1 1 0 1 0 0 1 0 0 0 1 0]"
28,0.5243335548911208,"[1 1 1 0 1 1 1 1 1 1 1 1 1 1 1 0 1 0 0 0 0 0 1 1 0 1 0 1 0 0 1 0 1 1 0 0 0 0 1 0]"
28,0.727804768883609,"[1 1 1 1 0 1 1 1 1 1 1 1 1 1 1 0 1 0 0 0 0 0 0 1 0 1 0 1 0 0 0 0 1 1 1 0 0 0 1 0]"
28,0.9244026380732602,"[1 1 1 1 1 1 0 1 1 1 1 1 1 1 1 0 1 1 0 1 1 0 1 1 0 1 1 0 1 0 0 0 1 1 1 0 0 0 1 0]"
28,0.9979831024840297,"[1 1 1 1 1 1 1 1 1 1 1 1 0 0 1 0 1 1 0 0 0 1 0 1 0 0 1 0 0 0 0 1 1 1 1 0 0 1 0 0]"
28,0.9992143369975054,"[1 1 1 1 1 1 1 1 1 1 1 1 1 0 1 0 1 1 0 1 1 0 0 1 0 1 1 0 1 0 0 0 1 1 1 1 0 0 1 0]"
28,0.9996647194907868,"[1 1 1 1 1 1 1 1 1 1 1 1 1 1 0 1 1 1 0 0 1 1 0 1 0 1 1 0 1 0 0 0 0 1 1 0 0 0 1 0]"
28,0.9972211198088042,"[1 1 1 1 1 1 1 1 1 1 1 0 1 1 0 1 1 1 0 0 0 0 1 1 1 1 1 1 1 0 0 0 1 1 1 0 1 0 1 1]"
28,0.9900653339280212,"[1 1 1 1 1 1 1 1 1 0 1 1 1 1 1 0 1 0 0 1 1 0 0 1 0 1 1 0 1 0 0 0 1 1 1 0 0 0 1 0]"
28,0.9219756760073867,"[1 1 1 1 1 1 0 1 1 1 1 0 1 1 0 1 1 1 0 0 0 0 1 1 1 1 1 1 1 0 0 0 1 1 1 0 1 0 1 0]"
28,0.7133028692009891,"[1 1 1 1 0 1 1 1 0 1 1 1 1 1 1 0 1 1 0 1 1 0 1 1 0 0 1 0 1 0 0 0 1 1 1 0 0 0 1 0]"
28,0.9593851305550957,"[1 1 1 1 1 1 1 0 1 1 1 1 0 0 0 0 1 1 0 1 0 1 0 1 0 0 1 0 1 0 1 0 0 1 1 0 0 0 0 1]"
28,0.9995185264863996,"[1 1 1 1 1 1 1 1 1 1 1 1 1 1 0 0 1 1 0 1 1 0 0 0 0 0 0 0 1 0 1 1 1 1 1 0 0 0 0 1]"
28,0.999824424379937,"[1 1 1 1 1 1 1 1 1 1 1 1 1 1 1 0 1 1 0 1 1 0 0 1 0 1 1 0 1 0 0 0 1 1 1 0 0 0 1 0]"
28,0.9999770720115576,"[1 1 1 1 1 1 1 1 1 1 1 1 1 1 1 1 1 1 0 1 1 0 0 1 1 0 0 0 1 0 0 0 0 1 1 0 0 1 1 0]"
28,0.9997725265126883,"[1 1 1 1 1 1 1 1 1 1 1 1 1 1 1 0 1 0 0 0 0 0 1 0 0 1 0 1 0 0 1 0 1 1 1 0 0 0 0 0]"
28,0.9428707247171322,"[1 1 1 1 1 1 1 0 0 1 1 1 1 1 1 1 1 0 0 1 1 0 1 1 1 1 1 0 1 0 0 0 1 1 1 0 0 1 0 1]"
28,0.8451336287816115,"[1 1 1 1 1 0 1 1 1 0 1 1 1 0 1 0 1 0 0 0 0 0 1 1 0 1 0 1 1 1 1 0 1 1 0 0 0 0 1 0]"
28,0.9997778898636026,"[1 1 1 1 1 1 1 1 1 1 1 1 1 1 1 0 1 0 0 0 1 0 1 1 0 1 0 1 0 0 1 0 1 1 1 0 0 0 1 0]"
29,0.9997814607592573,"[1 1 1 1 1 1 1 1 1 1 1 1 1 1 1 0 1 0 0 1 0 0 0 1 0 1 0 1 0 0 0 0 1 1 1 0 0 0 0 0]"
29,0.9997728244749383,"[1 1 1 1 1 1 1 1 1 1 1 1 1 1 1 0 1 0 0 0 0 0 1 0 1 1 0 1 0 0 1 0 1 1 1 0 0 0 0 0]"
29,0.5239329920535515,"[1 1 1 0 1 1 1 1 1 1 1 1 1 0 0 1 1 1 0 1 0 0 0 1 0 1 0 1 1 0 1 0 1 1 1 0 0 0 0 0]"
29,0.2630084381902042,"[1 1 0 1 1 1 1 1 1 1 1 1 1 1 1 0 1 0 0 0 1 0 0 1 0 1 0 1 0 0 0 0 1 1 0 0 1 1 1 1]"
29,0.9998387502967724,"[1 1 1 1 1 1 1 1 1 1 1 1 1 1 1 0 1 1 1 1 0 0 0 1 0 1 1 1 0 0 1 0 1 1 0 0 0 0 0 0]"
29,0.9994680136521223,"[1 1 1 1 1 1 1 1 1 1 1 1 1 1 0 0 1 0 0 0 0 0 1 1 0 1 0 0 0 0 1 0 1 1 1 0 0 0 1 0]"
29,0.8538675355152122,"[1 1 1 1 1 0 1 1 1 1 1 1 1 1 0 0 1 1 0 0 1 1 0 1 0 1 1 1 1 0 0 0 0 1 1 0 0 0 1 0]"
29,0.9995096980548036,"[1 1 1 1 1 1 1 1 1 1 1 1 1 1 0 0 1 1 0 0 1 0 0 1 0 0 1 1 1 0 1 0 0 1 1 1 0 0 0 0]"
29,0.9973887697800928,"[1 1 1 1 1 1 1 1 1 1 1 0 1 1 1 0 1 1 0 1 1 1 0 1 1 1 1 0 1 1 0 1 0 0 1 0 0 0 1 0]"
29,0.9990633550625873,"[1 1 1 1 1 1 1 1 1 1 1 1 1 0 0 1 1 1 0 1 1 0 1 1 1 1 1 0 1 0 0 0 0 1 1 0 0 1 1 0]"
29,0.9998271206998115,"[1 1 1 1 1 1 1 1 1 1 1 1 1 1 1 0 1 1 0 1 1 1 0 1 1 1 1 0 1 1 1 1 0 0 1 0 0 0 0 0]"
29,0.9999770711384608,"[1 1 1 1 1 1 1 1 1 1 1 1 1 1 1 1 1 1 0 1 1 0 0 1 1 0 0 0 1 0 0 0 0 0 0 0 0 1 1 0]"
29,0.9992155281026656,"[1 1 1 1 1 1 1 1 1 1 1 1 1 0 1 0 1 1 0 1 1 0 1 1 0 1 1 0 1 0 0 0 1 1 1 0 0 0 1 0]"
29,0.9995096561637825,"[1 1 1 1 1 1 1 1 1 1 1 1 1 1 0 0 1 1 0 0 1 0 0 1 0 0 1 0 1 0 0 0 0 1 1 1 0 0 0 0]"
29,0.524426934887861,"[1 1 1 0 1 1 1 1 1 1 1 1 1 1 1 1 1 0 0 1 1 0 1 1 0 1 1 0 1 0 0 0 1 1 1 0 0 0 1 0]"
29,0.999825616285098,"[1 1 1 1 1 1 1 1 1 1 1 1 1 1 1 0 1 1 0 1 1 0 1 1 0 1 1 0 1 0 0 0 1 1 1 0 0 0 1 0]"
29,0.26300879798273585,"[1 1 0 1 1 1 1 1 1 1 1 1 1 1 1 0 1 0 0 0 1 0 1 1 0 1 0 1 0 0 1 0 1 1 1 0 0 1 1 0]"
29,0.727804768883609,"[1 1 1 1 0 1 1 1 1 1 1 1 1 1 1 0 1 0 0 0 0 0 0 1 0 1 0 1 0 0 0 0 1 1 1 0 0 0 1 0]"
29,0.9996647206545888,"[1 1 1 1 1 1 1 1 1 1 1 1 1 1 0 1 1 1 0 0 1 1 0 1 0 1 1 0 1 0 0 0 1 1 1 0 0 0 1 0]"
29,0.9999400451348243,"[1 1 1 1 1 1 1 1 1 1 1 1 1 1 1 1 1 0 0 1 1 0 1 1 0 1 1 0 1 0 0 0 1 1 1 0 0 0 1 0]"
29,0.9990523060939911,"[1 1 1 1 1 1 1 1 1 1 1 1 1 0 0 1 1 1 0 0 1 0 0 1 0 1 0 1 1 0 1 0 1 1 1 0 0 0 0 0]"
29,0.9997766980096474,"[1 1 1 1 1 1 1 1 1 1 1 1 1 1 1 0 1 0 0 0 1 0 0 1 0 1 0 1 0 0 1 0 1 1 1 0 0 0 1 0]"
29,0.9997814601772952,"[1 1 1 1 1 1 1 1 1 1 1 1 1 1 1 0 1 0 0 1 0 0 0 1 0 1 0 1 0 0 0 0 1 0 1 0 0 0 0 0]"
29,0.9998005350952883,"[1 1 1 1 1 1 1 1 1 1 1 1 1 1 1 0 1 0 1 1 0 0 0 1 0 1 0 1 0 0 1 0 1 1 0 0 1 0 0 0]"
29,0.9982909067686853,"[1 1 1 1 1 1 1 1 1 1 1 1 0 1 0 0 1 1 0 0 1 0 1 0 0 1 1 0 1 0 0 0 1 1 1 0 0 0 0 1]"
29,0.9986043681109392,"[1 1 1 1 1 1 1 1 1 1 1 1 0 1 1 0 1 1 0 1 1 0 0 1 0 0 0 0 1 0 1 1 1 1 1 0 0 0 0 0]"
29,0.9979831024840297,"[1 1 1 1 1 1 1 1 1 1 1 1 0 0 1 0 1 1 0 0 0 1 0 1 0 0 1 0 0 0 0 1 1 1 1 0 0 1 0 0]"
29,0.727811933857127,"[1 1 1 1 0 1 1 1 1 1 1 1 1 1 1 0 1 0 0 1 0 0 0 1 0 1 0 1 0 0 0 0 1 1 1 0 0 0 0 0]"
29,0.999939896131263,"[1 1 1 1 1 1 1 1 1 1 1 1 1 1 1 1 1 0 0 1 1 0 1 1 0 0 1 0 1 0 0 0 1 1 1 0 0 0 1 0]"
29,0.05630042150528812,"[1 0 1 1 1 1 1 1 1 1 1 1 1 1 1 0 1 1 0 1 1 0 1 1 0 1 1 0 1 0 0 0 1 1 1 0 0 0 1 0]"
29,0.9996564519181328,"[1 1 1 1 1 1 1 1 1 1 1 1 1 1 0 1 1 0 1 1 1 1 1 1 1 0 0 0 1 0 0 0 0 1 1 0 0 1 1 1]"
29,0.5239358423347652,"[1 1 1 0 1 1 1 1 1 1 1 1 1 0 0 1 1 1 0 1 1 0 0 1 1 1 1 0 1 0 0 1 0 0 1 0 0 1 1 0]"
29,0.9990618347435438,"[1 1 1 1 1 1 1 1 1 1 1 1 1 0 0 1 1 1 0 1 1 0 0 1 0 1 0 1 1 0 1 0 1 1 1 0 0 0 0 0]"
29,0.0009738712050550782,"[0 1 1 1 1 1 1 1 1 1 1 1 0 1 1 0 1 1 1 1 0 1 0 1 0 1 0 1 0 0 1 0 1 1 0 0 0 0 0 0]"
29,0.0005114352069472954,"[0 1 1 1 0 1 1 1 1 1 1 1 1 0 1 1 1 0 0 1 1 0 0 1 0 1 1 0 1 0 0 0 1 1 1 0 0 0 1 0]"
29,0.5136031653358175,"[1 1 1 0 1 1 1 1 0 1 1 1 1 1 1 1 1 0 0 1 1 0 1 1 0 1 1 0 1 0 0 0 1 1 1 0 0 0 1 0]"
29,0.9996742221014541,"[1 1 1 1 1 1 1 1 1 1 1 1 1 1 0 1 1 1 0 1 1 1 0 1 0 1 0 1 1 0 1 0 1 1 1 1 0 0 0 0]"
29,0.999163062811464,"[1 1 1 1 1 1 1 1 1 1 1 1 1 0 1 0 1 0 0 0 0 0 1 1 0 1 0 1 0 0 1 0 1 1 0 0 0 0 1 0]"
29,0.9997908465294267,"[1 1 1 1 1 1 1 1 1 1 1 1 1 1 1 0 1 0 1 0 0 0 0 1 0 0 0 1 0 0 0 0 1 1 0 0 1 1 1 1]"
29,0.9804154224020721,"[1 1 1 1 1 1 1 1 0 1 1 1 1 1 1 0 1 0 0 0 0 0 0 1 0 1 0 1 0 0 0 0 0 0 0 0 1 1 1 1]"
29,0.7276149609510287,"[1 1 1 1 0 1 1 1 1 1 1 1 1 1 0 0 1 1 0 1 1 0 0 1 0 1 1 0 1 0 0 0 0 1 1 0 0 0 1 0]"
29,0.9995193375589642,"[1 1 1 1 1 1 1 1 1 1 1 1 1 1 0 0 1 1 0 1 1 0 0 1 0 1 1 0 1 0 0 0 0 1 1 0 0 0 1 0]"
29,0.9243981954016726,"[1 1 1 1 1 1 0 1 1 1 1 1 1 1 1 0 1 1 0 1 0 0 1 1 0 1 1 0 1 0 0 0 1 1 1 0 0 0 1 0]"
29,0.9998247322498488,"[1 1 1 1 1 1 1 1 1 1 1 1 1 1 1 0 1 1 0 1 1 0 0 1 1 1 1 0 1 1 0 1 0 0 1 0 0 0 1 0]"
29,0.9898222806448334,"[1 1 1 1 1 1 1 1 1 0 1 1 1 1 0 0 1 1 1 1 1 1 0 1 1 1 1 0 1 0 0 0 0 1 1 0 0 0 1 0]"
29,0.9997820607623671,"[1 1 1 1 1 1 1 1 1 1 1 1 1 1 1 0 1 0 0 1 0 0 1 0 0 1 0 1 0 0 1 0 1 0 1 0 0 0 0 0]"
29,0.9991774133531786,"[1 1 1 1 1 1 1 1 1 1 1 1 1 0 1 0 1 0 0 1 1 0 1 1 0 1 1 0 1 0 1 0 1 1 1 0 0 0 0 0]"
29,0.9996349277248147,"[1 1 1 1 1 1 1 1 1 1 1 1 1 1 0 1 1 0 0 1 1 0 1 1 0 1 1 0 1 0 0 0 1 1 1 0 0 0 1 0]"
29,0.9995192630853924,"[1 1 1 1 1 1 1 1 1 1 1 1 1 1 0 0 1 1 0 1 1 0 0 1 0 1 0 0 1 0 0 0 0 1 1 0 0 0 1 0]"
29,0.9990618347435438,"[1 1 1 1 1 1 1 1 1 1 1 1 1 0 0 1 1 1 0 1 1 0 0 1 0 1 0 1 1 0 1 0 1 1 1 0 0 0 0 0]"
