step,fitness,genome
0,7.319551138920999e-07,"[0 0 1 1 1 1 1 0 0 1 0 1 0 1 0 0 0 0 1 0 1 0 0 0 1 1 1 0 0 1 0 0 1 1 1 1 0 1 1 1]"
0,6.418965835803659e-05,"[0 1 1 0 0 0 0 1 0 1 1 1 1 1 1 0 1 1 1 1 0 1 0 1 0 0 0 0 1 1 0 1 1 1 0 1 0 1 0 0]"
0,0.3296588011693961,"[1 1 1 0 0 1 0 1 0 0 0 1 1 1 0 0 0 1 1 1 1 0 1 1 1 0 0 0 0 0 0 0 1 1 0 1 0 0 1 0]"
0,0.00021485288554966167,"[0 1 1 0 1 1 1 0 0 0 0 0 0 0 1 1 1 1 1 1 1 0 1 1 0 1 0 0 0 0 0 0 1 0 1 1 1 1 0 0]"
0,0.055865570307280926,"[1 0 1 1 1 1 1 1 1 1 0 1 1 0 0 0 1 1 0 0 0 0 1 0 1 1 1 1 0 0 1 0 0 0 1 0 1 1 0 1]"
0,0.008696080995324993,"[1 0 0 1 1 1 1 1 0 1 0 0 1 0 0 0 1 0 1 1 1 0 0 0 0 1 0 0 1 1 0 0 1 1 1 1 0 0 0 1]"
0,0.04509332194230858,"[1 0 1 1 1 0 1 1 1 1 0 0 0 1 1 1 1 1 1 0 0 0 1 0 1 0 0 1 1 0 1 0 1 1 0 0 1 0 0 0]"
0,0.017145834537513612,"[1 0 1 0 1 0 1 0 0 1 1 1 1 0 0 1 0 0 0 1 1 1 0 0 0 1 0 0 1 0 1 1 0 1 1 1 0 0 0 1]"
0,0.0345079944390995,"[1 0 1 1 0 1 1 0 1 1 0 1 0 0 1 0 1 1 0 0 1 1 1 0 1 0 1 0 0 1 0 0 1 1 0 1 0 0 1 1]"
0,7.238295180047086e-05,"[0 1 1 0 0 0 1 0 1 0 1 0 1 1 0 0 1 0 0 1 1 0 0 0 0 0 0 1 0 0 1 1 1 0 1 1 1 1 0 0]"
0,5.155920293615201e-07,"[0 0 1 1 1 1 0 0 0 0 1 0 1 1 1 0 1 0 1 1 1 0 1 1 1 0 0 1 0 1 1 1 1 0 0 1 0 0 0 1]"
0,0.015699357666839612,"[1 0 1 0 1 0 0 0 1 1 1 1 1 0 1 0 0 0 1 0 1 0 1 0 1 1 1 0 1 0 0 0 0 0 1 1 1 1 1 0]"
0,3.9461801152888923e-05,"[0 1 0 1 1 1 0 0 1 1 0 1 1 1 0 1 1 0 1 1 1 1 1 1 0 0 0 0 0 0 1 1 0 1 0 1 0 0 1 1]"
0,0.27642159829508,"[1 1 1 0 0 0 0 1 0 0 0 1 1 1 0 0 0 1 1 1 1 0 0 1 1 0 1 0 0 0 0 0 1 1 0 1 1 0 1 0]"
0,0.04503751039396543,"[1 0 1 1 1 0 1 1 1 1 0 0 0 0 0 1 1 1 1 0 1 1 1 0 1 0 0 1 1 0 1 0 1 1 0 0 1 0 0 0]"
0,8.41821230057055e-05,"[0 1 1 0 0 1 0 0 0 0 1 0 1 1 0 0 1 1 1 1 0 1 0 0 0 0 1 0 0 0 0 0 1 0 1 1 1 0 0 0]"
0,1.6879757367515517e-05,"[0 1 0 1 0 1 0 1 0 1 0 0 1 1 1 0 0 0 1 0 1 1 1 1 0 1 1 1 1 1 0 0 1 0 0 1 1 0 0 0]"
0,0.03409731907540014,"[1 0 1 1 0 1 1 0 1 0 0 1 1 0 1 0 1 1 0 0 1 1 1 0 1 0 1 0 0 1 0 0 1 1 0 0 0 0 1 1]"
0,2.041215230596756e-18,"[0 0 0 0 0 1 0 0 0 1 0 1 1 0 1 1 0 1 1 1 1 1 1 1 0 1 1 1 1 1 1 1 0 1 1 0 0 1 1 0]"
0,0.00013187731487489243,"[0 1 1 0 1 0 0 0 1 1 0 0 0 1 1 0 0 1 0 1 1 0 1 1 0 1 1 0 1 0 1 0 1 1 1 1 1 1 0 0]"
0,0.0019059774545273302,"[1 0 0 0 1 0 0 0 1 1 0 1 1 0 1 0 0 0 1 0 1 0 0 0 1 1 1 0 1 0 0 0 0 1 1 1 1 0 1 0]"
0,0.015302829947293544,"[1 0 1 0 1 0 0 0 1 0 0 0 1 0 1 1 1 0 1 0 0 1 0 1 0 1 0 1 1 0 0 1 0 0 0 0 0 0 0 1]"
0,3.946180113606961e-05,"[0 1 0 1 1 1 0 0 1 1 0 1 1 1 0 1 1 0 1 1 1 1 1 1 0 0 0 0 0 0 1 1 0 1 0 0 0 0 1 0]"
0,0.00013187712280494733,"[0 1 1 0 1 0 0 0 1 1 0 0 0 1 1 0 0 1 0 1 1 0 1 0 0 1 1 0 1 0 1 0 1 1 1 1 1 0 0 0]"
0,0.005194360902191501,"[1 0 0 1 0 1 1 1 0 1 0 0 1 0 0 0 1 0 1 1 1 0 0 0 0 1 0 0 1 1 0 0 1 0 1 1 0 0 0 1]"
0,0.01694064767181912,"[1 0 1 0 1 0 1 0 0 1 0 0 0 1 0 0 1 0 0 1 1 0 0 1 1 1 1 0 0 0 1 1 1 1 0 1 0 0 0 0]"
0,0.0012581044153847296,"[1 0 0 0 0 0 1 1 0 1 0 0 1 0 0 0 1 0 1 1 0 0 0 0 1 1 1 0 1 1 0 0 1 1 1 1 0 0 0 1]"
0,8.423086179393648e-05,"[0 1 1 0 0 1 0 0 0 0 1 0 1 1 1 0 0 1 1 1 0 0 0 0 0 0 1 0 0 0 0 0 1 0 1 1 1 0 0 1]"
0,5.155920293615201e-07,"[0 0 1 1 1 1 0 0 0 0 1 0 1 1 1 0 1 0 1 1 1 0 1 1 1 0 0 1 0 1 1 1 1 0 0 1 0 0 0 1]"
0,5.155920293615201e-07,"[0 0 1 1 1 1 0 0 0 0 1 0 1 1 1 0 1 0 1 1 1 0 1 1 1 0 0 1 0 1 1 1 1 0 0 1 0 0 0 1]"
0,0.00013187712281666965,"[0 1 1 0 1 0 0 0 1 1 0 0 0 1 1 0 0 1 0 1 1 0 1 0 0 1 1 0 1 0 1 0 1 1 1 1 1 1 0 0]"
0,0.04509361507600316,"[1 0 1 1 1 0 1 1 1 1 0 0 0 1 1 1 1 1 1 0 1 0 1 0 1 0 0 1 1 0 1 0 1 1 0 0 0 0 0 0]"
0,0.32972938579777367,"[1 1 1 0 0 1 0 1 0 0 0 1 1 1 0 1 1 0 1 1 1 1 0 0 1 1 1 1 0 1 1 1 0 0 1 0 1 0 0 0]"
0,0.00019781446923145752,"[0 1 1 0 1 1 0 1 0 0 0 1 1 1 0 0 0 0 1 1 1 1 0 0 1 1 1 1 0 1 1 1 0 0 1 1 1 0 0 0]"
0,2.782872452202868e-07,"[0 0 1 1 1 0 0 0 1 0 0 1 0 1 0 1 0 1 0 1 1 0 1 1 1 1 1 0 0 0 1 0 0 1 1 1 0 0 0 1]"
0,0.68677723550989,"[1 1 1 1 0 1 1 0 1 0 0 0 1 1 1 1 0 0 1 1 0 1 0 0 0 1 1 1 0 1 1 0 1 0 0 0 1 0 1 0]"
0,7.898910961684207e-06,"[0 1 0 0 1 1 1 1 0 0 0 1 0 0 0 1 0 0 1 1 0 1 1 1 1 1 1 0 1 1 0 1 1 1 1 0 0 1 1 0]"
0,0.32972938569054966,"[1 1 1 0 0 1 0 1 0 0 0 1 1 1 0 1 1 0 1 1 1 1 0 0 1 1 1 1 0 1 1 1 0 0 0 0 1 0 0 0]"
0,2.6143611140632204e-10,"[0 0 0 1 1 1 0 0 0 0 1 0 1 1 1 0 1 0 1 0 1 0 1 1 1 0 0 1 0 1 1 1 1 0 0 1 0 0 1 1]"
0,0.27640997000318773,"[1 1 1 0 0 0 0 1 0 0 0 1 1 1 0 0 0 0 1 1 1 0 1 1 1 0 0 1 0 0 0 0 1 1 0 1 1 0 1 0]"
0,0.0003509679463292737,"[0 1 1 1 0 0 1 1 1 0 0 0 1 1 0 0 1 0 0 1 0 1 0 0 0 1 0 1 0 0 1 0 0 1 0 1 0 0 0 1]"
0,0.045054935667196726,"[1 0 1 1 1 0 1 1 1 1 0 0 0 0 1 1 1 1 0 0 1 0 1 0 1 0 0 1 1 0 1 0 1 1 0 0 1 0 0 0]"
0,0.7187647789732144,"[1 1 1 1 0 1 1 1 1 0 1 0 1 1 1 1 0 0 1 1 0 1 0 0 0 1 1 1 0 1 1 0 1 0 0 0 1 0 0 0]"
0,1.0384843924514554e-06,"[0 1 0 0 0 0 0 0 1 0 0 0 1 1 0 0 0 0 1 0 1 1 1 0 0 0 1 0 1 1 1 1 1 0 0 0 1 0 1 0]"
0,9.295535573757634e-05,"[0 1 1 0 0 1 0 1 0 0 1 0 1 1 0 0 0 1 1 1 0 1 0 0 0 0 1 0 1 0 0 0 0 0 1 0 1 0 0 1]"
0,0.009926011692447315,"[1 0 1 0 0 0 0 1 0 1 1 0 0 1 1 1 1 0 1 1 1 0 0 1 0 1 0 0 0 1 0 0 1 1 1 0 1 1 1 1]"
0,3.5619742077917966e-08,"[0 0 1 0 1 1 1 0 0 0 0 1 0 0 0 1 1 0 1 0 1 0 1 1 1 1 0 0 0 1 0 1 0 1 0 1 1 1 0 0]"
0,0.010257135890853596,"[1 0 1 0 0 0 0 1 1 1 1 0 1 1 1 1 1 0 0 0 1 0 0 1 0 1 1 0 0 0 0 1 1 1 1 0 1 1 1 1]"
0,4.3972350832719103e-07,"[0 0 1 1 1 0 1 1 0 0 1 1 1 0 1 1 0 1 1 1 0 0 1 0 0 0 0 1 0 1 1 0 0 1 0 1 0 0 0 0]"
0,0.00019181561861982346,"[0 1 1 0 1 1 0 0 1 1 0 0 0 1 1 0 0 1 0 1 1 0 1 0 0 1 1 0 1 0 1 0 1 1 1 1 1 1 0 0]"
1,4.3943360519685613e-07,"[0 0 1 1 1 0 1 1 0 0 1 1 1 0 1 0 0 1 1 1 0 0 1 0 0 0 0 1 0 1 1 0 0 1 0 1 0 0 0 0]"
1,0.009409537679385198,"[1 0 1 0 0 0 0 0 1 0 0 0 1 0 1 1 1 0 0 0 0 1 0 1 0 1 0 1 1 0 0 1 0 0 0 0 0 0 0 0]"
1,0.015699357666839612,"[1 0 1 0 1 0 0 0 1 1 1 1 1 0 1 0 0 0 1 0 1 0 1 0 1 1 1 0 1 0 0 0 0 0 1 1 1 1 1 0]"
1,0.04509331979530684,"[1 0 1 1 1 0 1 1 1 1 0 0 0 1 1 1 1 1 1 0 0 0 1 0 1 0 0 0 1 0 1 1 1 1 0 0 1 0 0 0]"
1,0.00013177882201262587,"[0 1 1 0 1 0 0 0 1 1 0 0 0 1 0 0 0 1 0 1 1 0 1 0 0 1 1 0 1 0 1 0 1 1 1 0 1 1 0 0]"
1,0.0012596025793442933,"[1 0 0 0 0 0 1 1 0 1 0 0 1 1 0 0 1 0 1 1 0 0 0 0 1 1 1 0 1 1 0 1 1 1 1 1 0 0 0 1]"
1,0.0019059774544624762,"[1 0 0 0 1 0 0 0 1 1 0 1 1 0 1 0 0 0 1 0 1 0 0 0 1 1 1 0 1 0 0 0 0 1 1 1 1 0 0 0]"
1,0.05784641182173242,"[1 1 0 0 0 0 0 0 1 0 0 0 0 1 0 0 0 0 1 0 1 1 1 1 0 0 1 0 1 1 1 1 1 0 0 0 1 0 1 0]"
1,0.0019059774545273302,"[1 0 0 0 1 0 0 0 1 1 0 1 1 0 1 0 0 0 1 0 1 0 0 0 1 1 1 0 1 0 0 0 0 1 1 1 1 0 1 0]"
1,0.053031839875245235,"[1 0 1 1 1 1 1 0 1 1 0 1 1 0 0 1 1 1 0 0 0 0 1 1 1 1 1 1 0 0 1 1 0 0 1 0 1 1 0 1]"
1,0.015699357666839612,"[1 0 1 0 1 0 0 0 1 1 1 1 1 0 1 0 0 0 1 0 1 0 1 0 1 1 1 0 1 0 0 0 0 0 1 1 1 1 1 0]"
1,0.03456702430932231,"[1 0 1 1 0 1 1 0 1 1 0 1 1 0 1 0 1 1 0 0 1 1 1 0 1 0 1 0 0 1 0 0 1 1 0 0 0 0 1 1]"
1,0.6867772089458323,"[1 1 1 1 0 1 1 0 1 0 0 0 1 1 1 1 0 0 1 1 0 1 0 0 0 1 1 0 0 1 1 0 1 0 0 0 1 0 1 0]"
1,0.08728847229498388,"[1 1 0 0 1 0 0 0 1 0 0 1 1 0 1 0 0 0 1 0 1 0 0 0 1 0 1 0 1 0 0 0 0 1 1 1 1 0 1 0]"
1,0.7187647791894257,"[1 1 1 1 0 1 1 1 1 0 1 0 1 1 1 1 0 0 1 1 0 1 0 0 0 1 1 1 0 1 1 0 1 0 1 0 1 0 0 0]"
1,0.3581371085810434,"[1 1 1 0 0 1 1 1 0 0 0 0 0 1 0 0 0 1 1 1 1 0 1 1 1 0 0 0 0 0 0 0 1 1 0 0 0 0 1 0]"
1,0.3297293582412045,"[1 1 1 0 0 1 0 1 0 0 0 1 1 1 0 1 1 0 1 1 1 1 0 0 1 1 0 1 0 1 1 1 0 0 0 0 1 0 0 0]"
1,0.00019403132663980415,"[0 1 1 0 1 1 0 0 1 1 1 0 0 1 1 0 0 1 0 1 1 0 1 0 0 1 1 0 1 0 1 0 1 1 1 1 1 1 0 0]"
1,0.27640960122856906,"[1 1 1 0 0 0 0 1 0 0 0 1 1 1 0 0 0 0 1 1 1 0 0 1 1 0 0 1 1 0 0 0 1 1 1 1 1 0 1 0]"
1,0.015302829947293544,"[1 0 1 0 1 0 0 0 1 0 0 0 1 0 1 1 1 0 1 0 0 1 0 1 0 1 0 1 1 0 0 1 0 0 0 0 0 0 0 1]"
1,7.319550841436004e-07,"[0 0 1 1 1 1 1 0 0 1 0 1 0 1 0 0 0 0 1 0 1 0 0 0 1 1 1 0 0 0 0 0 1 0 1 1 0 1 1 1]"
1,0.32969776551552943,"[1 1 1 0 0 1 0 1 0 0 0 1 1 1 0 1 0 0 1 0 1 1 0 0 1 1 1 1 0 1 1 1 0 0 1 0 1 0 0 0]"
1,0.04507500420974403,"[1 0 1 1 1 0 1 1 1 1 0 0 0 1 0 1 1 1 1 0 1 1 1 0 1 0 0 1 1 0 1 0 1 1 0 0 1 0 0 0]"
1,0.00019781446923145752,"[0 1 1 0 1 1 0 1 0 0 0 1 1 1 0 0 0 0 1 1 1 1 0 0 1 1 1 1 0 1 1 1 0 0 1 1 1 0 0 0]"
1,0.01023766782032379,"[1 0 1 0 0 0 0 1 1 1 1 0 0 1 1 1 1 0 1 0 1 0 0 1 0 1 1 0 0 0 0 1 1 1 1 0 1 1 1 1]"
1,0.0019059774545273302,"[1 0 0 0 1 0 0 0 1 1 0 1 1 0 1 0 0 0 1 0 1 0 0 0 1 1 1 0 1 0 0 0 0 1 1 1 1 0 1 0]"
1,0.2771899942148547,"[1 1 1 0 0 0 0 1 0 0 1 0 1 1 0 0 0 1 1 1 1 0 0 1 1 0 0 0 0 0 1 0 1 1 0 1 1 0 1 0]"
1,0.015302828650173756,"[1 0 1 0 1 0 0 0 1 0 0 0 1 0 1 1 1 0 1 0 0 1 0 1 0 1 0 0 0 0 0 1 0 0 0 0 1 0 0 1]"
1,0.00010098549828086942,"[0 1 1 0 0 1 1 0 0 0 0 0 0 0 1 1 1 1 1 1 0 0 1 1 0 1 0 0 0 0 0 0 1 0 1 1 1 1 0 0]"
1,6.25630132857559e-05,"[0 1 1 0 0 0 0 1 0 0 1 1 1 1 1 0 1 1 1 1 1 0 0 1 1 0 1 0 0 0 0 0 1 1 0 1 1 0 1 0]"
1,2.815443518416707e-06,"[0 1 0 0 0 1 1 1 0 1 0 1 0 0 0 1 0 0 1 1 0 1 1 1 1 1 1 0 1 1 0 1 1 1 1 0 0 1 1 0]"
1,0.04505464275645382,"[1 0 1 1 1 0 1 1 1 1 0 0 0 0 1 1 1 1 0 0 0 0 1 0 1 0 0 1 1 0 1 0 1 1 0 0 1 0 1 0]"
1,0.045084242946845564,"[1 0 1 1 1 0 1 1 1 1 0 0 0 1 1 0 1 1 1 0 1 0 1 0 1 1 0 0 1 1 1 0 1 1 0 0 0 0 0 0]"
1,0.00519436618225265,"[1 0 0 1 0 1 1 1 0 1 0 0 1 0 0 0 1 0 1 1 1 0 0 1 0 1 0 0 1 1 1 0 1 0 1 1 0 0 0 1]"
1,0.040463580452915794,"[1 0 1 1 1 0 0 1 1 1 0 0 0 0 0 1 1 1 1 0 1 1 0 0 1 0 0 1 1 0 1 0 1 1 0 0 1 0 0 0]"
1,0.27640997000318773,"[1 1 1 0 0 0 0 1 0 0 0 1 1 1 0 0 0 0 1 1 1 0 1 1 1 0 0 1 0 0 0 0 1 1 0 1 1 0 1 0]"
1,0.6331090642094847,"[1 1 1 1 0 1 0 0 1 0 0 0 1 1 1 1 1 0 1 1 0 1 0 0 0 1 1 1 0 1 1 0 1 0 0 0 1 0 1 0]"
1,7.239011486824877e-05,"[0 1 1 0 0 0 1 0 1 0 1 0 1 1 0 0 1 1 0 1 1 0 0 0 0 0 0 1 0 0 0 1 1 0 1 1 1 1 0 0]"
1,0.6073881563874812,"[1 1 1 1 0 0 1 1 1 0 0 0 1 1 0 0 1 0 0 1 0 1 0 0 0 1 0 1 0 0 1 0 1 1 1 1 0 0 0 1]"
1,0.04509361393092885,"[1 0 1 1 1 0 1 1 1 1 0 0 0 1 1 1 1 1 1 0 1 0 1 0 1 0 0 1 0 0 1 0 1 1 0 0 0 0 0 0]"
1,0.042748956690562036,"[1 0 1 1 1 0 1 0 1 1 0 0 0 1 1 1 1 1 1 0 1 0 1 0 1 0 0 1 0 0 1 0 1 1 0 0 0 0 0 0]"
1,0.04533795391854018,"[1 0 1 1 1 0 1 1 1 1 1 0 0 0 0 1 1 1 1 0 0 1 1 0 1 0 0 1 1 0 1 0 1 1 0 0 1 0 0 0]"
1,0.6099873390082395,"[1 1 1 1 0 0 1 1 1 0 1 0 0 1 1 1 0 0 1 1 0 1 0 1 0 1 1 1 0 1 1 0 1 0 0 0 1 0 0 0]"
1,0.27642159829508,"[1 1 1 0 0 0 0 1 0 0 0 1 1 1 0 0 0 1 1 1 1 0 0 1 1 0 1 0 0 0 0 0 1 1 0 1 1 0 1 0]"
1,0.016653575245362956,"[1 0 1 0 1 0 0 1 1 1 1 1 1 0 1 0 0 0 1 0 1 0 1 0 1 1 1 0 0 0 0 0 0 0 1 1 1 1 1 0]"
1,0.01698734332115213,"[1 0 1 0 1 0 1 0 0 1 0 1 0 0 0 0 1 0 0 1 1 0 0 1 1 1 1 0 0 0 1 1 1 1 0 1 0 0 1 0]"
1,0.0020499198570738675,"[1 0 0 0 1 0 0 1 1 1 0 1 1 0 1 0 0 0 1 0 1 0 0 0 1 1 0 0 1 0 0 0 0 1 0 1 1 0 1 0]"
1,0.3297293308990853,"[1 1 1 0 0 1 0 1 0 0 0 1 1 1 0 1 1 0 1 1 1 1 0 0 1 0 1 1 0 1 1 1 0 0 1 0 1 0 0 0]"
1,0.004860965903842408,"[1 0 0 1 0 1 1 0 0 1 0 0 1 0 0 0 1 0 1 0 1 0 0 0 0 1 0 1 1 1 0 0 1 0 1 1 0 1 0 1]"
1,0.015301056729813533,"[1 0 1 0 1 0 0 0 1 0 0 0 1 0 1 1 0 0 1 0 0 1 0 1 0 1 0 1 1 0 0 1 0 0 0 0 0 0 0 1]"
2,0.6107703218143024,"[1 1 1 1 0 0 1 1 1 0 1 0 1 1 1 1 0 0 1 1 0 1 0 1 1 1 1 1 0 0 1 0 1 0 0 0 1 0 0 0]"
2,0.0019059775863104755,"[1 0 0 0 1 0 0 0 1 1 0 1 1 0 1 0 0 0 1 0 1 0 0 0 1 1 1 1 1 0 0 0 0 1 0 1 1 0 1 0]"
2,0.012829736108738445,"[1 0 1 0 0 1 0 1 1 0 0 1 1 0 0 1 1 0 1 1 1 1 0 0 1 0 1 1 0 1 1 1 0 0 1 1 1 0 0 0]"
2,2.4952605627377736e-11,"[0 0 0 1 0 1 1 0 0 1 0 0 1 0 0 0 0 0 1 0 1 0 0 0 0 1 0 1 1 1 0 0 1 0 0 1 0 1 0 1]"
2,0.32981020558607993,"[1 1 1 0 0 1 0 1 0 0 0 1 1 1 1 1 0 0 1 0 1 1 0 0 1 1 1 1 0 1 1 1 0 0 1 0 1 0 0 0]"
2,0.7151458038958302,"[1 1 1 1 0 1 1 1 1 0 0 0 1 1 1 1 0 0 1 1 0 1 0 0 1 1 1 1 0 1 1 0 1 0 1 0 1 0 0 0]"
2,0.08728847229498388,"[1 1 0 0 1 0 0 0 1 0 0 1 1 0 1 0 0 0 1 0 1 0 0 0 1 0 1 0 1 0 0 0 0 1 1 1 1 0 1 0]"
2,0.01665359069160129,"[1 0 1 0 1 0 0 1 1 1 1 1 1 0 1 0 0 0 1 0 1 0 1 1 1 1 1 0 1 0 0 0 1 0 1 1 1 1 1 0]"
2,0.6099873405004459,"[1 1 1 1 0 0 1 1 1 0 1 0 0 1 1 1 0 0 1 1 0 1 0 1 0 1 1 1 0 1 1 1 1 0 0 0 1 0 0 0]"
2,0.042748956690562036,"[1 0 1 1 1 0 1 0 1 1 0 0 0 1 1 1 1 1 1 0 1 0 1 0 1 0 0 1 0 0 1 0 1 1 0 0 0 0 0 0]"
2,0.016653575245362956,"[1 0 1 0 1 0 0 1 1 1 1 1 1 0 1 0 0 0 1 0 1 0 1 0 1 1 1 0 0 0 0 0 0 0 1 1 1 1 1 0]"
2,0.045333167413198115,"[1 0 1 1 1 0 1 1 1 1 1 0 0 0 0 1 0 1 1 0 0 1 0 0 1 0 0 1 1 0 1 0 1 1 0 0 1 0 0 0]"
2,0.5054633119598219,"[1 1 1 0 1 1 1 1 0 0 0 1 1 1 0 1 1 0 1 1 1 1 0 0 1 0 1 1 0 1 1 1 0 0 1 0 1 0 0 0]"
2,0.03456702521073969,"[1 0 1 1 0 1 1 0 1 1 0 1 1 0 1 0 1 1 0 0 1 1 1 0 1 0 1 0 1 1 0 0 1 1 0 0 0 0 1 1]"
2,0.0019048896659101548,"[1 0 0 0 1 0 0 0 1 1 0 1 1 0 0 0 0 0 1 0 1 0 0 0 1 1 1 0 1 0 0 0 0 1 1 1 1 0 0 0]"
2,0.05013293022004662,"[1 0 1 1 1 1 0 1 1 1 0 0 0 1 1 1 1 1 1 0 0 0 1 0 1 0 0 0 1 0 1 1 0 1 0 0 1 0 0 0]"
2,0.720580551386173,"[1 1 1 1 0 1 1 1 1 0 1 1 1 1 1 1 0 0 1 1 0 1 0 0 0 1 1 1 0 1 1 0 1 0 1 0 1 0 0 0]"
2,0.608948647556386,"[1 1 1 1 0 0 1 1 1 0 0 1 1 1 0 0 1 0 0 1 0 1 0 0 0 1 0 1 0 0 1 0 1 1 1 1 0 0 0 1]"
2,0.38251028370646756,"[1 1 1 0 1 0 0 0 1 0 0 0 1 0 1 1 0 0 1 0 0 1 0 1 0 1 0 1 1 0 0 1 0 0 0 0 0 0 0 1]"
2,0.029354558322386804,"[1 0 1 1 0 0 1 1 1 1 1 0 0 0 1 1 1 1 1 0 0 1 0 0 1 0 0 1 0 0 1 0 1 1 0 0 1 0 0 0]"
2,0.26442003259828384,"[1 1 1 0 0 0 0 0 0 0 0 1 1 1 0 1 0 0 1 1 1 1 0 1 0 0 0 1 1 0 0 0 1 1 1 1 1 0 1 0]"
2,0.0405956633956362,"[1 0 1 1 1 0 0 1 1 1 0 1 0 0 0 1 0 1 1 0 1 1 0 0 1 0 0 1 1 0 1 0 1 1 0 0 1 0 0 0]"
2,0.276409971466943,"[1 1 1 0 0 0 0 1 0 0 0 1 1 1 0 0 0 0 1 1 1 0 1 1 1 0 0 1 0 0 1 0 1 1 0 1 1 0 1 0]"
2,0.3297293582412045,"[1 1 1 0 0 1 0 1 0 0 0 1 1 1 0 1 1 0 1 1 1 1 0 0 1 1 0 1 0 1 1 1 0 0 0 0 1 0 0 0]"
2,0.39141099176684874,"[1 1 1 0 1 0 0 1 0 0 0 1 0 1 0 0 0 0 1 1 1 1 0 1 1 0 0 1 1 0 0 0 1 1 1 1 1 0 1 0]"
2,0.0019016296518945513,"[1 0 0 0 1 0 0 0 1 1 0 1 0 0 1 0 0 0 1 0 1 0 0 0 1 1 1 0 1 0 0 0 0 1 1 1 1 0 0 0]"
2,0.27640960122856906,"[1 1 1 0 0 0 0 1 0 0 0 1 1 1 0 0 0 0 1 1 1 0 0 1 1 0 0 1 1 0 0 0 1 1 1 1 1 0 1 0]"
2,0.2764095953735551,"[1 1 1 0 0 0 0 1 0 0 0 1 1 1 0 0 0 0 1 1 1 0 0 1 1 0 0 1 0 0 0 0 1 1 1 1 1 0 1 0]"
2,0.32969776551552943,"[1 1 1 0 0 1 0 1 0 0 0 1 1 1 0 1 0 0 1 0 1 1 0 0 1 1 1 1 0 1 1 1 0 0 1 0 1 0 0 0]"
2,0.005758972892253092,"[1 0 0 1 1 0 0 0 1 1 0 1 1 0 1 0 0 1 1 0 1 0 0 1 1 1 0 0 1 0 0 0 0 1 1 1 1 0 0 0]"
2,0.00047300192404309,"[0 1 1 1 0 1 1 1 0 0 0 0 1 1 0 0 1 0 0 1 0 1 0 0 0 1 0 1 0 0 1 0 1 1 1 1 0 0 0 1]"
2,0.3217212693737637,"[1 1 1 0 0 1 0 0 1 0 0 0 1 1 0 1 1 0 1 1 0 1 0 0 0 1 1 1 0 1 1 0 1 1 0 0 0 0 1 0]"
2,0.015702987282167274,"[1 0 1 0 1 0 0 0 1 1 1 1 1 0 1 1 0 0 1 0 1 0 1 0 1 1 1 0 1 0 0 0 0 1 1 1 1 1 1 0]"
2,0.045242457186039205,"[1 0 1 1 1 0 1 1 1 1 0 1 0 1 1 1 1 1 0 0 0 0 1 0 1 0 0 1 1 0 1 0 1 1 0 0 1 0 1 0]"
2,0.2764099934232727,"[1 1 1 0 0 0 0 1 0 0 0 1 1 1 0 0 0 0 1 1 1 0 1 1 1 0 1 1 0 0 0 0 1 1 0 1 1 0 1 0]"
2,4.822041150192261e-07,"[0 0 1 1 1 0 1 1 1 1 0 0 0 1 1 1 1 1 1 0 1 1 1 0 1 0 0 0 1 0 1 0 1 1 1 0 1 0 0 0]"
2,0.2775749455471,"[1 1 1 0 0 0 0 1 0 0 1 1 0 1 0 0 0 1 1 1 1 0 0 1 1 0 1 0 0 0 0 0 1 0 1 1 0 0 1 0]"
2,0.30281781279425085,"[1 1 1 0 0 0 1 1 0 0 1 0 1 1 0 0 0 1 1 1 1 0 0 1 1 0 0 0 0 0 1 0 1 1 0 1 1 0 1 0]"
2,0.002049919289743195,"[1 0 0 0 1 0 0 1 1 1 0 1 1 0 1 0 0 0 1 0 1 0 0 0 1 0 0 0 1 0 0 0 0 1 0 1 1 0 0 0]"
2,0.00019781446923145752,"[0 1 1 0 1 1 0 1 0 0 0 1 1 1 0 0 0 0 1 1 1 1 0 0 1 1 1 1 0 1 1 1 0 0 1 1 1 0 0 0]"
2,0.3657154969126811,"[1 1 1 0 0 1 1 1 1 0 0 0 0 0 0 0 0 1 1 1 0 0 1 1 1 0 0 0 0 0 0 0 1 1 0 0 0 0 1 0]"
2,0.018617230240066604,"[1 0 1 0 1 0 1 1 1 1 1 0 0 0 0 1 1 1 1 0 0 1 1 0 1 0 0 1 1 0 1 0 1 1 0 0 1 0 0 0]"
2,0.034559786881859074,"[1 0 1 1 0 1 1 0 1 1 0 1 1 0 0 1 1 1 0 1 0 0 1 1 1 0 1 1 0 1 1 1 0 0 1 0 1 1 0 1]"
2,0.550681305545711,"[1 1 1 1 0 0 0 1 0 0 1 0 1 1 0 0 0 1 1 1 1 0 0 1 1 0 0 0 0 0 1 0 1 1 0 1 1 0 1 0]"
2,0.0010537299988095683,"[1 0 0 0 0 0 0 0 1 1 1 1 1 0 1 0 0 0 1 0 1 0 0 0 1 1 1 0 1 0 0 0 0 1 1 1 1 0 1 0]"
2,0.38247818938808703,"[1 1 1 0 1 0 0 0 1 0 0 0 1 0 1 0 1 0 1 0 0 1 0 1 0 1 1 1 1 0 0 1 0 0 0 0 0 0 0 1]"
2,0.7187647722706662,"[1 1 1 1 0 1 1 1 1 0 1 0 1 1 1 1 0 0 1 1 0 1 0 0 0 1 1 1 0 0 1 0 1 0 1 0 1 0 0 0]"
2,0.27719001769441326,"[1 1 1 0 0 0 0 1 0 0 1 0 1 1 0 0 0 1 1 1 1 0 0 1 1 0 1 0 0 0 1 0 1 1 0 1 1 0 1 0]"
2,0.05566256945582768,"[1 0 1 1 1 1 1 1 1 1 0 0 0 1 1 0 1 1 1 0 0 0 1 0 1 1 0 0 1 1 1 0 1 1 0 0 0 0 0 0]"
2,0.60738815564424,"[1 1 1 1 0 0 1 1 1 0 0 0 1 1 0 0 1 0 0 1 0 1 0 0 0 1 0 1 0 0 1 0 0 1 1 1 0 0 0 1]"
3,0.7151458038958302,"[1 1 1 1 0 1 1 1 1 0 0 0 1 1 1 1 0 0 1 1 0 1 0 0 1 1 1 1 0 1 1 0 1 0 1 0 1 0 0 0]"
3,0.012846204225193522,"[1 0 1 0 0 1 0 1 1 0 0 1 1 1 1 1 0 0 1 0 1 1 0 0 1 1 1 1 0 1 1 1 0 0 1 0 1 0 0 0]"
3,0.5593134597178588,"[1 1 1 1 0 0 0 1 1 0 0 0 1 1 0 0 1 0 0 1 0 1 0 0 0 1 0 1 0 0 1 0 0 1 1 1 0 0 0 1]"
3,0.7205787761591651,"[1 1 1 1 0 1 1 1 1 0 1 1 1 1 1 1 0 0 1 1 0 0 0 0 0 1 1 1 0 1 1 0 1 0 1 0 1 0 0 0]"
3,0.05566256945582768,"[1 0 1 1 1 1 1 1 1 1 0 0 0 1 1 0 1 1 1 0 0 0 1 0 1 1 0 0 1 1 1 0 1 1 0 0 0 0 0 0]"
3,0.002049919289743195,"[1 0 0 0 1 0 0 1 1 1 0 1 1 0 1 0 0 0 1 0 1 0 0 0 1 0 0 0 1 0 0 0 0 1 0 1 1 0 0 0]"
3,0.36662706374268145,"[1 1 1 0 0 1 1 1 1 0 0 0 1 1 1 1 0 0 1 1 0 1 0 0 1 1 1 0 0 1 1 0 1 0 1 0 1 0 0 0]"
3,0.5616359799022105,"[1 1 1 1 0 0 0 1 1 0 1 0 0 1 1 0 0 0 1 1 0 1 0 1 0 1 1 1 0 1 1 1 0 0 0 0 1 0 0 0]"
3,0.03592249607669327,"[1 0 1 1 0 1 1 1 1 0 0 0 1 1 1 1 0 0 1 1 0 1 0 0 0 1 1 1 0 1 1 0 1 0 1 0 1 0 0 0]"
3,0.029020473422270363,"[1 0 1 1 0 0 1 1 1 0 1 0 1 1 1 1 0 0 1 1 0 1 0 1 1 1 1 1 0 0 1 0 0 0 0 0 1 0 0 0]"
3,0.006527917640459538,"[1 0 0 1 1 0 1 0 1 1 0 0 0 1 1 1 1 1 1 0 1 0 1 0 1 0 0 1 0 0 0 0 1 1 0 0 0 0 0 0]"
3,0.08728795771186042,"[1 1 0 0 1 0 0 0 1 0 0 1 1 0 1 0 0 0 1 0 0 0 0 0 1 1 1 0 1 0 0 0 0 1 1 0 1 0 1 0]"
3,0.5593134597178588,"[1 1 1 1 0 0 0 1 1 0 0 0 1 1 0 0 1 0 0 1 0 1 0 0 0 1 0 1 0 0 1 0 0 1 1 1 0 0 0 1]"
3,0.6162746992485004,"[1 1 1 1 0 0 1 1 1 1 1 0 0 1 1 1 0 0 1 1 0 1 0 0 0 1 1 1 0 1 1 1 1 0 0 0 1 0 0 0]"
3,0.14893426532710777,"[1 1 0 1 0 0 1 1 1 0 0 1 1 1 0 0 1 0 0 1 0 0 0 0 0 1 1 1 0 0 1 0 1 1 1 1 0 0 0 1]"
3,0.35963526859349293,"[1 1 1 0 0 1 1 1 0 0 0 1 1 1 0 1 0 0 1 0 1 1 0 0 1 1 1 1 0 1 1 1 0 0 1 0 1 0 0 0]"
3,0.2764216335208855,"[1 1 1 0 0 0 0 1 0 0 0 1 1 1 0 0 0 1 1 1 1 0 0 1 1 1 0 1 0 0 0 0 1 1 1 1 1 0 1 1]"
3,0.042740017212439016,"[1 0 1 1 1 0 1 0 1 1 0 0 0 1 1 0 1 1 1 0 1 0 1 0 1 0 0 1 0 0 1 0 1 1 0 0 0 0 0 0]"
3,0.39300360175532995,"[1 1 1 0 1 0 0 1 0 0 1 0 1 1 0 0 0 1 1 1 1 0 0 1 1 0 0 0 0 0 1 0 1 1 0 1 1 0 1 0]"
3,0.3296977655188799,"[1 1 1 0 0 1 0 1 0 0 0 1 1 1 0 1 0 0 1 0 1 1 0 0 1 1 1 1 0 1 1 1 0 0 1 0 1 0 0 1]"
3,0.05282727718100682,"[1 0 1 1 1 1 1 0 1 1 0 0 0 1 1 0 1 1 1 0 0 0 1 0 1 1 1 0 1 1 1 0 1 1 0 0 0 0 0 0]"
3,0.613910136064023,"[1 1 1 1 0 0 1 1 1 1 0 0 1 1 1 1 0 0 1 1 0 1 0 0 1 1 0 1 0 1 1 0 1 0 1 0 1 0 0 0]"
3,0.2764036056612734,"[1 1 1 0 0 0 0 1 0 0 0 1 1 1 0 0 0 0 0 1 1 0 0 1 1 0 0 1 1 0 0 0 1 1 0 1 1 0 1 0]"
3,0.3028178127445935,"[1 1 1 0 0 0 1 1 0 0 1 0 1 1 0 0 0 1 1 1 1 0 0 1 1 0 0 0 0 0 1 0 1 1 0 0 1 0 1 0]"
3,0.700832452904689,"[1 1 1 1 0 1 1 1 0 0 0 0 1 1 1 1 0 0 1 1 0 1 0 0 1 1 1 1 0 1 1 0 1 0 1 0 1 0 0 0]"
3,0.7151458038958302,"[1 1 1 1 0 1 1 1 1 0 0 0 1 1 1 1 0 0 1 1 0 1 0 0 1 1 1 1 0 1 1 0 1 0 1 0 1 0 0 0]"
3,0.0345754790038242,"[1 0 1 1 0 1 1 0 1 1 0 1 1 0 1 1 1 1 1 1 0 0 1 1 1 0 1 1 0 1 1 1 0 0 1 0 1 1 0 1]"
3,0.6099872931228965,"[1 1 1 1 0 0 1 1 1 0 1 0 0 1 1 1 0 0 1 1 0 1 0 1 0 1 0 1 0 1 1 1 1 1 0 0 1 0 0 0]"
3,0.41671110949466655,"[1 1 1 0 1 0 1 0 1 0 0 0 1 0 1 1 0 0 1 0 0 1 0 1 0 1 0 1 1 0 0 1 0 0 0 0 0 0 0 1]"
3,0.04274907892164939,"[1 0 1 1 1 0 1 0 1 1 0 0 0 1 1 1 1 1 1 0 1 1 1 0 0 0 0 1 0 0 1 0 1 1 0 0 0 0 0 0]"
3,0.04059353620064725,"[1 0 1 1 1 0 0 1 1 1 0 1 0 0 0 1 0 0 1 0 1 1 0 0 1 1 0 0 1 0 1 0 1 1 0 0 1 0 0 0]"
3,0.14882476089961852,"[1 1 0 1 0 0 1 1 1 0 0 1 1 0 0 0 1 0 0 1 0 1 0 0 0 1 1 1 0 0 1 0 1 1 1 1 0 1 0 1]"
3,0.05013293022004662,"[1 0 1 1 1 1 0 1 1 1 0 0 0 1 1 1 1 1 1 0 0 0 1 0 1 0 0 0 1 0 1 1 0 1 0 0 1 0 0 0]"
3,0.05422822400782406,"[1 0 1 1 1 1 1 1 0 1 0 0 0 1 1 0 1 1 1 0 0 0 1 0 0 1 0 0 1 1 1 0 1 1 0 0 0 0 0 0]"
3,0.393515197023373,"[1 1 1 0 1 0 0 1 0 0 1 1 0 1 0 0 0 0 1 1 1 1 0 1 1 0 0 1 1 0 0 0 1 1 1 1 1 1 0 0]"
3,0.3914107355252166,"[1 1 1 0 1 0 0 1 0 0 0 1 0 1 0 0 0 0 1 1 1 1 0 0 1 0 0 1 1 0 0 0 1 1 1 1 1 0 1 0]"
3,0.36571549690532484,"[1 1 1 0 0 1 1 1 1 0 0 0 0 0 0 0 0 1 1 1 0 0 1 1 1 0 0 0 0 0 0 0 1 1 0 0 0 0 0 0]"
3,0.2771900218675381,"[1 1 1 0 0 0 0 1 0 0 1 0 1 1 0 0 0 1 1 1 1 0 0 1 1 0 1 0 1 0 0 0 1 0 0 0 1 0 1 0]"
3,0.39140996680513596,"[1 1 1 0 1 0 0 1 0 0 0 1 0 1 0 0 0 0 1 1 1 0 0 1 1 0 0 1 1 0 0 0 1 1 1 1 1 0 1 1]"
3,0.30284384854783686,"[1 1 1 0 0 0 1 1 0 0 1 0 1 1 0 0 1 1 1 1 1 0 0 1 1 0 0 0 0 0 1 0 1 1 0 1 1 0 1 0]"
3,0.264189230447081,"[1 1 1 0 0 0 0 0 0 0 0 1 1 0 0 0 0 0 1 1 1 0 1 0 1 0 0 1 0 0 1 0 1 1 0 1 1 0 1 0]"
3,0.6098769500981207,"[1 1 1 1 0 0 1 1 1 0 1 0 0 1 1 0 0 0 0 1 0 1 0 0 0 1 1 1 0 1 1 1 1 0 0 0 1 0 0 0]"
3,0.32969073915676866,"[1 1 1 0 0 1 0 1 0 0 0 1 1 1 0 1 0 0 0 0 1 1 0 0 1 1 1 1 0 1 1 1 0 0 1 0 1 0 0 0]"
3,0.7279136600641414,"[1 1 1 1 0 1 1 1 1 1 1 1 1 1 1 1 0 1 1 1 0 1 0 0 0 1 1 1 0 1 1 0 1 0 1 0 1 0 1 0]"
3,0.30323466474593946,"[1 1 1 0 0 0 1 1 0 0 1 1 0 1 0 0 0 1 1 1 1 0 0 1 1 0 1 1 0 0 1 0 1 0 1 1 0 0 1 0]"
3,0.3825424118249022,"[1 1 1 0 1 0 0 0 1 0 0 0 1 0 1 1 1 0 1 0 0 1 0 1 0 1 0 1 1 0 0 1 0 0 0 0 0 0 0 1]"
3,0.7205841035856271,"[1 1 1 1 0 1 1 1 1 0 1 1 1 1 1 1 0 0 1 1 1 1 0 0 0 1 1 1 0 1 1 1 1 0 1 0 1 0 0 0]"
3,0.38353958892041984,"[1 1 1 0 1 0 0 0 1 0 0 1 1 0 1 1 0 0 1 0 0 1 0 1 0 1 0 1 1 0 0 1 0 0 0 0 0 0 0 1]"
3,0.3297293582412045,"[1 1 1 0 0 1 0 1 0 0 0 1 1 1 0 1 1 0 1 1 1 1 0 0 1 1 0 1 0 1 1 1 0 0 0 0 1 0 0 0]"
3,0.9287307065102763,"[1 1 1 1 1 1 1 0 0 0 0 1 1 1 0 1 0 0 1 1 1 1 0 0 1 0 1 0 0 1 1 1 0 0 1 0 1 0 0 0]"
4,0.36761395164284155,"[1 1 1 0 0 1 1 1 1 0 0 1 1 1 1 1 0 0 1 0 0 1 0 0 1 1 1 0 0 1 1 0 1 0 1 0 1 0 0 0]"
4,0.69026528620274,"[1 1 1 1 0 1 1 0 1 0 1 0 1 1 1 1 0 0 1 1 0 0 0 0 0 1 1 1 0 1 1 0 1 0 1 0 1 0 0 0]"
4,0.39114765499322235,"[1 1 1 0 1 0 0 1 0 0 0 1 0 0 0 0 0 0 1 1 1 0 0 1 1 0 0 1 1 0 0 0 1 1 1 0 1 0 1 1]"
4,0.7151458038420223,"[1 1 1 1 0 1 1 1 1 0 0 0 1 1 1 1 0 0 1 1 0 1 0 0 1 1 1 1 0 1 1 0 1 0 1 0 0 0 0 0]"
4,0.7919771221151253,"[1 1 1 1 1 0 1 0 0 0 0 1 1 0 0 1 0 0 1 1 1 1 0 0 1 0 1 0 0 1 1 1 0 0 1 0 1 0 0 0]"
4,0.7169533468943261,"[1 1 1 1 0 1 1 1 1 0 0 1 1 1 1 1 0 0 1 1 0 1 0 0 1 1 1 1 0 1 1 0 1 0 1 0 1 0 0 0]"
4,0.6094985499264026,"[1 1 1 1 0 0 1 1 1 0 1 0 0 0 1 0 0 0 1 1 0 1 0 1 0 1 1 1 0 1 1 1 0 0 0 0 1 0 0 0]"
4,0.7205796635554745,"[1 1 1 1 0 1 1 1 1 0 1 1 1 1 1 1 0 0 1 1 0 0 1 0 0 1 1 1 0 1 1 0 1 0 0 0 1 0 0 0]"
4,0.6162746032383385,"[1 1 1 1 0 0 1 1 1 1 1 0 0 1 1 1 0 0 1 1 0 1 0 0 0 0 1 1 0 1 1 1 1 1 0 0 1 0 0 0]"
4,0.7196757050151736,"[1 1 1 1 0 1 1 1 1 0 1 1 0 1 1 1 0 0 1 1 1 1 0 0 0 1 1 1 1 0 1 1 1 0 1 0 1 1 0 0]"
4,0.3024015653516096,"[1 1 1 0 0 0 1 1 0 0 1 0 0 1 0 0 0 1 1 1 1 0 0 1 1 1 0 0 0 0 1 0 1 1 0 0 1 0 1 0]"
4,0.39313529770647904,"[1 1 1 0 1 0 0 1 0 0 1 0 1 1 1 0 0 1 1 1 1 0 0 1 1 0 0 0 0 0 1 0 1 1 0 1 1 0 1 0]"
4,0.3028178127445935,"[1 1 1 0 0 0 1 1 0 0 1 0 1 1 0 0 0 1 1 1 1 0 0 1 1 0 0 0 0 0 1 0 1 1 0 0 1 0 1 0]"
4,0.2764223826269993,"[1 1 1 0 0 0 0 1 0 0 0 1 1 1 0 0 0 1 1 1 1 1 0 1 1 1 0 1 0 0 0 0 0 1 1 1 1 0 1 1]"
4,0.7151458038958302,"[1 1 1 1 0 1 1 1 1 0 0 0 1 1 1 1 0 0 1 1 0 1 0 0 1 1 1 1 0 1 1 0 1 0 1 0 1 0 0 0]"
4,0.39140996280136875,"[1 1 1 0 1 0 0 1 0 0 0 1 0 1 0 0 0 0 1 1 1 0 0 1 1 0 0 1 0 1 0 0 1 1 1 1 1 0 1 1]"
4,0.42861316995658194,"[1 1 1 0 1 0 1 1 0 0 1 1 0 1 0 0 0 1 1 1 1 0 0 1 1 0 1 1 0 0 1 0 1 0 1 1 0 0 1 0]"
4,0.613910136064023,"[1 1 1 1 0 0 1 1 1 1 0 0 1 1 1 1 0 0 1 1 0 1 0 0 1 1 0 1 0 1 1 0 1 0 1 0 1 0 0 0]"
4,0.5593134593728185,"[1 1 1 1 0 0 0 1 1 0 0 0 1 1 0 0 1 0 0 1 0 1 0 0 0 1 0 1 0 0 1 0 0 0 1 1 0 0 0 1]"
4,0.3930035997147181,"[1 1 1 0 1 0 0 1 0 0 1 0 1 1 0 0 0 1 1 1 1 0 0 1 1 0 0 0 0 0 0 0 1 1 0 1 0 0 1 0]"
4,0.5712420584339176,"[1 1 1 1 0 0 1 0 0 0 0 0 1 1 1 1 0 0 1 1 0 1 0 1 1 1 1 1 0 0 1 0 1 1 1 0 1 0 0 0]"
4,0.12873057850343222,"[1 1 0 1 0 0 0 0 1 0 0 0 1 1 0 0 1 0 0 0 1 1 0 0 0 0 0 1 0 0 1 0 0 1 1 1 0 0 0 1]"
4,0.30260961157720756,"[1 1 1 0 0 0 1 1 0 0 1 0 1 0 0 0 0 1 1 1 1 0 0 1 1 0 0 1 0 0 1 0 0 1 0 1 1 0 0 0]"
4,0.5593134707591503,"[1 1 1 1 0 0 0 1 1 0 0 0 1 1 0 0 1 0 0 1 0 1 0 0 0 1 0 1 1 0 1 0 0 1 1 1 0 0 0 1]"
4,0.6098768546124771,"[1 1 1 1 0 0 1 1 1 0 1 0 0 1 1 0 0 0 0 1 0 1 0 0 0 0 1 1 0 1 1 1 1 0 0 0 1 0 0 0]"
4,0.0005014727763032718,"[0 1 1 1 0 1 1 1 1 0 1 1 1 1 1 1 0 0 1 1 1 1 0 0 0 1 1 1 0 1 1 1 1 0 1 0 1 0 0 1]"
4,0.6186723110066833,"[1 1 1 1 0 0 1 1 1 1 1 1 1 1 1 1 0 1 1 1 0 1 0 0 0 1 0 1 0 1 1 0 1 0 1 0 1 0 1 1]"
4,0.0005014651058171792,"[0 1 1 1 0 1 1 1 1 0 1 1 1 1 1 1 0 0 1 1 0 0 0 0 0 1 1 1 0 1 1 0 1 0 1 0 1 0 0 0]"
4,0.39140995879760154,"[1 1 1 0 1 0 0 1 0 0 0 1 0 1 0 0 0 0 1 1 1 0 0 1 1 0 0 1 0 0 0 0 1 1 1 1 1 0 1 1]"
4,0.4211741985182821,"[1 1 1 0 1 0 1 0 1 1 0 0 1 0 1 1 0 0 1 0 0 1 0 1 0 1 0 1 1 0 0 0 0 0 0 0 0 0 0 1]"
4,0.08102473245939591,"[1 1 0 0 0 1 1 1 0 0 0 1 1 1 0 1 0 0 1 0 1 1 0 0 1 1 1 1 0 1 1 1 1 0 1 0 1 0 0 0]"
4,0.36662706374268145,"[1 1 1 0 0 1 1 1 1 0 0 0 1 1 1 1 0 0 1 1 0 1 0 0 1 1 1 0 0 1 1 0 1 0 1 0 1 0 0 0]"
4,0.32947298887226256,"[1 1 1 0 0 1 0 1 0 0 0 1 1 0 0 1 0 0 1 0 1 1 0 0 1 1 1 1 0 1 1 1 0 0 1 0 1 0 0 1]"
4,0.5593081599152253,"[1 1 1 1 0 0 0 1 1 0 0 0 1 1 0 0 1 0 0 0 0 1 0 1 0 1 0 1 0 0 1 0 0 1 1 1 0 0 0 0]"
4,0.30323466474593946,"[1 1 1 0 0 0 1 1 0 0 1 1 0 1 0 0 0 1 1 1 1 0 0 1 1 0 1 1 0 0 1 0 1 0 1 1 0 0 1 0]"
4,0.6920161391932784,"[1 1 1 1 0 1 1 0 1 0 1 1 1 1 1 1 0 0 1 1 0 0 0 0 0 1 1 1 0 1 1 0 1 0 1 0 1 0 0 0]"
4,0.3876817708668285,"[1 1 1 0 1 0 0 0 1 1 0 1 1 0 1 1 0 0 1 0 0 1 0 1 0 1 0 0 1 0 1 1 0 0 0 0 0 0 0 1]"
4,0.32971884580252375,"[1 1 1 0 0 1 0 1 0 0 0 1 1 1 0 1 1 0 0 0 1 1 0 0 1 1 1 1 0 1 1 1 1 0 1 0 0 0 0 0]"
4,0.33330635967752487,"[1 1 1 0 0 1 0 1 0 1 0 1 1 1 0 1 0 0 0 0 1 1 1 0 1 1 1 1 0 1 1 1 0 0 1 0 1 0 0 0]"
4,0.053174474588066616,"[1 0 1 1 1 1 1 0 1 1 1 0 0 1 1 0 1 1 1 0 0 0 1 1 1 1 1 0 1 1 1 0 1 1 0 0 0 0 0 0]"
4,0.32969073958561945,"[1 1 1 0 0 1 0 1 0 0 0 1 1 1 0 1 0 0 0 0 1 1 0 0 1 1 1 1 0 1 1 1 1 0 1 0 1 0 0 0]"
4,0.6098769500981207,"[1 1 1 1 0 0 1 1 1 0 1 0 0 1 1 0 0 0 0 1 0 1 0 0 0 1 1 1 0 1 1 1 1 0 0 0 1 0 0 0]"
4,0.5593362490159721,"[1 1 1 1 0 0 0 1 1 0 0 0 1 1 0 0 1 1 0 1 0 1 0 0 1 1 0 1 0 0 1 0 0 0 1 1 0 0 0 1]"
4,0.4840427270400763,"[1 1 1 0 1 1 1 0 0 0 0 1 0 1 0 1 0 0 1 1 1 1 0 1 1 0 1 0 0 1 1 1 0 0 1 0 1 0 0 0]"
4,0.32969776554233315,"[1 1 1 0 0 1 0 1 0 0 0 1 1 1 0 1 0 0 1 0 1 1 0 0 1 1 1 1 0 1 1 1 0 0 1 1 0 0 0 0]"
4,0.3024015153589448,"[1 1 1 0 0 0 1 1 0 0 1 0 0 1 0 0 0 1 1 1 1 0 0 1 1 0 0 0 0 0 1 1 1 1 0 0 1 0 1 0]"
4,0.4263592530740573,"[1 1 1 0 1 0 1 1 0 0 0 1 0 1 0 0 1 0 1 1 1 1 0 0 1 0 0 1 1 0 0 0 1 1 1 0 1 0 1 0]"
4,0.9287223414239497,"[1 1 1 1 1 1 1 0 0 0 0 1 1 1 0 1 0 0 1 0 1 1 0 1 1 0 1 0 0 1 1 1 0 0 1 0 1 0 0 0]"
4,0.2771900226012744,"[1 1 1 0 0 0 0 1 0 0 1 0 1 1 0 0 0 1 1 1 1 0 0 1 1 0 1 0 1 0 0 1 1 0 0 0 1 0 1 0]"
4,0.0002947397912744592,"[0 1 1 1 0 0 0 1 1 0 0 0 1 1 0 0 1 0 0 1 0 1 0 0 0 1 0 1 0 0 1 0 0 1 1 1 0 0 0 1]"
5,0.00013211217193465075,"[0 1 1 0 1 0 0 0 1 1 0 0 1 0 1 1 0 0 1 0 0 0 0 1 0 1 0 0 1 0 0 0 0 0 0 0 0 0 0 1]"
5,0.5712420584339176,"[1 1 1 1 0 0 1 0 0 0 0 0 1 1 1 1 0 0 1 1 0 1 0 1 1 1 1 1 0 0 1 0 1 1 1 0 1 0 0 0]"
5,0.6123618281042429,"[1 1 1 1 0 0 1 1 1 0 1 1 1 1 1 1 0 1 1 1 0 0 1 0 0 1 1 1 0 1 1 0 1 0 0 0 1 0 0 0]"
5,0.7205796636638258,"[1 1 1 1 0 1 1 1 1 0 1 1 1 1 1 1 0 0 1 1 0 0 1 0 0 1 1 1 0 1 1 0 1 0 0 1 1 0 0 0]"
5,0.1794299738057858,"[1 1 0 1 0 1 1 1 1 0 0 1 0 1 1 1 0 0 1 0 0 1 0 1 1 1 1 1 0 1 1 0 1 0 1 0 1 0 1 1]"
5,0.7151458038958302,"[1 1 1 1 0 1 1 1 1 0 0 0 1 1 1 1 0 0 1 1 0 1 0 0 1 1 1 1 0 1 1 0 1 0 1 0 1 0 0 0]"
5,0.35203909009156,"[1 1 1 0 0 1 1 0 1 0 0 1 1 1 1 1 0 0 0 0 0 0 0 0 1 1 1 0 1 1 1 0 1 0 1 0 1 0 0 0]"
5,0.6154856977672907,"[1 1 1 1 0 0 1 1 1 1 0 1 1 1 1 1 0 0 1 1 0 1 0 0 1 1 0 1 0 1 1 0 1 0 1 0 1 0 0 0]"
5,0.42117478015911897,"[1 1 1 0 1 0 1 0 1 1 0 0 1 0 1 1 0 0 1 0 0 1 1 1 0 1 1 1 1 0 0 0 0 0 0 0 0 0 0 1]"
5,0.3914099427199743,"[1 1 1 0 1 0 0 1 0 0 0 1 0 1 0 0 0 0 1 1 1 0 0 1 1 0 0 0 0 0 0 0 1 1 1 0 1 0 1 1]"
5,0.36760620205243205,"[1 1 1 0 0 1 1 1 1 0 0 1 1 1 1 1 0 0 0 0 0 1 0 0 1 1 1 0 0 1 1 0 1 0 1 0 1 0 0 0]"
5,0.7919768805181896,"[1 1 1 1 1 0 1 0 0 0 0 1 1 0 0 1 0 0 1 1 1 1 0 0 0 0 1 0 0 1 1 1 0 0 1 0 1 0 0 0]"
5,0.1807368219220857,"[1 1 0 1 0 1 1 1 1 0 1 1 1 1 1 1 0 0 1 1 0 1 1 0 1 1 1 1 0 1 1 0 1 0 0 0 1 0 0 0]"
5,0.14919605617160323,"[1 1 0 1 0 0 1 1 1 0 1 0 0 1 1 0 0 0 0 1 0 1 0 0 0 0 1 1 0 1 1 1 1 0 0 0 1 0 0 0]"
5,0.2764521918550828,"[1 1 1 0 0 0 0 1 0 0 0 1 1 1 0 1 0 0 0 1 1 1 0 0 1 1 1 0 0 1 1 0 1 0 1 0 1 0 0 0]"
5,0.3369569561082961,"[1 1 1 0 0 1 0 1 1 0 0 1 1 1 0 1 0 0 0 0 1 1 0 1 1 1 1 1 0 1 1 1 1 0 1 0 1 0 0 0]"
5,0.01579395399999237,"[1 0 1 0 1 0 0 1 0 0 0 1 0 1 0 0 0 0 1 0 1 0 0 1 1 0 0 1 0 0 0 0 1 1 1 1 1 0 0 1]"
5,0.6458507124383784,"[1 1 1 1 0 1 0 1 0 0 0 0 1 1 0 0 1 0 0 1 0 1 0 0 0 1 0 1 0 0 1 1 0 0 1 1 0 0 0 1]"
5,0.051100947967777886,"[1 0 1 1 1 1 1 0 0 0 1 0 0 1 0 0 1 1 1 0 0 0 1 1 1 1 1 0 1 1 1 0 1 1 0 0 0 0 0 0]"
5,0.6902520503331293,"[1 1 1 1 0 1 1 0 1 0 1 0 1 1 1 1 0 0 0 1 0 0 0 1 0 1 1 1 0 1 1 0 1 0 1 0 1 0 0 0]"
5,0.6916875501256998,"[1 1 1 1 0 1 1 0 1 0 1 1 1 1 0 0 0 0 1 1 0 0 0 0 0 1 1 1 0 1 1 0 1 0 1 0 1 0 0 0]"
5,0.6903199399541237,"[1 1 1 1 0 1 1 0 1 0 1 0 1 1 1 1 1 0 1 1 0 0 0 0 0 1 1 1 0 1 1 0 1 0 1 0 1 0 0 0]"
5,0.7277694725372639,"[1 1 1 1 0 1 1 1 1 1 1 1 1 1 1 0 0 0 1 1 0 0 1 0 0 1 1 1 1 1 1 0 1 0 0 0 1 0 0 0]"
5,0.9290079036940435,"[1 1 1 1 1 1 1 0 0 0 0 1 1 1 1 1 0 0 1 0 1 1 0 1 1 0 1 0 0 1 0 1 0 0 1 0 1 0 0 0]"
5,0.8424577437219266,"[1 1 1 1 1 0 1 1 1 0 1 0 0 1 1 0 0 0 0 1 0 1 0 0 0 1 1 1 1 1 1 1 1 0 0 0 1 0 0 0]"
5,0.6098768546124771,"[1 1 1 1 0 0 1 1 1 0 1 0 0 1 1 0 0 0 0 1 0 1 0 0 0 0 1 1 0 1 1 1 1 0 0 0 1 0 0 0]"
5,0.0014687630600875576,"[1 0 0 0 0 1 0 1 0 1 0 1 0 1 0 1 0 0 0 0 1 1 0 0 1 1 1 1 0 1 0 1 0 0 1 0 1 0 0 0]"
5,0.7278841009510122,"[1 1 1 1 0 1 1 1 1 1 1 1 1 1 1 1 0 0 1 1 0 0 1 0 0 1 1 1 0 1 1 0 1 0 0 0 1 0 0 0]"
5,0.3683624791895071,"[1 1 1 0 0 1 1 1 1 0 1 0 1 0 1 1 0 0 1 1 0 1 0 0 1 1 1 0 0 1 1 0 1 0 1 0 1 0 0 0]"
5,4.7192117469480866e-11,"[0 0 0 1 0 1 1 1 1 0 1 1 1 1 1 1 0 1 1 1 1 1 0 0 0 1 1 1 0 1 1 1 1 0 1 0 1 0 0 1]"
5,0.12950434524827115,"[1 1 0 1 0 0 0 0 1 0 1 0 1 1 0 0 1 0 0 0 1 1 0 1 0 0 0 1 1 0 1 0 0 1 0 1 0 0 0 1]"
5,0.3328516337482082,"[1 1 1 0 0 1 0 1 0 1 0 1 0 1 0 1 0 0 0 0 1 0 1 0 1 1 1 1 0 1 1 1 0 1 1 0 1 0 0 0]"
5,0.35882876809485714,"[1 1 1 0 0 1 1 1 0 0 0 0 1 1 1 1 1 1 1 0 0 1 0 0 1 1 1 0 0 1 1 0 1 0 1 0 0 1 0 0]"
5,0.8504833083841077,"[1 1 1 1 1 0 1 1 1 1 1 0 0 0 1 1 0 0 1 1 0 0 0 0 0 1 1 1 1 1 0 1 1 1 0 0 1 1 0 0]"
5,0.720584110547234,"[1 1 1 1 0 1 1 1 1 0 1 1 1 1 1 1 0 0 1 1 1 1 0 0 0 1 1 1 1 0 1 1 1 0 1 0 1 1 0 0]"
5,0.5607623497603916,"[1 1 1 1 0 0 0 1 1 0 0 1 1 1 0 0 1 0 0 1 0 1 0 0 0 1 0 1 0 0 1 0 0 0 1 1 0 1 0 1]"
5,0.31139866531656835,"[1 1 1 0 0 0 1 1 1 1 0 0 1 1 1 1 0 0 1 1 0 1 0 0 1 1 0 1 0 1 0 0 1 0 1 0 1 0 0 0]"
5,0.691907341853808,"[1 1 1 1 0 1 1 0 1 0 1 1 1 1 1 0 0 0 1 1 0 0 1 0 0 0 1 1 0 1 1 0 0 0 1 0 1 0 0 0]"
5,0.0898424713816273,"[1 1 0 0 1 0 0 1 0 0 1 0 1 1 1 0 0 1 1 1 1 0 0 1 1 0 0 1 0 1 1 0 1 1 0 1 1 0 1 0]"
5,0.4280438492004171,"[1 1 1 0 1 0 1 1 0 0 1 0 1 1 0 0 0 1 1 1 1 0 0 1 0 0 0 0 0 0 0 0 0 1 0 1 0 0 1 0]"
5,0.00045870645157460493,"[0 1 1 1 0 1 1 0 1 0 1 0 1 1 1 1 0 0 1 1 0 0 0 1 0 1 1 1 0 1 1 0 1 0 1 0 1 0 0 0]"
5,0.6170646582163648,"[1 1 1 1 0 0 1 1 1 1 1 0 1 1 1 1 0 0 1 1 0 1 0 0 0 0 1 1 0 1 1 1 1 1 0 0 1 0 0 1]"
5,0.7927123596350384,"[1 1 1 1 1 0 1 0 0 0 0 1 1 1 1 1 0 0 1 0 1 1 0 1 1 0 1 0 0 0 1 1 0 0 1 1 1 0 0 0]"
5,0.3034432268099993,"[1 1 1 0 0 0 1 1 0 0 1 1 1 0 0 0 0 1 1 1 1 0 0 1 1 0 0 0 0 0 1 0 0 1 0 1 1 1 0 0]"
5,0.6186723110066833,"[1 1 1 1 0 0 1 1 1 1 1 1 1 1 1 1 0 1 1 1 0 1 0 0 0 1 0 1 0 1 1 0 1 0 1 0 1 0 1 1]"
5,0.6098768546124771,"[1 1 1 1 0 0 1 1 1 0 1 0 0 1 1 0 0 0 0 1 0 1 0 0 0 0 1 1 0 1 1 1 1 0 0 0 1 0 0 0]"
5,0.6092052542920187,"[1 1 1 1 0 0 1 1 1 0 0 1 1 1 1 1 0 0 1 1 0 1 0 0 1 1 1 1 0 1 1 0 1 1 1 0 1 0 0 0]"
5,0.13836281124667318,"[1 1 0 1 0 0 1 0 0 0 0 0 1 1 1 1 0 0 1 0 1 1 0 1 1 1 1 1 0 0 0 0 1 1 0 0 1 0 0 0]"
5,0.6162746032383385,"[1 1 1 1 0 0 1 1 1 1 1 0 0 1 1 1 0 0 1 1 0 1 0 0 0 0 1 1 0 1 1 1 1 1 0 0 1 0 0 0]"
5,0.390492563735929,"[1 1 1 0 1 0 0 1 0 0 0 0 0 1 1 0 0 0 1 1 1 0 0 1 1 0 0 1 0 1 0 0 1 1 1 1 1 0 1 1]"
6,0.8242193615686468,"[1 1 1 1 1 0 1 1 0 0 0 1 1 0 0 1 0 0 1 1 1 1 0 0 0 0 1 0 0 1 1 1 0 0 1 0 1 0 0 0]"
6,0.69168144873715,"[1 1 1 1 0 1 1 0 1 0 1 1 1 1 0 0 0 0 1 0 0 0 1 0 0 0 1 1 0 0 1 1 0 0 1 0 1 0 0 0]"
6,0.6729735824523913,"[1 1 1 1 0 1 1 0 0 0 0 0 1 1 1 1 0 0 1 0 1 1 0 1 1 0 1 0 0 1 0 1 0 0 1 0 1 0 0 0]"
6,0.6155334521373979,"[1 1 1 1 0 0 1 1 1 1 0 1 1 1 1 1 1 0 1 1 0 0 0 0 1 1 0 1 0 1 1 0 1 0 1 0 1 0 0 0]"
6,0.6123618273555264,"[1 1 1 1 0 0 1 1 1 0 1 1 1 1 1 1 0 1 1 1 0 0 1 0 0 1 1 1 0 1 1 0 0 0 0 0 1 0 0 0]"
6,0.6971134817931792,"[1 1 1 1 0 1 1 0 1 1 1 0 1 1 0 1 1 0 0 1 0 0 0 0 0 1 1 1 0 1 1 0 1 0 1 0 1 0 0 0]"
6,0.8504833083841077,"[1 1 1 1 1 0 1 1 1 1 1 0 0 0 1 1 0 0 1 1 0 0 0 0 0 1 1 1 1 1 0 1 1 1 0 0 1 1 0 0]"
6,0.00030931650789896856,"[0 1 1 1 0 0 1 0 0 0 0 1 1 0 0 1 0 0 1 1 1 1 0 1 0 0 1 0 0 1 1 1 0 0 1 0 1 0 0 0]"
6,0.17942995792757327,"[1 1 0 1 0 1 1 1 1 0 0 1 0 1 1 1 0 0 1 0 0 1 0 1 1 1 0 1 0 1 1 0 1 0 1 0 1 0 0 1]"
6,0.42117859933345386,"[1 1 1 0 1 0 1 0 1 1 0 0 1 0 1 1 0 0 1 1 0 1 0 1 0 1 1 0 1 1 0 0 0 0 0 0 0 0 0 1]"
6,0.1292515375032927,"[1 1 0 1 0 0 0 0 1 0 1 0 0 0 1 0 0 0 0 1 1 1 0 1 0 0 0 1 1 0 1 0 1 1 0 0 0 0 0 1]"
6,0.690319939902,"[1 1 1 1 0 1 1 0 1 0 1 0 1 1 1 1 1 0 1 1 0 0 0 0 0 1 1 1 0 1 1 0 1 0 1 0 0 0 0 0]"
6,0.28828787657597005,"[1 1 1 0 0 0 1 0 0 0 0 0 1 1 1 1 0 0 1 1 0 1 0 1 1 1 1 1 0 0 1 1 1 1 1 0 1 0 0 0]"
6,0.5712420584339176,"[1 1 1 1 0 0 1 0 0 0 0 0 1 1 1 1 0 0 1 1 0 1 0 1 1 1 1 1 0 0 1 0 1 1 1 0 1 0 0 0]"
6,0.29778817455351697,"[1 1 1 0 0 0 1 0 1 1 0 0 1 0 1 1 0 0 1 0 0 1 1 0 0 1 1 1 1 0 0 0 0 0 0 0 0 0 0 1]"
6,0.1765915743385531,"[1 1 0 1 0 1 1 1 0 0 1 1 1 1 1 1 0 0 1 1 0 1 1 0 1 0 1 1 0 1 1 0 1 0 0 0 1 1 0 0]"
6,0.3328516337482082,"[1 1 1 0 0 1 0 1 0 1 0 1 0 1 0 1 0 0 0 0 1 0 1 0 1 1 1 1 0 1 1 1 0 1 1 0 1 0 0 0]"
6,0.6098768549854678,"[1 1 1 1 0 0 1 1 1 0 1 0 0 1 1 0 0 0 0 1 0 1 0 0 0 0 1 1 0 1 1 1 1 1 0 0 1 0 0 0]"
6,0.8382864629167825,"[1 1 1 1 1 0 1 1 1 0 0 0 0 1 1 0 0 0 0 1 1 1 0 0 0 1 1 1 1 1 1 1 1 0 0 0 1 0 0 0]"
6,0.3914099427199743,"[1 1 1 0 1 0 0 1 0 0 0 1 0 1 0 0 0 0 1 1 1 0 0 1 1 0 0 0 0 0 0 0 1 1 1 0 1 0 1 1]"
6,0.6098768546124771,"[1 1 1 1 0 0 1 1 1 0 1 0 0 1 1 0 0 0 0 1 0 1 0 0 0 0 1 1 0 1 1 1 1 0 0 0 1 0 0 0]"
6,0.727884093953299,"[1 1 1 1 0 1 1 1 1 1 1 1 1 1 1 1 0 0 1 1 0 0 1 0 0 1 1 1 0 0 1 0 1 0 0 0 1 0 0 0]"
6,0.851539035664686,"[1 1 1 1 1 0 1 1 1 1 1 0 1 0 1 1 0 0 1 1 0 0 0 0 0 1 1 1 1 1 0 1 1 1 0 0 1 1 0 0]"
6,0.7922172948391986,"[1 1 1 1 1 0 1 0 0 0 0 1 1 0 1 1 0 0 1 0 1 1 0 1 1 0 1 0 0 0 1 1 0 0 1 1 1 0 0 0]"
6,0.8508646388276397,"[1 1 1 1 1 0 1 1 1 1 1 0 0 1 1 0 0 0 0 1 0 1 0 0 0 1 1 1 1 1 1 1 0 0 0 0 1 0 0 0]"
6,0.6902520503331293,"[1 1 1 1 0 1 1 0 1 0 1 0 1 1 1 1 0 0 0 1 0 0 0 1 0 1 1 1 0 1 1 0 1 0 1 0 1 0 0 0]"
6,0.00035680836370212383,"[0 1 1 1 0 0 1 1 1 0 1 1 1 1 0 1 0 1 1 1 0 0 0 0 0 1 1 1 0 1 1 0 1 0 0 0 1 0 0 0]"
6,0.36938824352882793,"[1 1 1 0 0 1 1 1 1 0 1 1 1 0 1 1 1 0 1 1 0 0 1 1 0 1 1 1 0 1 1 0 1 0 0 1 0 0 0 0]"
6,0.6154860828698415,"[1 1 1 1 0 0 1 1 1 1 0 1 1 1 1 1 0 0 1 1 0 1 0 1 1 1 0 1 0 1 1 0 1 0 1 0 1 0 0 0]"
6,0.9381831048396367,"[1 1 1 1 1 1 1 0 0 1 0 1 1 1 1 1 0 0 1 0 0 1 0 1 0 0 1 0 1 1 1 1 0 0 1 0 0 0 0 0]"
6,0.3683624488619136,"[1 1 1 0 0 1 1 1 1 0 1 0 1 0 1 1 0 0 1 1 0 1 0 0 1 1 0 0 0 1 1 0 1 0 1 0 1 0 0 0]"
6,0.3369569561082961,"[1 1 1 0 0 1 0 1 1 0 0 1 1 1 0 1 0 0 0 0 1 1 0 1 1 1 1 1 0 1 1 1 1 0 1 0 1 0 0 0]"
6,0.1593669150872289,"[1 1 0 1 0 1 0 1 0 0 0 0 1 1 0 0 1 0 0 1 0 1 0 0 0 1 0 1 0 0 1 1 0 0 1 1 0 0 0 1]"
6,0.35203909032257774,"[1 1 1 0 0 1 1 0 1 0 0 1 1 1 1 1 0 0 0 0 0 0 0 0 1 1 1 0 1 1 1 0 1 1 1 0 1 0 0 1]"
6,0.7278885884452388,"[1 1 1 1 0 1 1 1 1 1 1 1 1 1 1 1 0 0 1 1 1 1 0 0 0 1 1 1 1 0 1 1 1 0 1 0 0 1 0 1]"
6,0.727884093953299,"[1 1 1 1 0 1 1 1 1 1 1 1 1 1 1 1 0 0 1 1 0 0 1 0 0 1 1 1 0 0 1 0 1 0 0 0 1 0 0 0]"
6,0.6920709176943257,"[1 1 1 1 0 1 1 0 1 0 1 1 1 1 1 1 1 0 1 1 0 0 0 0 0 1 1 1 0 1 1 0 1 0 1 0 1 0 0 0]"
6,0.6098768665481817,"[1 1 1 1 0 0 1 1 1 0 1 0 0 1 1 0 0 0 0 1 0 1 0 0 0 0 1 1 1 1 1 1 1 0 0 0 1 0 0 0]"
6,0.720584110560778,"[1 1 1 1 0 1 1 1 1 0 1 1 1 1 1 1 0 0 1 1 1 1 0 0 0 1 1 1 1 0 1 1 1 0 1 0 1 1 1 0]"
6,0.7151458038420223,"[1 1 1 1 0 1 1 1 1 0 0 0 1 1 1 1 0 0 1 1 0 1 0 0 1 1 1 1 0 1 1 0 1 0 1 0 0 0 0 0]"
6,0.7927123596350384,"[1 1 1 1 1 0 1 0 0 0 0 1 1 1 1 1 0 0 1 0 1 1 0 1 1 0 1 0 0 0 1 1 0 0 1 1 1 0 0 0]"
6,0.6916909671917962,"[1 1 1 1 0 1 1 0 1 0 1 1 1 1 0 0 0 0 1 1 1 0 0 0 0 1 1 1 0 0 1 1 1 0 1 0 1 0 0 0]"
6,0.029419950840403834,"[1 0 1 1 0 0 1 1 1 1 1 0 1 1 1 0 0 0 1 0 0 1 0 0 0 0 1 1 0 1 1 1 1 1 0 0 1 0 0 1]"
6,0.858495084857838,"[1 1 1 1 1 1 0 0 0 0 0 1 1 1 1 1 1 0 1 0 1 1 0 1 1 0 1 0 0 1 0 1 0 0 1 0 1 0 0 0]"
6,0.15099912681044741,"[1 1 0 1 0 0 1 1 1 1 1 0 0 1 1 1 0 0 1 1 0 1 0 0 1 0 1 1 0 1 1 1 1 1 0 0 1 0 0 0]"
6,0.4280438491961793,"[1 1 1 0 1 0 1 1 0 0 1 0 1 1 0 0 0 1 1 1 1 0 0 1 0 0 0 0 0 0 0 0 0 1 0 1 0 0 0 1]"
6,0.719732450151073,"[1 1 1 1 0 1 1 1 1 0 1 1 0 1 1 1 1 0 1 1 1 1 0 0 0 1 1 1 1 0 1 1 1 0 1 0 1 1 0 0]"
6,0.6916811337687971,"[1 1 1 1 0 1 1 0 1 0 1 1 1 1 0 0 0 0 1 0 0 0 0 1 0 1 1 1 0 1 1 0 1 0 1 0 1 0 0 0]"
6,0.8504833078809786,"[1 1 1 1 1 0 1 1 1 1 1 0 0 0 1 1 0 0 1 1 0 0 0 0 0 1 1 1 1 1 0 1 1 0 0 0 1 1 0 0]"
6,0.0005870527626771692,"[0 1 1 1 1 0 0 1 1 0 1 0 0 1 1 0 0 0 0 1 0 1 0 0 1 1 1 1 1 1 1 1 1 0 0 0 1 0 0 0]"
7,0.7197328900247264,"[1 1 1 1 0 1 1 1 1 0 1 1 0 1 1 1 1 0 1 1 1 1 0 1 0 1 1 1 1 0 0 1 1 0 1 0 1 1 0 0]"
7,0.8508646388276397,"[1 1 1 1 1 0 1 1 1 1 1 0 0 1 1 0 0 0 0 1 0 1 0 0 0 1 1 1 1 1 1 1 0 0 0 0 1 0 0 0]"
7,0.7197326700878695,"[1 1 1 1 0 1 1 1 1 0 1 1 0 1 1 1 1 0 1 1 1 1 0 0 1 1 1 1 1 0 1 0 1 0 1 0 1 1 0 0]"
7,0.30297400465026975,"[1 1 1 0 0 0 1 1 0 0 1 0 1 1 1 1 0 1 1 1 1 0 0 1 0 1 0 0 0 0 0 0 0 1 0 1 0 0 0 1]"
7,0.2209372297761664,"[1 1 0 1 1 1 0 0 0 0 0 1 1 1 1 1 1 0 1 0 1 1 0 0 1 0 0 0 0 1 0 0 0 1 1 0 1 1 0 0]"
7,0.033092426873981326,"[1 0 1 1 0 1 1 0 0 0 0 0 1 1 1 1 0 0 1 0 1 1 0 1 0 0 1 0 0 1 0 1 0 0 1 0 1 0 0 0]"
7,0.6916831731285106,"[1 1 1 1 0 1 1 0 1 0 1 1 1 1 0 0 0 0 1 0 0 1 1 0 0 0 1 1 1 0 1 1 0 0 1 0 1 0 0 0]"
7,0.15983505104280296,"[1 1 0 1 0 1 0 1 0 0 0 1 1 1 0 0 1 0 0 1 0 1 0 0 0 1 0 1 0 0 1 1 1 0 1 1 0 0 0 1]"
7,0.6155373032535266,"[1 1 1 1 0 0 1 1 1 1 0 1 1 1 1 1 1 0 1 1 1 0 1 0 1 1 0 1 0 1 1 0 1 0 0 0 1 0 0 0]"
7,0.6916814488415826,"[1 1 1 1 0 1 1 0 1 0 1 1 1 1 0 0 0 0 1 0 0 0 1 0 0 0 1 1 0 0 1 1 0 0 1 1 1 0 0 0]"
7,0.6123618273555264,"[1 1 1 1 0 0 1 1 1 0 1 1 1 1 1 1 0 1 1 1 0 0 1 0 0 1 1 1 0 1 1 0 0 0 0 0 1 0 0 0]"
7,0.00046079071133002633,"[0 1 1 1 0 1 1 0 1 0 1 1 1 1 0 0 1 1 1 1 1 0 0 0 0 1 1 1 0 0 1 1 1 0 1 0 1 0 0 0]"
7,0.4372321966560895,"[1 1 1 0 1 0 1 1 1 0 1 0 1 1 0 0 0 1 1 1 1 0 0 1 1 0 1 1 0 0 0 0 0 1 0 1 0 0 0 1]"
7,0.6893713113157792,"[1 1 1 1 0 1 1 0 1 0 1 0 0 1 1 1 0 0 0 0 0 0 0 1 0 1 1 1 0 1 1 0 1 0 1 0 1 0 0 0]"
7,0.35108620140366925,"[1 1 1 0 0 1 1 0 1 0 0 0 1 1 1 1 0 0 0 0 0 0 0 0 1 1 1 0 1 1 1 0 1 1 1 0 1 0 0 1]"
7,0.8508646390793058,"[1 1 1 1 1 0 1 1 1 1 1 0 0 1 1 0 0 0 0 1 0 1 0 0 0 1 1 1 1 1 1 1 0 0 1 0 1 0 0 0]"
7,0.6881720535205335,"[1 1 1 1 0 1 1 0 1 0 0 1 1 1 0 0 0 0 0 0 0 0 1 1 0 0 1 1 0 0 1 1 0 0 1 0 1 0 0 0]"
7,0.7922168115135169,"[1 1 1 1 1 0 1 0 0 0 0 1 1 0 1 1 0 0 1 0 1 1 0 0 1 0 1 0 0 0 1 1 0 0 1 1 1 0 0 0]"
7,0.6099379681290931,"[1 1 1 1 0 0 1 1 1 0 1 0 0 1 1 0 1 0 1 1 0 1 0 0 0 0 1 1 0 1 1 1 1 0 0 0 0 0 0 0]"
7,0.6202562711505313,"[1 1 1 1 0 1 0 0 0 0 0 0 1 1 1 1 0 1 1 0 1 1 0 1 1 0 1 0 0 1 0 1 0 0 1 1 1 0 0 0]"
7,0.6916909671917962,"[1 1 1 1 0 1 1 0 1 0 1 1 1 1 0 0 0 0 1 1 1 0 0 0 0 1 1 1 0 0 1 1 1 0 1 0 1 0 0 0]"
7,0.14919605627992746,"[1 1 0 1 0 0 1 1 1 0 1 0 0 1 1 0 0 0 0 1 0 1 0 0 0 0 1 1 0 1 1 1 1 1 0 0 1 0 1 0]"
7,0.20146610146749971,"[1 1 0 1 1 0 1 0 0 0 0 1 1 0 1 0 0 0 1 0 1 1 0 1 1 0 1 0 0 0 1 1 0 0 1 1 1 0 0 0]"
7,0.0005014679938363192,"[0 1 1 1 0 1 1 1 1 0 1 1 1 1 1 1 0 0 1 1 0 1 0 0 1 1 1 1 1 0 1 1 1 0 1 0 1 1 1 0]"
7,0.8242193613317276,"[1 1 1 1 1 0 1 1 0 0 0 1 1 0 0 1 0 0 1 1 1 1 0 0 0 0 1 0 0 1 1 1 0 0 0 0 1 0 0 1]"
7,0.6916909638499149,"[1 1 1 1 0 1 1 0 1 0 1 1 1 1 0 0 0 0 1 1 1 0 0 0 0 1 1 1 0 0 0 1 1 0 1 0 1 0 0 0]"
7,0.16954074193698296,"[1 1 0 1 0 1 1 0 0 1 0 1 1 1 1 1 0 0 1 0 0 1 0 1 0 0 1 0 1 1 1 1 0 0 1 0 0 0 0 1]"
7,0.9504992700850696,"[1 1 1 1 1 1 1 0 1 0 1 1 0 1 0 0 0 0 1 0 0 0 0 1 0 1 1 1 0 1 1 0 1 0 1 0 1 0 0 0]"
7,0.6155365091083165,"[1 1 1 1 0 0 1 1 1 1 0 1 1 1 1 1 1 0 1 1 1 0 0 0 1 1 0 0 0 1 1 0 1 0 1 0 1 0 0 0]"
7,0.013849600892047011,"[1 0 1 0 0 1 1 0 1 1 0 1 1 1 1 1 0 1 0 0 0 0 0 0 1 1 1 0 1 1 1 0 1 1 1 0 1 0 0 1]"
7,0.7927505949031387,"[1 1 1 1 1 0 1 0 0 0 0 1 1 1 1 1 0 1 1 1 1 1 0 0 1 0 1 1 0 0 1 1 0 0 1 1 1 0 0 0]"
7,0.13836361653396181,"[1 1 0 1 0 0 1 0 0 0 0 0 1 1 1 1 0 0 1 1 0 1 0 1 1 1 1 1 0 0 1 1 1 1 1 0 1 0 0 0]"
7,0.7239962639267568,"[1 1 1 1 0 1 1 1 1 1 0 1 1 1 0 1 0 0 1 1 0 1 0 0 0 1 1 1 1 0 1 1 1 0 1 0 0 1 0 1]"
7,0.9538687738426681,"[1 1 1 1 1 1 1 0 1 1 0 0 1 0 1 1 0 0 1 1 0 1 0 1 0 1 1 0 1 1 0 0 0 0 0 0 0 0 0 1]"
7,0.6903205803987358,"[1 1 1 1 0 1 1 0 1 0 1 0 1 1 1 1 1 0 1 1 0 0 0 1 1 1 1 1 0 1 1 0 1 0 1 0 0 0 0 0]"
7,0.0005002485260292433,"[0 1 1 1 0 1 1 1 1 0 1 1 0 1 1 1 1 0 1 1 1 1 1 0 0 1 1 1 1 0 1 1 1 0 1 0 1 0 0 0]"
7,0.7927123596424176,"[1 1 1 1 1 0 1 0 0 0 0 1 1 1 1 1 0 0 1 0 1 1 0 1 1 0 1 0 0 0 1 1 0 0 1 1 1 0 0 1]"
7,0.6912530766119461,"[1 1 1 1 0 1 1 0 1 0 1 1 1 0 0 0 0 0 1 1 1 0 0 0 0 1 1 1 1 0 1 0 1 0 1 0 1 0 0 0]"
7,0.7197324484192874,"[1 1 1 1 0 1 1 1 1 0 1 1 0 1 1 1 1 0 1 1 1 1 0 0 0 1 1 1 1 0 1 0 1 0 1 0 1 1 0 0]"
7,0.802173043777095,"[1 1 1 1 1 0 1 0 0 1 1 0 1 0 1 1 0 0 1 1 0 0 0 0 0 1 1 1 1 1 0 1 1 1 0 0 1 1 0 0]"
7,0.7920696591059561,"[1 1 1 1 1 0 1 0 0 0 0 1 1 0 0 1 1 1 1 1 1 1 0 0 0 0 1 0 0 1 1 1 0 1 1 0 1 0 1 0]"
7,0.6099746374669894,"[1 1 1 1 0 0 1 1 1 0 1 0 0 1 1 1 0 0 0 1 0 1 0 0 0 0 1 1 0 1 1 0 1 0 0 0 1 0 0 0]"
7,0.5708763077141153,"[1 1 1 1 0 0 1 0 0 0 0 0 1 0 1 1 0 0 1 1 1 1 0 1 1 1 1 1 0 0 1 1 1 1 1 0 0 0 0 0]"
7,0.8452561198269504,"[1 1 1 1 1 0 1 1 1 0 1 1 1 0 1 1 0 1 1 1 0 0 1 0 0 1 1 1 0 1 1 0 0 0 0 0 1 0 0 0]"
7,0.6911949298098066,"[1 1 1 1 0 1 1 0 1 0 1 1 0 1 1 1 1 0 1 1 0 0 0 0 0 1 1 1 0 1 1 0 1 0 1 0 1 0 0 0]"
7,0.6916909738233421,"[1 1 1 1 0 1 1 0 1 0 1 1 1 1 0 0 0 0 1 1 1 0 0 0 0 1 1 1 0 1 1 1 1 0 1 0 0 0 0 0]"
7,0.0007046861675532758,"[0 1 1 1 1 0 1 1 1 1 1 0 0 1 0 0 0 0 0 1 0 1 0 0 0 1 1 1 1 1 1 0 0 0 0 0 1 0 0 0]"
7,0.9998774878593794,"[1 1 1 1 1 1 1 1 1 1 1 1 1 1 1 1 0 0 1 1 0 0 1 0 0 1 1 1 0 0 1 0 1 0 0 0 1 0 0 0]"
7,0.7260517644171119,"[1 1 1 1 0 1 1 1 1 1 1 0 1 1 1 1 0 0 1 1 0 0 1 0 0 1 1 1 0 0 1 0 1 0 0 0 1 0 0 0]"
7,0.6916827111182365,"[1 1 1 1 0 1 1 0 1 0 1 1 1 1 0 0 0 0 1 0 0 1 0 1 0 0 1 0 0 1 1 0 1 0 1 0 1 0 0 0]"
8,0.7202273526819709,"[1 1 1 1 0 1 1 1 1 0 1 1 1 1 0 0 0 0 0 1 1 0 0 0 0 1 1 1 0 0 1 1 0 0 1 0 1 0 0 0]"
8,0.824828613601906,"[1 1 1 1 1 0 1 1 0 0 0 1 1 1 0 1 1 1 1 1 1 1 0 0 0 0 1 0 0 1 1 1 0 1 1 0 1 0 1 0]"
8,0.8231841629481901,"[1 1 1 1 1 0 1 1 0 0 0 1 0 0 0 1 0 0 1 0 1 0 0 0 0 0 1 0 0 1 1 1 0 0 0 0 1 0 0 1]"
8,0.0003095215308937596,"[0 1 1 1 0 0 1 0 0 0 0 1 1 0 1 1 0 0 1 0 1 1 0 0 1 0 1 0 0 0 1 1 0 0 1 1 1 0 0 0]"
8,0.5723458789478523,"[1 1 1 1 0 0 1 0 0 0 0 1 1 0 1 1 0 0 1 0 1 1 0 0 1 0 1 0 0 0 1 1 0 0 1 1 1 0 0 0]"
8,0.8247323883123163,"[1 1 1 1 1 0 1 1 0 0 0 1 1 1 0 1 0 0 1 1 1 1 0 0 0 0 1 0 0 1 1 1 0 0 0 0 1 0 0 1]"
8,0.6903205803987358,"[1 1 1 1 0 1 1 0 1 0 1 0 1 1 1 1 1 0 1 1 0 0 0 1 1 1 1 1 0 1 1 0 1 0 1 0 0 0 0 0]"
8,0.6916908603560339,"[1 1 1 1 0 1 1 0 1 0 1 1 1 1 0 0 0 0 1 1 1 0 0 0 0 0 1 1 0 0 1 1 1 0 1 1 1 0 0 0]"
8,0.6916865951879396,"[1 1 1 1 0 1 1 0 1 0 1 1 1 1 0 0 0 0 1 0 1 1 1 0 0 0 1 1 1 0 1 1 0 0 1 0 1 0 0 0]"
8,0.6920715593918049,"[1 1 1 1 0 1 1 0 1 0 1 1 1 1 1 1 1 0 1 1 0 0 0 1 1 1 1 1 0 1 1 0 1 0 0 0 0 0 0 0]"
8,0.4084635965161804,"[1 1 1 0 1 0 1 0 0 0 0 1 0 0 1 1 0 0 1 1 1 1 0 0 1 0 1 1 0 0 1 1 0 0 1 1 1 0 0 0]"
8,0.7910805301460231,"[1 1 1 1 1 0 1 0 0 0 0 1 0 0 0 1 1 1 1 1 1 1 0 0 0 0 1 0 0 1 1 1 0 1 1 0 1 0 1 0]"
8,0.7197328900247264,"[1 1 1 1 0 1 1 1 1 0 1 1 0 1 1 1 1 0 1 1 1 1 0 1 0 1 1 1 1 0 0 1 1 0 1 0 1 1 0 0]"
8,0.6916909738233421,"[1 1 1 1 0 1 1 0 1 0 1 1 1 1 0 0 0 0 1 1 1 0 0 0 0 1 1 1 0 1 1 1 1 0 1 0 0 0 0 0]"
8,0.9538687738426681,"[1 1 1 1 1 1 1 0 1 1 0 0 1 0 1 1 0 0 1 1 0 1 0 1 0 1 1 0 1 1 0 0 0 0 0 0 0 0 0 1]"
8,0.9510956355191416,"[1 1 1 1 1 1 1 0 1 0 1 1 1 0 0 0 0 0 1 1 1 0 0 0 0 1 1 1 1 0 1 0 1 0 1 0 1 0 0 0]"
8,0.7922134431164185,"[1 1 1 1 1 0 1 0 0 0 0 1 1 0 1 1 0 0 1 0 0 1 0 1 1 0 1 0 1 0 1 1 0 0 0 1 1 0 0 1]"
8,0.18049250388934834,"[1 1 0 1 0 1 1 1 1 0 1 1 0 1 1 1 1 0 1 1 1 1 1 0 0 1 1 1 1 0 1 0 1 0 1 0 1 1 0 0]"
8,0.8452551110692555,"[1 1 1 1 1 0 1 1 1 0 1 1 1 0 1 1 0 1 1 1 0 0 0 0 0 1 1 1 1 1 1 0 0 0 0 0 0 0 0 0]"
8,0.6912530749419575,"[1 1 1 1 0 1 1 0 1 0 1 1 1 0 0 0 0 0 1 1 1 0 0 0 0 1 1 1 1 0 0 1 1 0 1 0 1 0 0 0]"
8,0.8452561197644073,"[1 1 1 1 1 0 1 1 1 0 1 1 1 0 1 1 0 1 1 1 0 0 1 0 0 1 1 1 0 1 1 0 0 0 0 0 0 0 0 0]"
8,0.6893713113418088,"[1 1 1 1 0 1 1 0 1 0 1 0 0 1 1 1 0 0 0 0 0 0 0 1 0 1 1 1 0 1 1 0 1 0 1 0 1 1 0 0]"
8,0.6389720419680797,"[1 1 1 1 0 1 0 0 1 1 0 0 1 0 0 1 0 1 1 1 0 0 0 1 0 1 1 1 1 1 0 0 0 0 0 0 0 1 0 1]"
8,0.9290520033103145,"[1 1 1 1 1 1 1 0 0 0 0 1 1 1 1 1 0 1 1 1 1 1 0 0 1 0 1 1 0 0 1 1 0 0 1 0 1 1 0 0]"
8,0.7206013539832911,"[1 1 1 1 0 1 1 1 1 0 1 1 1 1 1 1 0 1 1 0 0 0 1 1 0 1 0 1 0 1 1 0 0 0 0 0 0 0 0 0]"
8,0.6764564729150284,"[1 1 1 1 0 1 1 0 0 0 1 0 1 1 1 1 1 0 1 1 0 0 1 1 1 1 1 1 0 0 1 0 1 0 1 0 0 0 0 1]"
8,0.18391825231149744,"[1 1 0 1 1 0 0 0 0 0 0 1 1 1 1 1 1 0 1 0 1 1 0 0 1 0 0 1 0 1 0 0 0 1 1 0 1 1 0 0]"
8,0.6115050949465193,"[1 1 1 1 0 0 1 1 1 0 1 1 0 1 1 0 1 0 1 1 0 1 1 0 0 0 1 0 0 1 1 1 1 0 0 0 0 0 1 0]"
8,0.8006713634406889,"[1 1 1 1 1 0 1 0 0 1 0 1 1 1 1 1 0 0 1 0 1 1 0 1 1 0 1 0 0 1 1 1 0 0 1 1 1 0 0 1]"
8,0.851920792092186,"[1 1 1 1 1 0 1 1 1 1 1 0 1 1 1 0 0 0 0 1 0 1 0 0 0 1 1 1 1 1 1 1 0 0 0 0 1 0 0 0]"
8,0.7197255767237211,"[1 1 1 1 0 1 1 1 1 0 1 1 0 1 1 1 1 0 1 0 1 1 0 0 1 1 1 1 1 0 1 0 1 0 1 0 1 1 0 0]"
8,0.6916827111182365,"[1 1 1 1 0 1 1 0 1 0 1 1 1 1 0 0 0 0 1 0 0 1 0 1 0 0 1 0 0 1 1 0 1 0 1 0 1 0 0 0]"
8,0.6873005086544881,"[1 1 1 1 0 1 1 0 1 0 0 1 0 1 0 0 0 0 0 0 0 0 1 1 0 0 1 1 0 0 1 1 0 0 1 0 1 0 0 0]"
8,0.719732450151073,"[1 1 1 1 0 1 1 1 1 0 1 1 0 1 1 1 1 0 1 1 1 1 0 0 0 1 1 1 1 0 1 1 1 0 1 0 1 1 0 0]"
8,0.6712939774063684,"[1 1 1 1 0 1 0 1 1 1 1 1 1 1 1 1 0 1 1 1 0 0 0 0 0 1 1 1 0 1 1 0 0 0 0 0 1 0 0 0]"
8,0.9890279791970269,"[1 1 1 1 1 1 1 1 1 0 1 1 0 1 1 1 1 0 1 1 1 1 0 0 0 1 1 1 1 0 1 0 1 0 1 0 1 1 1 1]"
8,0.7197328900247264,"[1 1 1 1 0 1 1 1 1 0 1 1 0 1 1 1 1 0 1 1 1 1 0 1 0 1 1 1 1 0 0 1 1 0 1 0 1 1 0 0]"
8,0.996051963285421,"[1 1 1 1 1 1 1 1 1 1 1 0 0 1 1 0 0 0 0 1 0 1 0 0 0 1 1 1 1 1 1 1 0 0 0 0 1 0 0 0]"
8,0.6912530766119461,"[1 1 1 1 0 1 1 0 1 0 1 1 1 0 0 0 0 0 1 1 1 0 0 0 0 1 1 1 1 0 1 0 1 0 1 0 1 0 0 0]"
8,0.18172061661013814,"[1 1 0 1 0 1 1 1 1 1 0 1 1 1 0 1 0 0 1 1 0 1 0 0 0 1 1 1 1 0 1 1 1 0 1 0 1 1 0 1]"
8,0.7316161634958922,"[1 1 1 1 1 0 0 0 0 0 0 1 1 1 1 1 1 0 1 0 1 1 0 0 1 0 0 0 0 1 0 0 0 1 1 0 1 1 0 0]"
8,0.846651799696169,"[1 1 1 1 1 0 1 1 1 1 0 0 0 1 1 0 0 0 0 1 0 1 0 0 0 1 1 1 1 1 1 1 0 0 0 0 1 1 0 0]"
8,0.8508687620697714,"[1 1 1 1 1 0 1 1 1 1 1 0 0 1 1 0 0 0 0 1 1 1 0 0 0 1 1 1 1 1 1 1 0 0 0 0 0 0 0 0]"
8,0.019628246263461418,"[1 0 1 0 1 1 0 0 1 1 0 0 1 0 1 1 0 0 1 1 0 1 0 1 0 1 1 0 1 1 0 0 0 1 0 1 0 0 0 1]"
8,0.013797008409443562,"[1 0 1 0 0 1 1 0 1 1 0 0 1 1 1 1 0 0 0 0 0 0 0 0 1 1 1 0 1 1 1 0 1 1 1 0 1 1 0 1]"
8,0.20146611027681013,"[1 1 0 1 1 0 1 0 0 0 0 1 1 0 1 0 0 0 1 0 1 1 0 1 1 0 1 1 0 0 1 1 0 0 1 1 1 0 0 0]"
8,0.6695646250125004,"[1 1 1 1 0 1 0 1 1 1 1 0 1 1 1 1 0 0 1 1 0 0 1 0 0 1 1 1 0 0 1 0 1 0 0 0 1 0 0 0]"
8,0.7967213202845681,"[1 1 1 1 1 0 1 0 0 0 1 1 1 1 1 1 0 1 1 1 1 1 0 0 1 0 1 1 0 0 1 1 0 0 1 1 1 0 0 0]"
8,0.0005014679738676549,"[0 1 1 1 0 1 1 1 1 0 1 1 1 1 1 1 0 0 1 1 0 1 0 0 1 1 1 1 0 0 1 1 1 0 1 0 1 1 1 0]"
8,0.5962685193302034,"[1 1 1 1 0 0 1 1 0 0 0 1 1 0 0 1 0 1 1 1 1 1 0 0 0 0 0 0 1 1 0 1 1 0 0 0 1 0 0 1]"
9,0.6874093974085383,"[1 1 1 1 0 1 1 0 1 0 0 1 0 1 0 1 0 0 0 0 0 0 1 1 0 0 1 1 0 0 1 1 0 0 1 0 1 0 0 0]"
9,0.9538687739123998,"[1 1 1 1 1 1 1 0 1 1 0 0 1 0 1 1 0 0 1 1 0 1 0 1 0 1 1 0 1 1 0 0 0 0 0 0 1 0 0 1]"
9,0.6916868090671598,"[1 1 1 1 0 1 1 0 1 0 1 1 1 1 0 0 0 0 1 0 1 1 1 0 1 0 1 1 1 0 1 1 0 0 1 0 1 0 0 0]"
9,0.6919056386877768,"[1 1 1 1 0 1 1 0 1 0 1 1 1 1 1 0 0 0 1 0 1 1 1 0 0 0 1 1 1 0 1 1 0 0 1 0 1 0 0 0]"
9,0.20281408253269298,"[1 1 0 1 1 0 1 0 0 0 1 1 1 1 1 1 0 1 1 0 1 1 0 0 1 0 0 1 0 0 1 1 0 0 1 1 1 0 0 0]"
9,0.6903479085492036,"[1 1 1 1 0 1 1 0 1 0 1 0 1 1 1 1 1 1 1 1 0 0 0 1 1 1 1 1 0 1 1 0 1 0 0 0 0 0 0 0]"
9,0.719787422377669,"[1 1 1 1 0 1 1 1 1 0 1 1 1 0 0 0 0 0 1 1 1 0 0 0 0 1 1 1 1 0 0 1 1 0 1 0 1 1 0 0]"
9,0.6916909738233421,"[1 1 1 1 0 1 1 0 1 0 1 1 1 1 0 0 0 0 1 1 1 0 0 0 0 1 1 1 0 1 1 1 1 0 1 0 0 0 0 0]"
9,0.00043285239645009894,"[0 1 1 1 0 1 0 1 1 1 1 1 1 1 1 1 0 1 1 1 0 0 0 0 0 1 1 1 1 1 1 0 0 0 0 1 1 0 0 0]"
9,0.824828613601906,"[1 1 1 1 1 0 1 1 0 0 0 1 1 1 0 1 1 1 1 1 1 1 0 0 0 0 1 0 0 1 1 1 0 1 1 0 1 0 1 0]"
9,0.6913625292007991,"[1 1 1 1 0 1 1 0 1 0 1 1 1 0 0 1 0 0 1 1 1 0 0 0 0 1 1 1 1 0 1 0 1 1 1 0 1 0 0 0]"
9,0.43599916308745335,"[1 1 1 0 1 0 1 1 1 0 0 1 1 0 1 1 0 1 1 1 0 0 0 0 0 1 1 1 1 1 1 0 0 0 0 0 1 0 0 0]"
9,0.04182117683969537,"[1 0 1 1 1 0 1 0 0 1 0 1 1 1 1 1 0 0 0 1 1 1 0 1 0 0 1 0 0 1 0 1 0 0 1 1 1 0 0 1]"
9,0.738731172016094,"[1 1 1 1 1 0 0 0 0 1 0 1 1 1 0 1 0 0 1 0 1 1 0 1 1 0 1 0 1 1 1 1 0 0 1 0 1 0 0 1]"
9,0.7316161916158777,"[1 1 1 1 1 0 0 0 0 0 0 1 1 1 1 1 1 0 1 0 1 1 0 0 1 0 0 1 0 1 0 0 0 1 1 0 1 1 0 0]"
9,0.7957499255764255,"[1 1 1 1 1 0 1 0 0 0 1 1 0 1 1 1 1 0 1 0 1 1 0 0 0 0 0 0 0 1 0 0 0 1 1 0 1 1 1 0]"
9,0.8466564177397998,"[1 1 1 1 1 0 1 1 1 1 0 0 0 1 1 0 0 0 0 1 1 1 0 1 0 1 1 1 1 1 1 1 0 0 0 0 1 1 0 0]"
9,0.8452551111943417,"[1 1 1 1 1 0 1 1 1 0 1 1 1 0 1 1 0 1 1 1 0 0 0 0 0 1 1 1 1 1 1 0 0 0 0 1 0 0 0 0]"
9,0.6903779688200488,"[1 1 1 1 0 1 1 0 1 0 1 1 0 0 0 0 0 0 1 1 1 0 0 0 0 1 0 1 1 0 1 1 1 0 1 0 1 1 0 0]"
9,0.7804555373753637,"[1 1 1 1 1 0 0 1 1 0 1 1 1 0 1 1 0 1 1 1 1 0 1 0 0 1 1 1 0 1 1 0 0 0 0 0 0 0 0 0]"
9,0.7352886616708544,"[1 1 1 1 1 0 0 0 0 0 1 1 1 1 1 1 0 1 1 1 1 1 0 0 1 0 1 1 0 0 1 1 0 0 1 1 1 0 0 0]"
9,0.8452551115696001,"[1 1 1 1 1 0 1 1 1 0 1 1 1 0 1 1 0 1 1 1 0 0 0 0 0 1 1 1 1 1 1 0 0 1 0 0 0 0 0 0]"
9,0.6916908603560339,"[1 1 1 1 0 1 1 0 1 0 1 1 1 1 0 0 0 0 1 1 1 0 0 0 0 0 1 1 0 0 1 1 1 0 1 1 1 0 0 0]"
9,0.9516792172876455,"[1 1 1 1 1 1 1 0 1 0 1 1 1 1 0 0 0 0 1 1 1 0 0 0 0 1 1 1 1 0 1 0 1 0 1 0 1 0 0 0]"
9,0.6912530782819348,"[1 1 1 1 0 1 1 0 1 0 1 1 1 0 0 0 0 0 1 1 1 0 0 0 0 1 1 1 1 0 1 1 1 0 1 0 1 0 0 0]"
9,0.717911743008139,"[1 1 1 1 0 1 1 1 1 0 1 0 0 1 1 1 1 0 1 0 1 1 0 0 1 1 1 1 1 0 1 0 0 0 1 0 1 1 0 0]"
9,0.49868984056880067,"[1 1 1 0 1 1 1 0 1 1 0 0 1 0 1 1 0 0 1 1 0 1 0 1 0 1 1 0 1 1 0 0 0 0 0 0 1 0 0 1]"
9,0.0006608921160488412,"[0 1 1 1 1 0 1 1 0 0 0 1 1 0 0 1 0 0 1 1 1 1 0 0 0 0 1 0 0 1 1 1 0 1 0 0 1 0 0 1]"
9,0.8268960406563215,"[1 1 1 1 1 0 1 1 0 0 1 0 1 1 1 0 0 0 0 1 0 1 0 0 0 1 1 1 1 1 1 1 0 1 0 0 1 0 0 0]"
9,0.6110641832140631,"[1 1 1 1 0 0 1 1 1 0 1 1 0 0 1 0 0 0 1 1 0 1 1 0 0 0 1 0 0 1 1 1 1 0 0 0 1 0 1 0]"
9,0.719505878113082,"[1 1 1 1 0 1 1 1 1 0 1 1 0 1 0 1 1 0 1 1 1 1 0 1 0 1 0 1 1 0 0 1 1 0 1 0 1 1 0 0]"
9,0.029097319962047972,"[1 0 1 1 0 0 1 1 1 0 1 1 1 0 1 1 0 1 1 0 0 0 0 0 0 1 1 1 1 0 1 1 0 0 0 0 0 0 0 0]"
9,0.8510007173426771,"[1 1 1 1 1 0 1 1 1 1 1 0 0 1 1 1 0 0 0 1 1 1 0 0 0 1 1 1 1 1 1 1 0 0 0 0 0 0 1 0]"
9,0.21072632751283166,"[1 1 0 1 1 0 1 1 0 0 0 1 0 1 0 1 1 0 1 0 1 0 0 0 0 0 1 0 0 1 1 1 0 0 0 0 1 0 0 1]"
9,0.7922134431090436,"[1 1 1 1 1 0 1 0 0 0 0 1 1 0 1 1 0 0 1 0 0 1 0 1 1 0 1 0 1 0 1 1 0 0 0 1 1 0 0 0]"
9,0.6912530749419575,"[1 1 1 1 0 1 1 0 1 0 1 1 1 0 0 0 0 0 1 1 1 0 0 0 0 1 1 1 1 0 0 1 1 0 1 0 1 0 0 0]"
9,0.9510956355191416,"[1 1 1 1 1 1 1 0 1 0 1 1 1 0 0 0 0 0 1 1 1 0 0 0 0 1 1 1 1 0 1 0 1 0 1 0 1 0 0 0]"
9,0.8519207880610316,"[1 1 1 1 1 0 1 1 1 1 1 0 1 1 1 0 0 0 0 1 0 1 0 0 0 1 1 1 1 1 0 1 0 0 0 0 1 0 0 0]"
9,0.032980969573396274,"[1 0 1 1 0 1 0 1 1 1 1 1 1 1 1 1 0 1 1 1 0 1 0 0 0 1 1 1 0 1 1 0 0 0 0 0 1 0 0 0]"
9,0.6875183149833527,"[1 1 1 1 0 1 1 0 1 0 0 1 0 1 1 0 0 0 0 0 0 0 1 1 0 0 1 1 1 0 1 1 0 0 1 0 1 0 0 0]"
9,0.8231681536023155,"[1 1 1 1 1 0 1 1 0 0 0 1 0 0 0 1 0 0 0 0 1 0 0 0 0 0 1 0 0 1 1 1 0 0 0 0 1 0 0 1]"
9,0.8466559045287668,"[1 1 1 1 1 0 1 1 1 1 0 0 0 1 1 0 0 0 0 1 1 1 0 0 0 1 1 1 1 1 1 1 0 0 0 0 0 0 0 0]"
9,0.7195059335145207,"[1 1 1 1 0 1 1 1 1 0 1 1 0 1 0 1 1 0 1 1 1 1 0 1 0 1 1 1 1 0 0 1 1 0 1 0 1 1 0 0]"
9,0.8452561197644073,"[1 1 1 1 1 0 1 1 1 0 1 1 1 0 1 1 0 1 1 1 0 0 1 0 0 1 1 1 0 1 1 0 0 0 0 0 0 0 0 0]"
9,0.5961609272315027,"[1 1 1 1 0 0 1 1 0 0 0 1 1 0 0 0 0 1 0 1 1 1 0 0 1 0 0 0 1 1 0 1 1 0 0 0 1 0 0 1]"
9,0.851920792092186,"[1 1 1 1 1 0 1 1 1 1 1 0 1 1 1 0 0 0 0 1 0 1 0 0 0 1 1 1 1 1 1 1 0 0 0 0 1 0 0 0]"
9,0.7197327791633381,"[1 1 1 1 0 1 1 1 1 0 1 1 0 1 1 1 1 0 1 1 1 1 0 1 0 0 1 1 1 0 0 1 1 0 1 0 1 0 0 0]"
9,0.5271276066446319,"[1 1 1 1 0 0 0 0 0 0 0 1 1 1 1 1 0 0 1 0 1 1 0 0 1 0 0 0 0 1 0 0 0 1 1 0 1 1 0 0]"
9,0.7910805226038107,"[1 1 1 1 1 0 1 0 0 0 0 1 0 0 0 1 1 1 1 1 1 1 0 0 0 0 1 0 0 0 1 1 0 1 1 0 1 0 1 0]"
9,0.719729343333812,"[1 1 1 1 0 1 1 1 1 0 1 1 0 1 1 1 1 0 1 1 0 1 0 1 0 1 1 1 1 0 0 1 1 0 1 0 1 1 0 0]"
10,0.029734625969291363,"[1 0 1 1 0 1 0 0 0 0 0 1 1 1 1 1 0 0 1 0 1 1 0 0 1 0 0 0 0 1 0 0 0 1 1 1 1 1 0 0]"
10,0.6917689497721072,"[1 1 1 1 0 1 1 0 1 0 1 1 1 1 0 0 1 1 1 0 1 1 1 0 1 0 1 1 1 1 1 1 0 0 1 0 1 0 0 0]"
10,0.7310927229081632,"[1 1 1 1 1 0 0 0 0 0 0 1 1 0 1 1 0 0 1 0 0 0 0 0 1 0 1 1 1 0 1 1 1 1 0 1 1 0 0 1]"
10,0.7954394102205868,"[1 1 1 1 1 0 1 0 0 0 1 1 0 1 0 1 0 0 1 0 1 1 0 0 0 0 0 0 0 1 0 0 0 1 0 0 1 1 1 0]"
10,0.8466564177397998,"[1 1 1 1 1 0 1 1 1 1 0 0 0 1 1 0 0 0 0 1 1 1 0 1 0 1 1 1 1 1 1 1 0 0 0 0 1 1 0 0]"
10,0.6120184387689045,"[1 1 1 1 0 0 1 1 1 0 1 1 1 0 1 1 1 1 1 1 0 0 1 0 0 1 1 1 0 1 1 0 0 0 0 0 0 0 0 0]"
10,0.0008842481376643107,"[0 1 1 1 1 1 1 0 1 0 1 1 1 1 0 0 0 0 1 1 1 0 0 0 0 1 1 1 1 0 1 0 1 1 1 0 1 0 0 0]"
10,0.6170524117603284,"[1 1 1 1 0 0 1 1 1 1 1 0 1 1 1 1 0 0 0 1 0 1 0 0 0 1 1 1 1 1 0 1 1 0 0 0 1 0 0 0]"
10,0.6111621510207481,"[1 1 1 1 0 0 1 1 1 0 1 1 0 0 1 1 0 0 1 1 0 1 1 0 0 0 1 0 1 1 1 1 1 0 1 0 1 0 1 0]"
10,0.7275397803089899,"[1 1 1 1 0 1 1 1 1 1 1 1 1 1 0 0 0 0 1 1 0 0 0 1 0 1 1 1 1 0 0 1 1 0 1 0 1 1 0 0]"
10,0.7910806432792158,"[1 1 1 1 1 0 1 0 0 0 0 1 0 0 0 1 1 1 1 1 1 1 0 0 0 1 1 0 0 0 1 1 0 1 1 0 1 0 1 0]"
10,0.03623525894833997,"[1 0 1 1 0 1 1 1 1 0 1 1 0 1 1 1 1 1 1 1 0 1 0 1 0 1 1 1 1 0 0 1 1 0 1 0 1 1 0 0]"
10,0.7251918551636621,"[1 1 1 1 0 1 1 1 1 1 1 0 0 1 1 1 1 0 1 0 1 1 0 0 1 1 1 1 1 1 1 0 0 0 1 0 1 1 0 0]"
10,0.7957499255764255,"[1 1 1 1 1 0 1 0 0 0 1 1 0 1 1 1 1 0 1 0 1 1 0 0 0 0 0 0 0 1 0 0 0 1 1 0 1 1 1 0]"
10,0.8227780131853839,"[1 1 1 1 1 0 1 1 0 0 0 0 1 1 0 1 1 1 1 1 1 1 0 0 0 0 1 0 0 1 1 1 0 1 1 0 1 0 1 0]"
10,0.7910814956675827,"[1 1 1 1 1 0 1 0 0 0 0 1 0 0 0 1 1 1 1 1 1 1 1 0 0 0 1 0 0 1 1 1 0 1 1 1 1 0 1 0]"
10,0.8516566393181505,"[1 1 1 1 1 0 1 1 1 1 1 0 1 1 0 0 0 0 0 1 0 1 0 0 0 1 1 1 1 1 0 1 0 0 0 1 1 0 0 0]"
10,0.0007069111837655252,"[0 1 1 1 1 0 1 1 1 1 1 0 1 1 1 0 0 0 0 1 0 1 0 0 0 1 1 1 1 1 1 1 0 0 0 0 1 0 0 0]"
10,0.18067157749446563,"[1 1 0 1 0 1 1 1 1 0 1 1 1 1 0 1 0 0 1 1 1 0 0 0 0 1 1 1 0 1 1 1 1 0 1 1 0 0 0 0]"
10,0.5955070169409973,"[1 1 1 1 0 0 1 1 0 0 0 1 0 0 0 1 1 0 0 0 1 0 0 0 0 0 1 1 0 1 1 1 0 0 0 0 1 0 0 1]"
10,0.8510007183494861,"[1 1 1 1 1 0 1 1 1 1 1 0 0 1 1 1 0 0 0 1 1 1 0 0 0 1 1 1 1 1 1 1 1 0 0 0 0 0 1 0]"
10,0.18049134637261327,"[1 1 0 1 0 1 1 1 1 0 1 1 0 1 1 1 1 0 1 1 0 1 0 1 0 1 1 0 1 0 0 1 1 0 1 0 1 1 0 0]"
10,0.20142305464975904,"[1 1 0 1 1 0 1 0 0 0 0 1 1 0 0 0 1 1 1 1 1 1 0 0 0 0 1 1 0 0 1 1 0 1 1 1 1 0 1 0]"
10,0.8519207885019391,"[1 1 1 1 1 0 1 1 1 1 1 0 1 1 1 0 0 0 0 1 0 1 0 0 0 1 1 1 1 1 0 1 0 1 0 0 0 0 0 0]"
10,0.9331635776937839,"[1 1 1 1 1 1 1 0 0 0 1 1 1 1 0 0 0 0 1 1 1 0 0 0 0 1 1 1 1 0 1 0 1 0 1 0 1 0 0 0]"
10,0.6919055849938157,"[1 1 1 1 0 1 1 0 1 0 1 1 1 1 1 0 0 0 1 0 1 1 1 0 0 0 0 1 1 0 1 1 0 0 0 0 1 0 0 0]"
10,0.8232321926671559,"[1 1 1 1 1 0 1 1 0 0 0 1 0 0 0 1 1 0 0 0 1 0 0 0 0 0 1 0 0 1 1 1 0 0 0 0 1 0 0 1]"
10,0.8519290439011679,"[1 1 1 1 1 0 1 1 1 1 1 0 1 1 1 0 0 0 1 0 0 1 0 0 0 1 1 1 1 1 0 1 0 0 0 0 1 0 0 0]"
10,0.4971436512836207,"[1 1 1 0 1 1 1 0 1 0 1 1 1 0 0 0 0 0 1 1 1 0 1 0 0 1 1 1 1 0 1 0 1 0 1 0 1 0 0 0]"
10,0.8458454019778362,"[1 1 1 1 1 0 1 1 1 0 1 1 1 1 1 1 1 1 1 1 0 0 0 0 0 0 1 1 1 1 1 1 1 0 0 1 0 0 0 0]"
10,0.0004607091661882856,"[0 1 1 1 0 1 1 0 1 0 1 1 1 1 0 0 0 1 1 0 1 1 1 0 1 0 1 1 1 0 1 1 0 0 1 0 1 0 0 0]"
10,0.44200991228244874,"[1 1 1 0 1 0 1 1 1 1 1 0 1 1 1 0 0 0 0 1 0 1 0 0 0 1 1 0 1 1 0 1 0 0 0 0 1 0 0 1]"
10,0.9579570574754008,"[1 1 1 1 1 1 1 0 1 1 1 0 0 1 1 1 0 0 0 1 1 1 0 0 0 1 1 1 1 1 1 0 0 1 0 0 0 0 0 0]"
10,0.8466564097223434,"[1 1 1 1 1 0 1 1 1 1 0 0 0 1 1 0 0 0 0 1 1 1 0 1 0 1 1 1 1 0 1 1 0 0 0 0 1 1 0 0]"
10,0.00069565338313587,"[0 1 1 1 1 0 1 1 1 0 1 1 1 0 1 1 0 0 1 1 0 0 0 0 0 1 1 1 1 1 1 0 0 1 0 1 0 0 0 1]"
10,0.824764462780726,"[1 1 1 1 1 0 1 1 0 0 0 1 1 1 0 1 0 1 1 1 1 1 0 0 0 0 1 0 0 1 1 1 0 1 1 0 1 0 1 0]"
10,0.6372180898781397,"[1 1 1 1 0 1 0 0 1 0 1 1 1 0 0 0 0 0 1 1 1 0 0 0 0 1 1 1 1 0 0 1 1 0 1 0 1 0 0 0]"
10,0.7206378132634204,"[1 1 1 1 0 1 1 1 1 0 1 1 1 1 1 1 1 0 1 1 0 1 0 1 0 1 1 1 1 0 1 1 1 0 1 0 1 1 0 0]"
10,0.8117950898254718,"[1 1 1 1 1 0 1 0 1 0 1 1 0 1 1 1 1 0 1 0 1 1 0 0 1 0 0 0 0 1 0 0 0 1 1 0 1 1 1 0]"
10,0.7922134440530352,"[1 1 1 1 1 0 1 0 0 0 0 1 1 0 1 1 0 0 1 0 0 1 0 1 1 0 1 0 1 0 1 1 1 0 0 1 1 0 0 0]"
10,0.8804969901265347,"[1 1 1 1 1 1 0 0 1 1 0 0 0 0 1 1 0 0 1 1 0 1 1 1 0 1 1 0 1 1 0 0 0 0 0 0 1 0 0 1]"
10,0.6916908336209872,"[1 1 1 1 0 1 1 0 1 0 1 1 1 1 0 0 0 0 1 1 1 0 0 0 0 0 1 0 0 0 1 1 1 0 1 1 1 0 0 0]"
10,0.7957499179941585,"[1 1 1 1 1 0 1 0 0 0 1 1 0 1 1 1 1 0 1 0 1 1 0 0 0 0 0 0 0 0 0 0 0 1 1 0 1 1 1 0]"
10,0.7387311717944847,"[1 1 1 1 1 0 0 0 0 1 0 1 1 1 0 1 0 0 1 0 1 1 0 1 1 0 1 0 1 1 1 1 0 0 0 0 1 0 0 1]"
10,0.7804507837786757,"[1 1 1 1 1 0 0 1 1 0 1 1 1 0 1 1 0 1 1 1 0 0 0 0 0 1 1 1 1 1 1 0 0 0 0 1 0 0 0 0]"
10,0.045452888632537936,"[1 0 1 1 1 0 1 1 1 1 1 0 1 1 1 0 0 0 0 1 0 1 0 0 0 1 1 1 1 1 1 0 0 0 0 0 1 0 0 0]"
10,0.19962990284282892,"[1 1 0 1 1 0 0 1 1 1 1 0 0 1 1 1 0 0 0 1 0 1 0 0 0 1 1 1 1 1 1 1 0 0 0 0 0 0 1 0]"
10,0.6912470922310873,"[1 1 1 1 0 1 1 0 1 0 1 1 1 0 0 0 0 0 1 0 1 0 1 0 0 1 1 1 1 0 1 1 0 0 1 0 1 0 0 0]"
10,0.04538952573164622,"[1 0 1 1 1 0 1 1 1 1 1 0 0 1 1 1 0 1 0 1 1 1 1 0 0 1 1 1 1 1 1 1 0 0 0 0 0 0 0 0]"
10,0.9562111686725765,"[1 1 1 1 1 1 1 0 1 1 0 1 1 0 1 1 0 0 1 1 0 1 0 1 0 1 1 0 1 1 1 0 0 0 0 0 1 0 0 1]"
11,0.045452888632537936,"[1 0 1 1 1 0 1 1 1 1 1 0 1 1 1 0 0 0 0 1 0 1 0 0 0 1 1 1 1 1 1 0 0 0 0 0 1 0 0 0]"
11,0.22743361249916472,"[1 1 0 1 1 1 0 0 1 1 0 0 0 0 1 1 0 0 1 1 0 1 1 1 0 1 1 0 1 1 0 0 0 0 0 0 1 0 0 1]"
11,0.8227460089996299,"[1 1 1 1 1 0 1 1 0 0 0 0 1 1 0 1 1 0 1 1 1 1 0 0 0 0 1 0 0 1 1 1 0 1 1 0 1 0 1 1]"
11,0.8519950932145016,"[1 1 1 1 1 0 1 1 1 1 1 0 1 1 1 0 1 0 1 0 0 1 0 0 0 1 1 1 1 1 0 1 0 0 0 0 1 0 0 0]"
11,0.9751374707088089,"[1 1 1 1 1 1 1 1 0 1 0 1 1 0 1 1 0 0 1 1 0 1 0 1 0 1 1 0 1 1 1 0 0 0 0 0 1 0 0 1]"
11,0.1806388671184271,"[1 1 0 1 0 1 1 1 1 0 1 1 1 1 0 0 0 0 1 1 1 0 0 0 0 1 1 1 0 1 1 1 1 0 1 1 0 0 0 0]"
11,0.6919125380795732,"[1 1 1 1 0 1 1 0 1 0 1 1 1 1 1 0 0 0 1 1 1 1 1 0 0 1 0 1 1 0 1 1 0 0 0 0 1 0 0 0]"
11,0.846131132420428,"[1 1 1 1 1 0 1 1 1 1 0 0 0 0 1 0 0 0 0 1 1 1 0 1 0 1 1 1 1 1 1 1 0 0 0 0 1 1 0 0]"
11,0.41097109894326417,"[1 1 1 0 1 0 1 0 0 0 1 1 0 1 1 1 1 1 1 0 1 1 0 0 0 0 0 0 0 1 0 0 0 1 0 1 1 1 1 0]"
11,0.8516566393338928,"[1 1 1 1 1 0 1 1 1 1 1 0 1 1 0 0 0 0 0 1 0 1 0 0 0 1 1 1 1 1 0 1 0 0 0 1 1 0 1 0]"
11,0.013742761680485757,"[1 0 1 0 0 1 1 0 1 0 1 1 1 1 1 0 0 0 1 0 1 1 1 1 0 0 0 1 1 0 1 1 0 0 0 0 1 0 0 0]"
11,0.7957499179941585,"[1 1 1 1 1 0 1 0 0 0 1 1 0 1 1 1 1 0 1 0 1 1 0 0 0 0 0 0 0 0 0 0 0 1 1 0 1 1 1 0]"
11,0.7990093149437834,"[1 1 1 1 1 0 1 0 0 1 0 1 0 0 0 1 1 1 0 1 1 1 0 0 0 1 1 0 0 0 1 1 0 1 1 0 1 0 0 0]"
11,0.6917693775764443,"[1 1 1 1 0 1 1 0 1 0 1 1 1 1 0 0 1 1 1 0 1 1 1 1 1 0 1 1 1 1 1 1 0 0 1 0 1 0 0 0]"
11,0.8531144845598783,"[1 1 1 1 1 0 1 1 1 1 1 1 0 1 1 1 0 0 0 1 1 1 0 0 0 1 1 1 0 0 1 1 1 0 0 0 0 0 1 0]"
11,0.720183451128665,"[1 1 1 1 0 1 1 1 1 0 1 1 1 0 1 1 1 0 1 1 0 1 0 1 0 1 1 1 1 0 1 1 1 0 1 0 1 1 1 1]"
11,0.9603452624220953,"[1 1 1 1 1 1 1 0 1 1 1 1 0 1 1 1 0 1 0 1 1 1 0 0 0 1 1 1 1 1 1 0 0 1 0 0 0 0 0 0]"
11,0.0005080240259894086,"[0 1 1 1 0 1 1 1 1 1 1 0 0 1 1 1 0 0 0 0 1 1 0 0 1 1 1 1 1 1 1 0 0 0 1 0 1 1 0 0]"
11,0.7910814362725971,"[1 1 1 1 1 0 1 0 0 0 0 1 0 0 0 1 1 1 1 1 1 1 1 0 0 0 0 0 0 1 1 1 1 1 1 1 1 0 1 0]"
11,0.9997243479919784,"[1 1 1 1 1 1 1 1 1 1 1 1 1 1 1 0 0 0 1 1 0 0 0 1 0 1 1 1 1 0 0 1 1 0 1 0 1 1 0 0]"
11,0.7853380151693489,"[1 1 1 1 1 0 0 1 1 1 1 0 0 0 1 1 0 1 0 1 1 1 0 0 0 1 1 1 1 1 1 1 1 0 0 0 0 0 1 0]"
11,0.8508728814290284,"[1 1 1 1 1 0 1 1 1 1 1 0 0 1 1 0 0 0 1 0 0 1 0 0 0 1 1 1 1 1 0 1 0 0 0 0 1 0 0 0]"
11,0.795747976906324,"[1 1 1 1 1 0 1 0 0 0 1 1 0 1 1 1 1 0 1 0 1 0 0 0 0 0 0 0 0 0 0 0 0 1 1 0 1 0 1 0]"
11,0.8804969901265347,"[1 1 1 1 1 1 0 0 1 1 0 0 0 0 1 1 0 0 1 1 0 1 1 1 0 1 1 0 1 1 0 0 0 0 0 0 1 0 0 1]"
11,0.8314824629503217,"[1 1 1 1 1 0 1 1 0 1 0 1 0 0 0 1 1 0 1 0 1 0 0 0 0 0 1 0 0 1 1 1 0 0 0 0 1 0 0 1]"
11,0.7910814956675827,"[1 1 1 1 1 0 1 0 0 0 0 1 0 0 0 1 1 1 1 1 1 1 1 0 0 0 1 0 0 1 1 1 0 1 1 1 1 0 1 0]"
11,0.6917689497721072,"[1 1 1 1 0 1 1 0 1 0 1 1 1 1 0 0 1 1 1 0 1 1 1 0 1 0 1 1 1 1 1 1 0 0 1 0 1 0 0 0]"
11,0.7957499255764255,"[1 1 1 1 1 0 1 0 0 0 1 1 0 1 1 1 1 0 1 0 1 1 0 0 0 0 0 0 0 1 0 0 0 1 1 0 1 1 1 0]"
11,0.8247484257770695,"[1 1 1 1 1 0 1 1 0 0 0 1 1 1 0 1 0 1 0 1 1 1 0 0 0 0 1 0 0 1 1 1 0 1 1 0 1 0 1 0]"
11,0.029165299966018417,"[1 0 1 1 0 0 1 1 1 1 0 0 0 1 1 0 0 0 0 1 1 1 0 1 0 1 1 1 1 1 1 1 0 0 0 0 1 1 0 0]"
11,0.9562123138209901,"[1 1 1 1 1 1 1 0 1 1 0 1 1 0 1 1 0 0 1 1 0 1 1 1 0 1 1 0 1 1 1 0 0 0 0 1 1 0 0 1]"
11,0.7957499179941585,"[1 1 1 1 1 0 1 0 0 0 1 1 0 1 1 1 1 0 1 0 1 1 0 0 0 0 0 0 0 0 0 0 0 1 1 0 1 1 1 0]"
11,0.7251918412148333,"[1 1 1 1 0 1 1 1 1 1 1 0 0 1 1 1 1 0 1 0 1 1 0 0 1 1 1 1 0 1 1 0 0 0 1 0 1 1 0 0]"
11,0.4295440386307358,"[1 1 1 0 1 0 1 1 0 1 0 0 0 0 0 1 1 0 0 0 1 0 1 0 0 0 1 0 0 1 1 1 0 0 0 0 1 0 0 0]"
11,0.045452298155671235,"[1 0 1 1 1 0 1 1 1 1 1 0 1 1 1 0 0 0 0 0 0 1 0 0 0 1 1 1 1 1 1 0 0 0 0 0 1 0 0 0]"
11,0.9567975745471896,"[1 1 1 1 1 1 1 0 1 1 0 1 1 1 1 1 0 0 1 1 0 1 0 1 0 1 1 0 1 1 1 0 0 0 0 0 1 0 0 1]"
11,0.7387311717944847,"[1 1 1 1 1 0 0 0 0 1 0 1 1 1 0 1 0 0 1 0 1 1 0 1 1 0 1 0 1 1 1 1 0 0 0 0 1 0 0 1]"
11,0.8222660805203912,"[1 1 1 1 1 0 1 1 0 0 0 0 1 0 0 1 1 1 1 1 1 1 0 0 0 0 1 0 0 1 1 1 0 1 1 0 1 0 1 0]"
11,0.9562157487145484,"[1 1 1 1 1 1 1 0 1 1 0 1 1 0 1 1 0 0 1 1 1 1 0 1 0 1 1 0 1 1 1 0 0 0 0 0 1 0 0 1]"
11,0.7322496755841377,"[1 1 1 1 1 0 0 0 0 0 1 0 0 1 0 1 0 0 1 0 1 1 0 0 0 0 0 0 0 1 1 0 0 1 0 0 1 1 1 0]"
11,0.40893492688554184,"[1 1 1 0 1 0 1 0 0 0 0 1 1 0 1 0 0 0 1 0 0 1 0 1 1 1 1 0 1 0 1 1 1 0 0 1 1 0 0 0]"
11,0.8232322083022406,"[1 1 1 1 1 0 1 1 0 0 0 1 0 0 0 1 1 0 0 0 1 0 0 0 0 0 1 0 1 1 1 1 0 0 0 0 1 0 0 1]"
11,0.6247173424961299,"[1 1 1 1 0 1 0 0 0 0 1 1 1 1 0 0 0 0 1 1 1 0 0 0 0 1 1 1 1 0 1 0 1 0 1 0 1 1 0 0]"
11,0.04303098880567558,"[1 0 1 1 1 0 1 0 1 1 1 0 0 1 1 1 0 1 0 1 1 1 1 0 0 1 1 1 1 1 1 1 0 0 0 0 0 0 0 0]"
11,0.8510171737785115,"[1 1 1 1 1 0 1 1 1 1 1 0 0 1 1 1 0 0 1 1 1 1 0 0 0 1 1 0 1 0 1 1 1 0 0 0 0 0 1 0]"
11,0.8232321926671559,"[1 1 1 1 1 0 1 1 0 0 0 1 0 0 0 1 1 0 0 0 1 0 0 0 0 0 1 0 0 1 1 1 0 0 0 0 1 0 0 1]"
11,0.8432426972848358,"[1 1 1 1 1 0 1 1 1 0 1 0 1 1 0 0 0 0 0 1 0 1 0 0 0 1 1 1 1 1 0 1 0 0 0 1 1 0 0 0]"
11,0.0008927299507403714,"[0 1 1 1 1 1 1 0 1 1 0 1 1 0 1 1 0 0 1 1 0 1 0 1 0 0 1 1 1 1 1 0 1 0 0 0 1 0 0 1]"
11,0.04084087557798784,"[1 0 1 1 1 0 0 1 1 1 1 0 1 1 1 0 0 0 0 1 0 1 0 0 0 1 1 1 1 1 1 0 0 0 0 0 1 1 1 0]"
11,0.846654357506271,"[1 1 1 1 1 0 1 1 1 1 0 0 0 1 1 0 0 0 0 1 1 0 0 1 0 1 1 1 1 0 1 1 0 0 1 0 1 1 0 0]"
12,0.9566509449810007,"[1 1 1 1 1 1 1 0 1 1 0 1 1 1 1 0 0 0 1 1 0 1 0 1 0 1 1 0 1 1 1 1 0 0 0 0 1 0 0 1]"
12,0.8232321926671559,"[1 1 1 1 1 0 1 1 0 0 0 1 0 0 0 1 1 0 0 0 1 0 0 0 0 0 1 0 0 1 1 1 0 0 0 0 1 0 0 1]"
12,0.20760843828027772,"[1 1 0 1 1 0 1 0 1 1 0 0 0 0 1 0 0 0 0 1 1 1 0 1 0 1 1 1 1 1 1 1 0 0 0 0 1 1 1 0]"
12,0.9600513279131928,"[1 1 1 1 1 1 1 0 1 1 1 1 0 1 0 1 0 1 0 1 1 1 0 0 1 1 1 1 1 1 1 0 0 1 0 0 0 0 0 0]"
12,0.9751281476702861,"[1 1 1 1 1 1 1 1 0 1 0 1 1 0 1 1 0 0 1 0 0 1 0 1 0 1 1 0 1 1 1 0 0 0 0 0 1 0 0 1]"
12,0.8435045013267322,"[1 1 1 1 1 0 1 1 1 0 1 0 1 1 1 0 0 0 0 1 0 1 0 0 0 1 1 1 1 1 1 1 1 0 0 1 1 0 0 0]"
12,0.8222660961389611,"[1 1 1 1 1 0 1 1 0 0 0 0 1 0 0 1 1 1 1 1 1 1 0 0 0 0 1 0 1 1 1 1 0 1 1 0 1 0 1 0]"
12,0.7910814956675827,"[1 1 1 1 1 0 1 0 0 0 0 1 0 0 0 1 1 1 1 1 1 1 1 0 0 0 1 0 0 1 1 1 0 1 1 1 1 0 1 0]"
12,0.7909782026510436,"[1 1 1 1 1 0 1 0 0 0 0 1 0 0 0 1 0 0 1 0 1 0 0 0 0 0 1 0 0 1 1 1 0 0 0 0 1 0 0 1]"
12,0.000708926040750515,"[0 1 1 1 1 0 1 1 1 1 1 1 0 1 1 1 0 0 0 1 1 1 0 0 0 1 1 1 0 0 1 1 1 0 0 0 0 0 1 0]"
12,0.9567987207471763,"[1 1 1 1 1 1 1 0 1 1 0 1 1 1 1 1 0 0 1 1 0 1 1 1 0 1 1 0 1 1 1 0 0 1 0 0 1 0 0 1]"
12,0.8187745961388775,"[1 1 1 1 1 0 1 0 1 1 1 0 1 1 1 0 1 0 1 0 0 1 0 0 1 1 1 0 1 1 0 1 0 0 0 0 1 0 0 0]"
12,0.7957479778541053,"[1 1 1 1 1 0 1 0 0 0 1 1 0 1 1 1 1 0 1 0 1 0 0 0 0 0 0 0 0 0 0 0 1 1 1 0 1 0 1 0]"
12,0.9997148136557052,"[1 1 1 1 1 1 1 1 1 1 1 1 1 1 1 0 0 0 1 0 0 0 0 1 0 1 1 1 1 0 0 1 1 0 1 0 1 1 0 0]"
12,0.8232321926671559,"[1 1 1 1 1 0 1 1 0 0 0 1 0 0 0 1 1 0 0 0 1 0 0 0 0 0 1 0 0 1 1 1 0 0 0 0 1 0 0 1]"
12,0.846131132420428,"[1 1 1 1 1 0 1 1 1 1 0 0 0 0 1 0 0 0 0 1 1 1 0 1 0 1 1 1 1 1 1 1 0 0 0 0 1 1 0 0]"
12,0.94167779851533,"[1 1 1 1 1 1 1 0 0 1 1 1 0 1 1 1 0 1 0 1 1 1 0 0 0 1 1 1 1 1 1 0 0 1 0 0 0 0 0 0]"
12,0.8516566393338928,"[1 1 1 1 1 0 1 1 1 1 1 0 1 1 0 0 0 0 0 1 0 1 0 0 0 1 1 1 1 1 0 1 0 0 0 1 1 0 1 0]"
12,0.8461311328899386,"[1 1 1 1 1 0 1 1 1 1 0 0 0 0 1 0 0 0 0 1 1 1 0 1 0 1 1 1 1 1 1 1 0 1 0 0 1 0 0 0]"
12,0.8541736679525405,"[1 1 1 1 1 0 1 1 1 1 1 1 1 1 1 1 0 0 0 1 1 1 0 1 0 1 1 1 0 0 1 1 1 0 0 0 0 0 1 0]"
12,0.823283166303185,"[1 1 1 1 1 0 1 1 0 0 0 1 0 0 0 1 1 1 1 0 1 1 1 0 0 0 0 0 0 1 1 1 1 1 1 1 1 0 1 0]"
12,0.8232321223092778,"[1 1 1 1 1 0 1 1 0 0 0 1 0 0 0 1 1 0 0 0 1 0 0 0 0 0 0 0 0 0 1 1 0 0 0 0 1 0 0 1]"
12,0.9997237518025979,"[1 1 1 1 1 1 1 1 1 1 1 1 1 1 1 0 0 0 1 1 0 0 0 0 0 1 1 1 1 0 0 1 1 0 0 0 1 1 0 0]"
12,0.8804969901265347,"[1 1 1 1 1 1 0 0 1 1 0 0 0 0 1 1 0 0 1 1 0 1 1 1 0 1 1 0 1 1 0 0 0 0 0 0 1 0 0 1]"
12,0.6919116822595468,"[1 1 1 1 0 1 1 0 1 0 1 1 1 1 1 0 0 0 1 1 1 1 0 0 0 1 0 1 1 0 1 1 0 0 0 0 0 0 0 0]"
12,0.8508545823070045,"[1 1 1 1 1 0 1 1 1 1 1 0 0 1 1 0 0 0 0 0 0 0 0 0 1 1 1 1 1 1 0 0 0 0 0 0 1 0 0 0]"
12,0.8160505305607269,"[1 1 1 1 1 0 1 0 1 1 0 1 1 0 0 1 0 0 1 1 1 1 0 1 0 1 1 0 1 1 1 0 0 0 0 0 1 0 0 1]"
12,0.4269705752945519,"[1 1 1 0 1 0 1 1 0 0 0 1 1 1 0 1 0 1 0 1 1 1 0 0 0 0 1 0 0 1 1 1 0 1 1 1 1 0 1 0]"
12,0.8232321926976931,"[1 1 1 1 1 0 1 1 0 0 0 1 0 0 0 1 1 0 0 0 1 0 0 0 0 0 1 0 0 1 1 1 0 0 0 0 1 1 0 1]"
12,0.4133230297372062,"[1 1 1 0 1 0 1 0 0 1 0 1 1 0 1 0 0 0 1 0 0 1 0 1 1 1 1 0 1 0 1 1 1 0 0 1 1 0 0 0]"
12,0.9376172398548382,"[1 1 1 1 1 1 1 0 0 1 0 1 1 0 1 1 0 0 1 1 0 1 1 1 0 1 1 0 1 1 1 0 0 0 0 1 1 0 0 1]"
12,0.9567970017273567,"[1 1 1 1 1 1 1 0 1 1 0 1 1 1 1 1 0 0 1 1 0 1 0 0 0 1 1 0 1 1 1 0 0 0 0 0 1 0 0 1]"
12,0.0006618627039387068,"[0 1 1 1 1 0 1 1 0 0 0 1 1 1 0 1 1 1 0 1 1 1 0 0 0 0 1 0 0 1 1 0 0 1 1 0 0 0 1 0]"
12,0.8222660805203912,"[1 1 1 1 1 0 1 1 0 0 0 0 1 0 0 1 1 1 1 1 1 1 0 0 0 0 1 0 0 1 1 1 0 1 1 0 1 0 1 0]"
12,0.823232196575927,"[1 1 1 1 1 0 1 1 0 0 0 1 0 0 0 1 1 0 0 0 1 0 0 0 0 0 1 0 1 0 0 1 0 0 0 0 1 0 0 1]"
12,0.7956240005897783,"[1 1 1 1 1 0 1 0 0 0 1 1 0 1 1 0 1 0 1 0 1 0 0 0 1 0 0 0 0 0 0 0 0 1 1 0 0 0 1 1]"
12,0.8250050515161413,"[1 1 1 1 1 0 1 1 0 0 0 1 1 1 1 1 0 1 0 1 1 1 0 0 0 0 1 0 0 1 1 1 0 1 1 0 1 0 1 0]"
12,0.03076775896618275,"[1 0 1 1 0 1 0 0 1 0 1 1 1 1 0 0 1 1 1 0 1 1 1 1 1 0 1 1 1 1 0 1 0 0 1 0 1 0 0 0]"
12,0.8508708197652735,"[1 1 1 1 1 0 1 1 1 1 1 0 0 1 1 0 0 0 1 0 0 0 0 0 0 1 1 1 1 1 0 1 0 0 0 0 1 0 0 0]"
12,0.8241452523122601,"[1 1 1 1 1 0 1 1 0 0 0 1 1 0 0 0 1 0 1 0 1 0 0 0 0 0 1 0 1 1 1 1 0 0 0 0 1 0 0 1]"
12,0.6247173485945219,"[1 1 1 1 0 1 0 0 0 0 1 1 1 1 0 0 0 0 1 1 1 0 0 0 0 1 1 1 1 1 1 0 1 0 1 0 1 1 0 0]"
12,0.7387311717944847,"[1 1 1 1 1 0 0 0 0 1 0 1 1 1 0 1 0 0 1 0 1 1 0 1 1 0 1 0 1 1 1 1 0 0 0 0 1 0 0 1]"
12,0.7957499179941585,"[1 1 1 1 1 0 1 0 0 0 1 1 0 1 1 1 1 0 1 0 1 1 0 0 0 0 0 0 0 0 0 0 0 1 1 0 1 1 1 0]"
12,0.6376979243576586,"[1 1 1 1 0 1 0 0 1 0 1 1 1 1 0 0 1 1 1 0 1 1 1 1 1 0 1 1 1 1 1 1 0 0 1 0 1 0 0 0]"
12,0.7910814362725971,"[1 1 1 1 1 0 1 0 0 0 0 1 0 0 0 1 1 1 1 1 1 1 1 0 0 0 0 0 0 1 1 1 1 1 1 1 1 0 1 0]"
12,0.7917816197067727,"[1 1 1 1 1 0 1 0 0 0 0 1 0 1 1 1 1 0 1 0 1 0 0 0 0 0 0 0 0 0 0 0 1 1 1 0 1 0 1 0]"
12,0.822746259050939,"[1 1 1 1 1 0 1 1 0 0 0 0 1 1 0 1 1 0 1 1 1 1 0 0 1 0 1 0 0 1 1 1 0 1 1 0 1 1 1 0]"
12,0.9751374712778443,"[1 1 1 1 1 1 1 1 0 1 0 1 1 0 1 1 0 0 1 1 0 1 0 1 0 1 1 0 1 1 1 0 0 1 0 0 1 0 0 1]"
12,0.999705279401268,"[1 1 1 1 1 1 1 1 1 1 1 1 1 1 1 0 0 0 0 1 0 0 0 1 0 1 1 1 1 0 0 1 1 0 1 0 1 1 0 0]"
12,0.0007018099565917649,"[0 1 1 1 1 0 1 1 1 1 0 1 0 1 1 1 0 0 0 1 1 1 0 0 0 1 1 1 0 0 1 1 1 0 0 0 0 0 1 0]"
13,0.21284318371886604,"[1 1 0 1 1 0 1 1 0 1 0 0 1 1 0 1 1 0 1 1 1 1 1 0 1 0 1 0 0 1 1 1 0 1 1 0 1 1 1 0]"
13,0.8232321926671559,"[1 1 1 1 1 0 1 1 0 0 0 1 0 0 0 1 1 0 0 0 1 0 0 0 0 0 1 0 0 1 1 1 0 0 0 0 1 0 0 1]"
13,0.8756105767488317,"[1 1 1 1 1 1 0 0 1 0 0 1 1 1 1 1 0 0 1 1 0 1 1 1 0 1 1 0 1 1 1 0 0 1 0 0 1 0 0 1]"
13,0.05069611570937573,"[1 0 1 1 1 1 0 1 1 1 1 1 1 1 1 0 0 0 1 1 0 0 0 0 0 1 1 1 1 0 0 1 1 0 0 0 1 0 0 0]"
13,0.8541736679525405,"[1 1 1 1 1 0 1 1 1 1 1 1 1 1 1 1 0 0 0 1 1 1 0 1 0 1 1 1 0 0 1 1 1 0 0 0 0 0 1 0]"
13,0.8232321926671559,"[1 1 1 1 1 0 1 1 0 0 0 1 0 0 0 1 1 0 0 0 1 0 0 0 0 0 1 0 0 1 1 1 0 0 0 0 1 0 0 1]"
13,0.8474402060170403,"[1 1 1 1 1 0 1 1 1 1 0 0 1 1 0 0 0 0 0 1 0 1 0 0 0 1 0 1 1 1 0 1 0 0 0 1 1 0 1 0]"
13,0.9474549454476208,"[1 1 1 1 1 1 1 0 1 0 0 1 1 1 1 1 0 0 1 1 0 1 1 1 0 1 1 0 1 1 1 0 0 1 0 0 1 1 0 1]"
13,0.7382665550081301,"[1 1 1 1 1 0 0 0 0 1 0 1 1 0 0 1 0 0 1 0 1 1 0 1 1 0 1 0 1 1 1 1 0 0 0 0 1 0 0 1]"
13,0.8211851030932346,"[1 1 1 1 1 0 1 1 0 0 0 0 0 0 0 1 1 0 0 0 1 0 0 0 0 0 0 0 0 1 1 1 0 1 0 0 1 0 0 1]"
13,0.0008938249680883901,"[0 1 1 1 1 1 1 0 1 1 0 1 1 1 1 1 0 0 1 1 0 0 0 0 0 1 1 0 1 1 1 0 0 0 0 0 0 0 0 1]"
13,0.9905971565589611,"[1 1 1 1 1 1 1 1 1 1 0 0 0 0 1 0 0 0 0 1 1 1 0 1 0 1 1 1 1 1 1 1 0 0 0 0 1 1 0 0]"
13,0.9799260983083432,"[1 1 1 1 1 1 1 1 0 1 1 1 1 0 1 1 0 0 1 1 1 1 0 1 0 1 1 0 1 1 1 0 0 1 0 0 1 0 0 1]"
13,0.2629898342363595,"[1 1 0 1 1 1 1 1 1 1 1 1 1 1 1 0 0 0 1 0 0 0 0 1 0 1 1 1 1 0 0 1 1 0 1 0 1 1 0 0]"
13,0.8461306200593836,"[1 1 1 1 1 0 1 1 1 1 0 0 0 0 1 0 0 0 0 1 1 1 0 0 0 1 1 1 1 1 1 1 0 1 0 0 1 0 0 0]"
13,0.5003237443386586,"[1 1 1 0 1 1 1 0 1 1 0 1 1 1 1 1 0 0 1 1 0 1 0 1 0 1 0 0 1 1 0 0 0 1 0 0 1 0 1 1]"
13,0.9751374712778443,"[1 1 1 1 1 1 1 1 0 1 0 1 1 0 1 1 0 0 1 1 0 1 0 1 0 1 1 0 1 1 1 0 0 1 0 0 1 0 0 1]"
13,0.40837875327923046,"[1 1 1 0 1 0 1 0 0 0 0 1 0 0 0 1 1 1 1 1 1 1 1 0 0 0 0 0 0 1 1 1 1 1 1 1 1 0 1 0]"
13,0.9800500605218982,"[1 1 1 1 1 1 1 1 0 1 1 1 1 1 0 0 0 0 0 1 0 0 0 1 0 0 1 1 1 0 0 1 0 0 1 0 1 0 0 0]"
13,0.846131132420428,"[1 1 1 1 1 0 1 1 1 1 0 0 0 0 1 0 0 0 0 1 1 1 0 1 0 1 1 1 1 1 1 1 0 0 0 0 1 1 0 0]"
13,0.6376979243697921,"[1 1 1 1 0 1 0 0 1 0 1 1 1 1 0 0 1 1 1 0 1 1 1 1 1 0 1 1 1 1 1 1 0 0 1 0 1 0 1 0]"
13,0.9381934085478584,"[1 1 1 1 1 1 1 0 0 1 0 1 1 1 1 1 0 0 1 1 0 1 1 1 0 1 1 1 1 1 1 0 0 0 0 1 1 0 0 1]"
13,0.02457630713185206,"[1 0 1 1 0 0 0 0 1 0 1 1 1 0 0 0 1 1 1 0 1 1 1 1 1 1 1 0 1 1 0 1 0 0 1 0 1 0 0 0]"
13,0.826847928765478,"[1 1 1 1 1 0 1 1 0 0 1 0 1 1 0 1 1 0 1 1 0 1 0 0 1 0 1 1 0 1 1 1 0 1 1 0 1 1 1 0]"
13,0.5720232584899825,"[1 1 1 1 0 0 1 0 0 0 0 1 0 1 1 1 1 0 1 0 1 1 1 0 0 0 0 0 1 0 0 1 0 1 1 0 1 0 1 0]"
13,0.9997142177624054,"[1 1 1 1 1 1 1 1 1 1 1 1 1 1 1 0 0 0 1 0 0 0 0 0 0 1 1 1 1 0 0 1 1 0 1 0 1 1 0 0]"
13,0.00024251475271731135,"[0 1 1 0 1 1 1 1 0 1 0 1 1 0 1 1 0 0 1 0 0 1 0 1 0 1 1 1 1 1 1 0 0 0 0 0 1 0 0 1]"
13,0.847239499993762,"[1 1 1 1 1 0 1 1 1 1 0 0 1 0 1 0 1 0 0 0 1 1 0 1 0 1 1 1 1 1 1 1 0 1 0 0 1 0 0 0]"
13,0.000659697042088311,"[0 1 1 1 1 0 1 1 0 0 0 1 0 0 1 1 1 0 0 0 1 0 0 0 0 0 1 0 1 0 0 1 0 0 0 0 1 0 0 1]"
13,0.823234192036326,"[1 1 1 1 1 0 1 1 0 0 0 1 0 0 0 1 1 0 0 0 1 1 0 0 0 0 1 0 0 1 1 0 0 0 0 0 1 1 0 1]"
13,0.4414557968809422,"[1 1 1 0 1 0 1 1 1 1 1 0 0 1 1 0 1 0 0 0 0 0 0 0 1 1 1 1 1 1 0 0 0 1 0 0 1 1 0 0]"
13,0.9997148229665407,"[1 1 1 1 1 1 1 1 1 1 1 1 1 1 1 0 0 0 1 0 0 0 0 1 0 1 1 1 1 1 0 1 1 0 1 0 1 1 0 0]"
13,0.8241452366615695,"[1 1 1 1 1 0 1 1 0 0 0 1 1 0 0 0 1 0 1 0 1 0 0 0 0 0 1 0 0 1 1 1 0 0 0 0 1 0 0 1]"
13,0.4432547438950567,"[1 1 1 0 1 0 1 1 1 1 1 1 1 1 1 1 0 0 0 1 0 0 0 1 0 1 1 1 0 0 1 1 1 0 0 0 0 0 1 0]"
13,0.8273400351393544,"[1 1 1 1 1 0 1 1 0 0 1 1 0 0 0 1 1 0 0 0 1 0 0 0 0 0 1 0 1 0 0 1 0 0 0 0 1 0 1 1]"
13,0.823232692990001,"[1 1 1 1 1 0 1 1 0 0 0 1 0 0 0 1 1 0 0 0 1 0 0 1 0 0 1 0 0 1 1 1 0 0 0 0 1 0 0 1]"
13,0.04412007310860484,"[1 0 1 1 1 0 1 1 0 1 0 1 1 1 1 1 0 0 0 1 1 1 0 0 0 0 1 0 0 1 1 1 0 1 1 0 1 0 1 0]"
13,0.8232341920515946,"[1 1 1 1 1 0 1 1 0 0 0 1 0 0 0 1 1 0 0 0 1 1 0 0 0 0 1 0 0 1 1 0 0 0 0 0 1 1 1 1]"
13,0.8503269533199163,"[1 1 1 1 1 0 1 1 1 1 1 0 0 0 1 0 0 0 0 0 0 0 0 0 1 1 1 1 1 1 0 0 0 0 0 0 1 0 0 0]"
13,0.8036092886527115,"[1 1 1 1 1 0 1 0 0 1 1 1 0 1 1 0 1 0 1 0 1 0 0 0 1 0 0 0 0 0 0 0 0 1 0 0 0 0 1 1]"
13,0.7927348853632463,"[1 1 1 1 1 0 1 0 0 0 0 1 1 1 1 1 0 1 0 1 1 1 0 0 0 0 1 1 0 1 1 1 0 1 1 0 1 0 1 0]"
13,0.7956237731541931,"[1 1 1 1 1 0 1 0 0 0 1 1 0 1 1 0 1 0 1 0 1 0 0 0 0 0 0 0 1 0 0 0 0 1 1 0 0 0 1 1]"
13,0.9566870282751883,"[1 1 1 1 1 1 1 0 1 1 0 1 1 1 1 0 0 1 1 1 0 1 0 0 0 1 1 0 1 1 1 1 0 0 0 0 1 0 0 1]"
13,0.8519269638096605,"[1 1 1 1 1 0 1 1 1 1 1 0 1 1 1 0 0 0 1 0 0 0 0 0 0 1 1 1 0 1 0 1 0 0 0 0 1 0 0 0]"
13,0.8247967892286295,"[1 1 1 1 1 0 1 1 0 0 0 1 1 1 0 1 1 0 1 1 1 1 0 0 1 0 1 0 0 1 1 1 1 1 1 0 1 1 1 0]"
13,0.030767759016916436,"[1 0 1 1 0 1 0 0 1 0 1 1 1 1 0 0 1 1 1 0 1 1 1 1 1 0 1 1 1 1 0 1 1 0 1 0 1 0 0 0]"
13,0.8232322053706622,"[1 1 1 1 1 0 1 1 0 0 0 1 0 0 0 1 1 0 0 0 1 0 0 0 0 0 1 0 1 1 0 1 1 0 0 0 1 0 0 1]"
13,0.7295743585287664,"[1 1 1 1 1 0 0 0 0 0 0 0 1 1 0 1 1 1 1 0 1 1 0 0 1 0 1 0 0 1 1 1 0 1 1 1 1 1 1 1]"
13,0.6376979243576586,"[1 1 1 1 0 1 0 0 1 0 1 1 1 1 0 0 1 1 1 0 1 1 1 1 1 0 1 1 1 1 1 1 0 0 1 0 1 0 0 0]"
13,0.000692779597291403,"[0 1 1 1 1 0 1 1 1 0 1 0 1 1 1 0 0 0 0 1 0 1 0 0 0 1 1 0 1 1 1 1 1 0 0 1 1 0 0 0]"
14,0.00023217507623504277,"[0 1 1 0 1 1 1 0 1 1 0 1 1 1 1 1 0 0 1 1 0 1 0 1 0 1 1 0 1 1 0 0 0 1 0 0 1 0 1 1]"
14,0.9800010150717112,"[1 1 1 1 1 1 1 1 0 1 1 1 1 0 1 1 1 0 1 1 1 1 0 1 0 1 1 0 1 1 1 0 0 1 0 0 1 0 0 1]"
14,0.5222881082580858,"[1 1 1 0 1 1 1 1 1 1 1 0 0 1 1 0 1 0 0 0 0 0 0 0 1 1 0 1 1 1 1 0 0 0 0 0 1 1 0 0]"
14,0.8584232755565021,"[1 1 1 1 1 1 0 0 0 0 0 1 1 1 1 1 0 0 1 0 0 0 1 1 0 1 1 0 1 1 1 0 0 1 0 0 1 1 0 1]"
14,0.8519269638096605,"[1 1 1 1 1 0 1 1 1 1 1 0 1 1 1 0 0 0 1 0 0 0 0 0 0 1 1 1 0 1 0 1 0 0 0 0 1 0 0 0]"
14,0.09863317330736691,"[1 1 0 0 1 0 1 1 0 0 0 1 0 0 0 1 1 0 0 0 0 0 0 0 0 0 1 0 1 1 0 1 1 0 0 0 1 0 0 1]"
14,0.8232283127314133,"[1 1 1 1 1 0 1 1 0 0 0 1 0 0 0 1 1 0 0 0 0 0 0 0 0 1 1 0 0 1 0 1 1 1 0 0 1 0 0 1]"
14,0.9992737640208674,"[1 1 1 1 1 1 1 1 1 1 1 1 1 0 1 1 0 0 1 1 1 1 0 1 0 0 1 0 1 1 1 0 0 0 0 0 1 0 0 1]"
14,0.4306860762951034,"[1 1 1 0 1 0 1 1 0 1 0 1 0 0 0 1 1 0 0 0 1 0 0 0 0 1 1 0 0 1 1 1 0 0 0 0 1 0 0 1]"
14,0.4083787532711061,"[1 1 1 0 1 0 1 0 0 0 0 1 0 0 0 1 1 1 1 1 1 1 1 0 0 0 0 0 0 1 1 1 1 1 1 1 1 0 0 0]"
14,0.8232322278613656,"[1 1 1 1 1 0 1 1 0 0 0 1 0 0 0 1 1 0 0 0 1 0 0 0 0 0 1 1 1 0 0 1 0 0 0 0 1 0 1 1]"
14,0.9656372094003229,"[1 1 1 1 1 1 1 1 0 0 0 1 1 0 1 1 0 0 1 1 1 1 0 1 0 1 1 0 1 1 1 0 0 1 0 0 1 0 1 1]"
14,0.9563938153863933,"[1 1 1 1 1 1 1 0 1 1 0 1 1 1 0 0 0 1 1 1 0 1 0 0 0 1 1 0 1 1 1 1 0 0 0 0 1 0 0 1]"
14,0.02934251910492058,"[1 0 1 1 0 0 1 1 1 1 1 0 0 0 1 0 0 0 0 0 0 0 0 0 1 1 1 1 1 0 0 0 0 0 0 0 1 0 0 0]"
14,0.8457375906329141,"[1 1 1 1 1 0 1 1 1 0 1 1 1 1 1 1 0 0 0 1 1 1 0 1 1 1 1 1 0 0 0 1 1 1 0 0 0 0 1 0]"
14,0.637693948491776,"[1 1 1 1 0 1 0 0 1 0 1 1 1 1 0 0 1 1 1 0 0 1 0 1 1 0 1 1 1 1 1 1 0 0 1 0 1 0 0 1]"
14,0.9799260982368995,"[1 1 1 1 1 1 1 1 0 1 1 1 1 0 1 1 0 0 1 1 1 1 0 1 0 1 1 0 1 1 1 0 0 1 0 0 0 0 0 1]"
14,0.9997148136557052,"[1 1 1 1 1 1 1 1 1 1 1 1 1 1 1 0 0 0 1 0 0 0 0 1 0 1 1 1 1 0 0 1 1 0 1 0 1 1 0 0]"
14,0.8461639541577985,"[1 1 1 1 1 0 1 1 1 1 0 0 0 0 1 0 0 1 0 1 1 1 0 1 0 1 1 1 1 1 1 1 0 0 0 0 1 1 0 0]"
14,0.823234192036326,"[1 1 1 1 1 0 1 1 0 0 0 1 0 0 0 1 1 0 0 0 1 1 0 0 0 0 1 0 0 1 1 0 0 0 0 0 1 1 0 1]"
14,0.9381934085478584,"[1 1 1 1 1 1 1 0 0 1 0 1 1 1 1 1 0 0 1 1 0 1 1 1 0 1 1 1 1 1 1 0 0 0 0 1 1 0 0 1]"
14,0.9905971565589611,"[1 1 1 1 1 1 1 1 1 1 0 0 0 0 1 0 0 0 0 1 1 1 0 1 0 1 1 1 1 1 1 1 0 0 0 0 1 1 0 0]"
14,0.9905971565228893,"[1 1 1 1 1 1 1 1 1 1 0 0 0 0 1 0 0 0 0 1 1 1 0 1 0 1 1 1 1 1 1 1 0 0 0 0 1 0 0 0]"
14,0.209971409858045,"[1 1 0 1 1 0 1 1 0 0 0 0 0 0 0 1 1 0 0 0 1 0 0 0 0 0 1 0 1 1 0 1 1 0 0 0 1 0 0 1]"
14,0.8519929812300917,"[1 1 1 1 1 0 1 1 1 1 1 0 1 1 1 0 1 0 1 0 0 0 0 0 0 1 1 0 0 1 0 1 0 1 0 0 1 0 0 0]"
14,0.999764249153696,"[1 1 1 1 1 1 1 1 1 1 1 1 1 1 1 0 0 1 1 1 0 1 0 0 0 1 1 0 1 1 1 1 0 0 0 0 1 0 0 1]"
14,0.9566873146554382,"[1 1 1 1 1 1 1 0 1 1 0 1 1 1 1 0 0 1 1 1 0 1 0 0 1 1 1 0 1 1 1 1 0 0 0 0 1 0 0 1]"
14,0.8273400352927263,"[1 1 1 1 1 0 1 1 0 0 1 1 0 0 0 1 1 0 0 0 1 0 0 0 0 0 1 0 1 0 0 1 0 0 0 1 1 1 1 1]"
14,0.9473093900007266,"[1 1 1 1 1 1 1 0 1 0 0 1 1 1 1 0 0 0 1 1 0 1 1 1 0 0 0 0 1 1 1 0 0 1 0 0 1 1 0 1]"
14,0.8474412170587368,"[1 1 1 1 1 0 1 1 1 1 0 0 1 1 0 0 0 0 0 1 0 1 1 0 0 1 0 1 0 1 0 1 0 0 0 1 1 0 1 0]"
14,0.44229717300497,"[1 1 1 0 1 0 1 1 1 1 1 1 0 0 1 0 0 0 0 0 0 0 0 0 1 1 1 1 1 1 1 1 0 0 0 0 1 1 0 0]"
14,0.5955070870347955,"[1 1 1 1 0 0 1 1 0 0 0 1 0 0 0 1 1 0 0 0 1 0 0 0 0 1 1 0 0 1 1 1 0 0 0 0 1 0 0 1]"
14,0.9972784953497794,"[1 1 1 1 1 1 1 1 1 1 1 0 1 1 1 0 0 0 1 0 0 1 0 0 0 1 1 1 1 0 0 0 1 0 1 0 1 1 1 0]"
14,0.7295743584055027,"[1 1 1 1 1 0 0 0 0 0 0 0 1 1 0 1 1 1 1 0 1 1 0 0 1 0 1 0 0 1 1 1 0 1 1 0 1 1 0 1]"
14,0.8247967892286295,"[1 1 1 1 1 0 1 1 0 0 0 1 1 1 0 1 1 0 1 1 1 1 0 0 1 0 1 0 0 1 1 1 1 1 1 0 1 1 1 0]"
14,0.7295169084933231,"[1 1 1 1 1 0 0 0 0 0 0 0 1 1 0 1 0 1 1 0 1 1 0 0 1 0 1 0 0 0 1 1 0 1 1 1 1 1 1 1]"
14,0.9800500605218982,"[1 1 1 1 1 1 1 1 0 1 1 1 1 1 0 0 0 0 0 1 0 0 0 1 0 0 1 1 1 0 0 1 0 0 1 0 1 0 0 0]"
14,0.8531108680979315,"[1 1 1 1 1 0 1 1 1 1 1 1 0 1 1 1 0 0 0 1 0 1 0 1 0 1 1 1 0 0 1 1 1 0 0 0 0 0 1 0]"
14,0.6361728290613592,"[1 1 1 1 0 1 0 0 1 0 1 0 1 1 0 1 1 1 1 0 1 1 1 1 1 0 1 1 1 1 1 1 0 0 1 0 1 0 1 0]"
14,0.8232338187174032,"[1 1 1 1 1 0 1 1 0 0 0 1 0 0 0 1 1 0 0 0 1 0 1 1 0 1 1 0 0 1 1 1 0 0 0 0 1 0 0 1]"
14,0.9944002562697032,"[1 1 1 1 1 1 1 1 1 1 0 1 1 0 1 1 0 0 1 1 0 1 0 1 0 1 1 0 1 1 1 0 0 1 0 0 1 0 1 1]"
14,0.7532654701707907,"[1 1 1 1 1 0 0 0 1 1 0 1 1 0 0 1 0 0 1 0 1 1 0 1 1 0 1 0 1 1 1 1 0 0 0 0 0 0 0 1]"
14,0.8232331894043444,"[1 1 1 1 1 0 1 1 0 0 0 1 0 0 0 1 1 0 0 0 1 0 1 0 0 0 1 0 0 1 0 1 0 0 0 0 1 0 0 1]"
14,0.971400747978866,"[1 1 1 1 1 1 1 1 0 1 0 0 0 0 1 0 0 0 0 1 1 1 0 1 0 1 1 1 1 1 0 1 0 0 0 0 0 0 0 0]"
14,0.8540433267666054,"[1 1 1 1 1 0 1 1 1 1 1 1 1 1 1 0 0 0 1 0 0 0 0 1 0 1 1 0 1 1 0 1 1 0 1 0 1 1 0 0]"
14,0.8141860469097343,"[1 1 1 1 1 0 1 0 1 1 0 0 1 0 1 0 1 0 0 0 1 1 0 1 0 1 1 1 1 1 1 1 0 1 0 0 1 0 0 0]"
14,0.9997195901244876,"[1 1 1 1 1 1 1 1 1 1 1 1 1 1 1 0 0 0 1 0 1 0 0 1 0 1 1 1 1 1 0 1 1 0 1 0 1 1 0 0]"
14,0.8461306210610055,"[1 1 1 1 1 0 1 1 1 1 0 0 0 0 1 0 0 0 0 1 1 1 0 0 0 1 1 1 1 1 1 1 1 1 0 0 1 0 0 0]"
14,0.0005596462151199636,"[0 1 1 1 1 0 0 1 0 0 0 1 0 0 0 1 1 0 0 0 1 1 0 0 0 0 1 0 0 1 1 1 0 0 0 0 1 1 0 0]"
14,0.9381934107462411,"[1 1 1 1 1 1 1 0 0 1 0 1 1 1 1 1 0 0 1 1 0 1 1 1 0 1 1 1 1 1 1 1 0 0 0 1 1 0 0 1]"
15,0.823777644945669,"[1 1 1 1 1 0 1 1 0 0 0 1 0 1 0 1 1 1 0 0 1 0 1 0 0 0 0 0 0 1 1 1 0 1 0 0 1 0 1 1]"
15,0.8252196330677328,"[1 1 1 1 1 0 1 1 0 0 1 0 0 0 0 1 0 0 0 0 1 0 0 0 0 0 1 0 1 0 0 1 0 0 0 1 1 1 0 1]"
15,9.479452111513677e-07,"[0 0 1 1 1 1 1 1 1 1 1 1 0 1 1 0 0 0 1 0 0 0 0 1 0 1 1 1 1 0 0 1 1 0 1 0 1 1 0 0]"
15,0.823232227800291,"[1 1 1 1 1 0 1 1 0 0 0 1 0 0 0 1 1 0 0 0 1 0 0 0 0 0 1 1 1 0 0 1 0 0 0 0 0 0 1 1]"
15,0.8164591557990291,"[1 1 1 1 1 0 1 0 1 1 0 1 1 1 0 0 0 1 1 1 0 1 0 0 0 1 1 0 1 1 1 1 0 0 0 0 1 0 0 1]"
15,0.9799260982368995,"[1 1 1 1 1 1 1 1 0 1 1 1 1 0 1 1 0 0 1 1 1 1 0 1 0 1 1 0 1 1 1 0 0 1 0 0 0 0 0 1]"
15,0.9940966617393763,"[1 1 1 1 1 1 1 1 1 1 0 1 1 0 0 1 0 0 1 1 0 1 0 1 0 1 1 0 1 1 1 0 1 1 0 0 0 0 1 1]"
15,0.9563938153863933,"[1 1 1 1 1 1 1 0 1 1 0 1 1 1 0 0 0 1 1 1 0 1 0 0 0 1 1 0 1 1 1 1 0 0 0 0 1 0 0 1]"
15,0.9906160505406247,"[1 1 1 1 1 1 1 1 1 1 0 0 0 0 1 0 0 0 1 1 1 1 0 1 0 1 1 1 0 1 1 1 0 0 1 0 1 1 0 0]"
15,0.8482335226168498,"[1 1 1 1 1 0 1 1 1 1 0 1 0 0 1 0 0 0 0 1 1 1 0 0 0 1 1 1 1 1 1 1 1 1 0 0 1 0 0 0]"
15,0.9992737640208674,"[1 1 1 1 1 1 1 1 1 1 1 1 1 0 1 1 0 0 1 1 1 1 0 1 0 0 1 0 1 1 1 0 0 0 0 0 1 0 0 1]"
15,0.9563802855033745,"[1 1 1 1 1 1 1 0 1 1 0 1 1 1 0 0 0 1 0 1 1 1 0 0 1 1 0 0 1 1 1 0 0 0 0 0 1 0 0 1]"
15,0.9794511179551798,"[1 1 1 1 1 1 1 1 0 1 1 1 1 0 0 0 0 0 0 1 0 0 0 1 1 0 1 1 0 0 0 1 0 0 1 0 1 0 0 0]"
15,0.043411823169961936,"[1 0 1 1 1 0 1 1 0 0 0 1 0 0 0 1 1 0 0 0 1 1 0 0 0 0 1 0 0 1 1 0 1 0 0 0 1 1 0 1]"
15,0.8531108680979315,"[1 1 1 1 1 0 1 1 1 1 1 1 0 1 1 1 0 0 0 1 0 1 0 1 0 1 1 1 0 0 1 1 1 0 0 0 0 0 1 0]"
15,0.9800500605308297,"[1 1 1 1 1 1 1 1 0 1 1 1 1 1 0 0 0 0 0 1 0 0 0 1 0 0 1 1 1 0 0 1 0 0 1 0 1 0 0 1]"
15,0.9997147950340348,"[1 1 1 1 1 1 1 1 1 1 1 1 1 1 1 0 0 0 1 0 0 0 0 1 0 1 1 1 0 0 0 1 1 0 1 0 1 1 0 0]"
15,0.9902945691913443,"[1 1 1 1 1 1 1 1 1 1 0 0 0 0 0 0 0 0 0 1 1 1 0 1 0 1 1 0 1 1 1 1 0 0 0 0 1 0 0 0]"
15,0.9997147391690253,"[1 1 1 1 1 1 1 1 1 1 1 1 1 1 1 0 0 0 1 0 0 0 0 1 0 1 0 1 1 0 0 1 1 0 1 0 1 1 0 0]"
15,0.8410557983110316,"[1 1 1 1 1 0 1 1 1 0 0 1 1 0 1 1 0 1 0 1 1 0 0 1 1 1 1 1 1 0 0 1 1 1 0 1 0 0 1 1]"
15,0.8474412170587368,"[1 1 1 1 1 0 1 1 1 1 0 0 1 1 0 0 0 0 0 1 0 1 1 0 0 1 0 1 0 1 0 1 0 0 0 1 1 0 1 0]"
15,0.7129889627780914,"[1 1 1 1 0 1 1 1 0 1 1 1 1 1 0 0 0 0 0 1 0 0 0 1 0 0 1 1 1 0 0 1 0 0 1 0 1 0 0 0]"
15,0.8232338187174032,"[1 1 1 1 1 0 1 1 0 0 0 1 0 0 0 1 1 0 0 0 1 0 1 1 0 1 1 0 0 1 1 1 0 0 0 0 1 0 0 1]"
15,0.9961258332969891,"[1 1 1 1 1 1 1 1 1 1 1 0 0 1 1 0 1 0 0 1 0 0 0 0 1 1 0 1 1 1 1 0 0 0 0 0 1 1 1 0]"
15,0.8477093899196959,"[1 1 1 1 1 0 1 1 1 1 0 0 1 1 1 0 0 0 1 0 0 0 0 0 0 1 1 1 0 1 0 1 0 0 0 0 1 0 0 0]"
15,0.999764249153696,"[1 1 1 1 1 1 1 1 1 1 1 1 1 1 1 0 0 1 1 1 0 1 0 0 0 1 1 0 1 1 1 1 0 0 0 0 1 0 0 1]"
15,0.2015945454026968,"[1 1 0 1 1 0 1 0 0 0 0 1 1 1 0 1 1 0 1 1 1 1 0 0 1 0 1 0 0 1 1 1 1 1 1 0 1 1 1 0]"
15,0.8531770059232004,"[1 1 1 1 1 0 1 1 1 1 1 1 0 1 1 1 1 0 0 1 0 1 0 1 0 1 1 1 0 1 1 0 1 0 0 0 0 0 1 0]"
15,0.0001563009130128107,"[0 1 1 0 1 0 1 0 1 0 0 1 0 0 0 1 1 1 1 1 1 1 1 0 0 0 0 0 0 1 1 1 1 1 0 0 1 0 0 0]"
15,0.9800500605218982,"[1 1 1 1 1 1 1 1 0 1 1 1 1 1 0 0 0 0 0 1 0 0 0 1 0 0 1 1 1 0 0 1 0 0 1 0 1 0 0 0]"
15,0.8085205424993229,"[1 1 1 1 1 0 1 0 1 0 0 1 1 1 0 1 1 0 1 1 1 1 0 0 1 0 1 0 0 1 1 1 1 1 1 0 1 1 1 0]"
15,0.000957397239850727,"[0 1 1 1 1 1 1 1 1 0 1 1 1 1 1 1 0 0 0 1 1 1 0 1 1 1 1 1 0 0 0 1 1 1 0 1 0 0 1 0]"
15,0.8231697805082137,"[1 1 1 1 1 0 1 1 0 0 0 1 0 0 0 1 0 0 0 0 1 0 1 1 0 1 1 0 0 1 1 1 1 0 0 0 1 0 0 0]"
15,0.8232323510182075,"[1 1 1 1 1 0 1 1 0 0 0 1 0 0 0 1 1 0 0 0 1 0 0 0 0 1 1 1 1 0 0 0 0 0 0 0 1 1 1 1]"
15,0.9799214069655756,"[1 1 1 1 1 1 1 1 0 1 1 1 1 0 1 1 0 0 1 1 0 1 0 1 0 1 1 0 1 0 1 0 0 1 0 0 0 0 0 1]"
15,0.9656372093915098,"[1 1 1 1 1 1 1 1 0 0 0 1 1 0 1 1 0 0 1 1 1 1 0 1 0 1 1 0 1 1 1 0 0 1 0 0 1 0 1 0]"
15,0.9800010150002626,"[1 1 1 1 1 1 1 1 0 1 1 1 1 0 1 1 1 0 1 1 1 1 0 1 0 1 1 0 1 1 1 0 0 1 0 0 0 0 0 1]"
15,0.00038879295999160124,"[0 1 1 1 0 1 0 0 1 0 1 1 1 1 0 0 1 1 1 0 0 1 0 1 1 0 1 1 1 1 1 1 0 0 1 0 1 0 0 1]"
15,0.8231697795387213,"[1 1 1 1 1 0 1 1 0 0 0 1 0 0 0 1 0 0 0 0 1 0 1 1 0 1 1 0 0 1 1 1 0 0 0 0 1 0 0 1]"
15,0.8435106170189034,"[1 1 1 1 1 0 1 1 1 0 1 0 1 1 1 0 0 0 1 0 0 0 0 0 0 1 1 1 0 1 0 1 0 0 0 0 1 0 0 0]"
15,0.8141860471516151,"[1 1 1 1 1 0 1 0 1 1 0 0 1 0 1 0 1 0 0 0 1 1 0 1 0 1 1 1 1 1 1 1 0 1 1 0 1 0 0 0]"
15,0.8232331894043444,"[1 1 1 1 1 0 1 1 0 0 0 1 0 0 0 1 1 0 0 0 1 0 1 0 0 0 1 0 0 1 0 1 0 0 0 0 1 0 0 1]"
15,0.8519620601553237,"[1 1 1 1 1 0 1 1 1 1 1 0 1 1 1 0 0 1 1 0 0 1 0 0 0 1 1 1 1 0 0 1 0 0 1 0 0 1 1 0]"
15,0.979701378943321,"[1 1 1 1 1 1 1 1 0 1 1 1 1 0 0 1 1 0 1 1 1 1 0 1 0 1 1 0 1 1 1 0 0 1 0 0 1 0 0 1]"
15,0.9776062336586805,"[1 1 1 1 1 1 1 1 0 1 1 0 1 0 1 1 1 0 1 1 1 1 0 1 0 1 1 0 1 1 1 0 0 1 0 0 1 0 0 1]"
15,0.9799167160359589,"[1 1 1 1 1 1 1 1 0 1 1 1 1 0 1 1 0 0 1 0 1 1 0 1 0 1 1 0 0 1 1 0 0 1 1 0 0 1 0 1]"
15,0.6247849716036458,"[1 1 1 1 0 1 0 0 0 0 1 1 1 1 0 0 1 1 1 0 0 1 0 1 1 0 1 1 1 1 1 1 0 0 1 0 1 0 0 1]"
15,0.4431859504647307,"[1 1 1 0 1 0 1 1 1 1 1 1 1 1 1 0 0 0 1 0 0 0 0 1 0 1 1 0 0 1 0 1 1 0 1 0 1 0 0 0]"
15,0.9905971196304802,"[1 1 1 1 1 1 1 1 1 1 0 0 0 0 1 0 0 0 0 1 1 1 0 1 0 1 1 0 1 1 1 1 0 0 0 0 1 1 0 1]"
15,0.999883884203475,"[1 1 1 1 1 1 1 1 1 1 1 1 1 1 1 1 0 0 1 1 1 1 0 1 0 0 1 0 1 1 1 0 0 0 0 0 1 0 0 1]"
16,0.9973260408749716,"[1 1 1 1 1 1 1 1 1 1 1 0 1 1 1 0 0 1 1 1 0 1 0 0 0 1 1 0 1 1 1 1 0 0 0 0 1 0 0 1]"
16,0.0009241513781347864,"[0 1 1 1 1 1 1 1 0 1 0 0 1 0 1 1 1 0 1 1 1 1 0 1 0 1 1 0 1 1 1 0 0 1 0 0 1 0 0 1]"
16,0.9563938153863933,"[1 1 1 1 1 1 1 0 1 1 0 1 1 1 0 0 0 1 1 1 0 1 0 0 0 1 1 0 1 1 1 1 0 0 0 0 1 0 0 1]"
16,0.9992738948297952,"[1 1 1 1 1 1 1 1 1 1 1 1 1 0 1 1 0 0 1 1 1 1 0 1 0 1 1 0 0 1 1 0 0 1 0 0 0 0 0 1]"
16,0.8531107389388314,"[1 1 1 1 1 0 1 1 1 1 1 1 0 1 1 1 0 0 0 1 0 1 0 1 0 0 1 1 0 0 1 1 1 0 0 0 0 0 1 0]"
16,0.8272773389433241,"[1 1 1 1 1 0 1 1 0 0 1 1 0 0 0 1 0 0 0 0 1 0 1 1 0 1 1 0 0 1 1 1 1 0 0 1 1 0 0 0]"
16,0.9905965285855792,"[1 1 1 1 1 1 1 1 1 1 0 0 0 0 1 0 0 0 0 1 1 1 0 0 0 1 1 0 1 1 1 1 0 0 0 0 1 0 0 0]"
16,0.922064601029946,"[1 1 1 1 1 1 0 1 1 1 1 0 1 1 1 0 0 1 1 0 0 1 0 0 0 1 1 1 1 0 0 1 0 0 1 0 0 1 1 0]"
16,0.9969128621195198,"[1 1 1 1 1 1 1 1 1 1 1 0 1 0 1 1 1 0 1 1 1 1 0 1 0 1 1 0 1 1 1 0 1 1 0 0 1 0 0 1]"
16,0.9794510493991168,"[1 1 1 1 1 1 1 1 0 1 1 1 1 0 0 0 0 0 0 1 0 0 0 1 1 0 0 1 0 0 1 1 0 0 1 0 1 0 0 0]"
16,0.9801249857431039,"[1 1 1 1 1 1 1 1 0 1 1 1 1 1 0 0 1 0 0 1 0 0 0 1 0 0 1 1 1 0 0 1 0 0 1 0 0 0 0 0]"
16,0.0004905926769668591,"[0 1 1 1 0 1 1 1 0 1 1 1 1 1 0 0 0 0 0 1 0 0 0 1 0 0 1 1 1 0 0 1 0 0 1 0 1 0 0 0]"
16,0.9954587884256327,"[1 1 1 1 1 1 1 1 1 1 1 0 0 0 1 0 0 0 1 0 1 1 0 1 0 1 1 1 1 1 1 1 0 0 1 0 1 1 0 0]"
16,0.8438910247838078,"[1 1 1 1 1 0 1 1 1 0 1 1 0 0 0 1 0 0 0 0 1 0 0 0 0 0 1 0 1 0 0 1 0 0 0 0 1 1 0 1]"
16,0.5091501205465707,"[1 1 1 0 1 1 1 1 0 1 0 0 1 0 1 0 0 0 1 1 1 1 0 1 0 1 1 1 0 1 1 1 0 0 1 0 1 1 0 0]"
16,0.9997147577906949,"[1 1 1 1 1 1 1 1 1 1 1 1 1 1 1 0 0 0 1 0 0 0 0 1 0 1 1 0 0 0 0 1 1 0 1 0 1 1 0 0]"
16,0.4426692954420671,"[1 1 1 0 1 0 1 1 1 1 1 1 0 1 1 1 0 0 0 1 0 1 0 1 0 1 1 1 0 1 1 0 0 0 0 1 0 0 0 0]"
16,0.9940966617393763,"[1 1 1 1 1 1 1 1 1 1 0 1 1 0 0 1 0 0 1 1 0 1 0 1 0 1 1 0 1 1 1 0 1 1 0 0 0 0 1 1]"
16,0.9656372105195972,"[1 1 1 1 1 1 1 1 0 0 0 1 1 0 1 1 0 0 1 1 1 1 0 1 0 1 1 0 1 1 1 0 1 1 0 0 1 0 1 0]"
16,0.9992737640208674,"[1 1 1 1 1 1 1 1 1 1 1 1 1 0 1 1 0 0 1 1 1 1 0 1 0 0 1 0 1 1 1 0 0 0 0 0 1 0 0 1]"
16,0.9640551080653607,"[1 1 1 1 1 1 1 1 0 0 0 1 0 0 0 0 1 0 0 0 1 0 0 0 0 0 1 1 1 0 0 1 0 0 0 0 0 0 1 1]"
16,0.8232335646468615,"[1 1 1 1 1 0 1 1 0 0 0 1 0 0 0 1 1 0 0 0 1 0 1 0 1 1 1 0 0 1 0 1 0 0 0 0 1 0 0 1]"
16,0.9800500605218982,"[1 1 1 1 1 1 1 1 0 1 1 1 1 1 0 0 0 0 0 1 0 0 0 1 0 0 1 1 1 0 0 1 0 0 1 0 1 0 0 0]"
16,0.9902945691913443,"[1 1 1 1 1 1 1 1 1 1 0 0 0 0 0 0 0 0 0 1 1 1 0 1 0 1 1 0 1 1 1 1 0 0 0 0 1 0 0 0]"
16,0.9997147391690253,"[1 1 1 1 1 1 1 1 1 1 1 1 1 1 1 0 0 0 1 0 0 0 0 1 0 1 0 1 1 0 0 1 1 0 1 0 1 1 0 0]"
16,0.8231051156185648,"[1 1 1 1 1 0 1 1 0 0 0 1 0 0 0 0 1 0 0 0 1 0 1 0 0 0 1 0 0 1 0 1 0 0 0 0 1 0 0 1]"
16,0.9906160505406247,"[1 1 1 1 1 1 1 1 1 1 0 0 0 0 1 0 0 0 1 1 1 1 0 1 0 1 1 1 0 1 1 1 0 0 1 0 1 1 0 0]"
16,0.7599526223973014,"[1 1 1 1 1 0 0 1 0 0 0 1 0 0 0 1 1 0 0 0 0 0 1 0 0 0 1 0 0 1 0 1 0 0 0 0 1 0 0 1]"
16,0.4262393841655945,"[1 1 1 0 1 0 1 1 0 0 0 1 0 0 1 1 0 0 0 0 1 0 1 1 0 1 1 0 0 1 1 1 0 0 0 0 1 0 0 1]"
16,0.999104786334603,"[1 1 1 1 1 1 1 1 1 1 1 1 1 0 1 0 0 0 1 0 0 0 0 1 0 1 1 1 1 0 0 1 1 0 1 0 1 1 0 1]"
16,0.04326699681399822,"[1 0 1 1 1 0 1 1 0 0 0 0 0 0 0 1 1 0 0 0 1 1 0 0 0 0 0 0 0 1 1 0 1 0 1 0 1 1 0 1]"
16,0.8211228915709358,"[1 1 1 1 1 0 1 1 0 0 0 0 0 0 0 1 0 0 0 0 1 0 1 1 0 1 1 0 0 1 1 1 0 0 0 0 1 0 0 1]"
16,0.5243955172525044,"[1 1 1 0 1 1 1 1 1 1 1 1 1 1 1 1 0 0 1 1 1 1 0 1 0 0 1 0 1 1 1 0 0 0 0 0 1 0 0 1]"
16,0.000688692644000555,"[0 1 1 1 1 0 1 1 1 0 0 1 1 0 1 1 0 1 0 1 1 0 0 1 1 1 1 1 1 0 0 1 1 1 0 1 0 0 1 1]"
16,0.05624754546814741,"[1 0 1 1 1 1 1 1 1 1 1 1 1 0 1 0 0 0 1 1 1 1 0 1 0 0 1 0 1 1 1 0 0 0 0 0 1 0 0 1]"
16,0.7910245754949546,"[1 1 1 1 1 0 1 0 0 0 0 1 0 0 0 1 1 0 0 0 1 0 0 0 0 0 1 1 1 0 1 1 0 0 0 0 0 0 1 1]"
16,0.05533735762965655,"[1 0 1 1 1 1 1 1 1 0 1 0 1 0 1 0 0 0 1 0 0 0 0 0 0 1 0 1 0 1 0 1 0 0 0 0 1 0 0 0]"
16,0.42609693687259104,"[1 1 1 0 1 0 1 1 0 0 0 1 0 0 0 1 0 0 0 0 1 0 0 0 0 1 1 1 1 0 0 0 0 0 0 0 1 0 1 1]"
16,0.9997642468258835,"[1 1 1 1 1 1 1 1 1 1 1 1 1 1 1 0 0 1 1 1 0 1 0 0 0 1 1 0 1 1 1 0 0 0 0 0 1 0 0 1]"
16,0.9799260982368995,"[1 1 1 1 1 1 1 1 0 1 1 1 1 0 1 1 0 0 1 1 1 1 0 1 0 1 1 0 1 1 1 0 0 1 0 0 0 0 0 1]"
16,0.4261322737081202,"[1 1 1 0 1 0 1 1 0 0 0 1 0 0 0 1 1 0 0 0 1 0 0 0 0 0 1 1 1 0 0 1 0 0 0 0 0 0 1 1]"
16,0.8141860471516151,"[1 1 1 1 1 0 1 0 1 1 0 0 1 0 1 0 1 0 0 0 1 1 0 1 0 1 1 1 1 1 1 1 0 1 1 0 1 0 0 0]"
16,0.996125907542964,"[1 1 1 1 1 1 1 1 1 1 1 0 0 1 1 0 1 0 0 1 0 0 0 0 1 1 1 1 1 1 1 0 0 0 0 0 1 1 1 0]"
16,0.9998839034099959,"[1 1 1 1 1 1 1 1 1 1 1 1 1 1 1 1 0 0 1 1 1 1 0 1 0 0 1 1 0 1 1 0 0 1 0 0 1 0 0 1]"
16,0.9563802855033745,"[1 1 1 1 1 1 1 0 1 1 0 1 1 1 0 0 0 1 0 1 1 1 0 0 1 1 0 0 1 1 1 0 0 0 0 0 1 0 0 1]"
16,0.9797016738022306,"[1 1 1 1 1 1 1 1 0 1 1 1 1 0 0 1 1 0 1 1 1 1 0 1 1 1 1 0 1 1 1 1 0 1 0 0 1 0 0 1]"
16,0.9797506852058547,"[1 1 1 1 1 1 1 1 0 1 1 1 1 0 1 0 0 0 0 1 0 0 0 1 1 0 1 1 0 0 0 1 0 0 1 0 1 0 0 1]"
16,0.979926098227969,"[1 1 1 1 1 1 1 1 0 1 1 1 1 0 1 1 0 0 1 1 1 1 0 1 0 1 1 0 1 1 1 0 0 1 0 0 0 0 0 0]"
16,0.8232334395660054,"[1 1 1 1 1 0 1 1 0 0 0 1 0 0 0 1 1 0 0 0 1 0 1 0 1 0 1 0 0 1 0 1 0 0 0 0 1 0 0 1]"
16,0.7536529654961293,"[1 1 1 1 1 0 0 0 1 1 0 1 1 1 0 0 0 1 1 1 0 1 0 0 0 1 1 0 1 1 1 1 0 0 0 0 1 0 0 1]"
17,0.9800499870693792,"[1 1 1 1 1 1 1 1 0 1 1 1 1 1 0 0 0 0 0 1 0 0 0 1 0 0 0 1 1 0 0 1 0 0 0 0 1 0 0 0]"
17,0.8142187422973719,"[1 1 1 1 1 0 1 0 1 1 0 0 1 0 1 0 1 1 0 0 1 1 1 1 0 1 1 1 1 1 1 1 0 1 1 0 1 0 0 1]"
17,0.8540432863646822,"[1 1 1 1 1 0 1 1 1 1 1 1 1 1 1 0 0 0 1 0 0 0 0 1 0 1 0 1 1 0 0 1 1 0 1 0 1 1 0 0]"
17,0.9940966617755628,"[1 1 1 1 1 1 1 1 1 1 0 1 1 0 0 1 0 0 1 1 0 1 0 1 0 1 1 0 1 1 1 0 1 1 0 0 0 1 1 1]"
17,0.9969140461841666,"[1 1 1 1 1 1 1 1 1 1 1 0 1 0 1 1 1 0 1 1 1 1 1 1 0 1 1 0 1 1 0 0 1 1 0 0 0 0 0 1]"
17,0.0009380919876345767,"[0 1 1 1 1 1 1 1 0 1 1 1 1 1 0 0 1 0 0 1 0 0 0 1 0 0 1 1 1 0 0 1 0 0 1 0 0 0 0 0]"
17,0.9563938159455754,"[1 1 1 1 1 1 1 0 1 1 0 1 1 1 0 0 0 1 1 1 0 1 0 0 0 1 1 0 1 1 1 1 0 1 0 0 1 0 0 1]"
17,0.999860055487139,"[1 1 1 1 1 1 1 1 1 1 1 1 1 1 1 1 0 0 0 1 0 1 0 1 0 0 1 1 0 0 1 0 1 0 0 0 0 0 0 0]"
17,0.9566393884546778,"[1 1 1 1 1 1 1 0 1 1 0 1 1 1 1 0 0 0 1 0 0 0 0 1 0 1 0 0 0 0 0 1 1 0 0 0 1 1 0 0]"
17,0.9794504643875545,"[1 1 1 1 1 1 1 1 0 1 1 1 1 0 0 0 0 0 0 1 0 0 0 0 1 0 0 1 0 0 1 1 0 0 1 0 1 0 0 0]"
17,0.9992738948297952,"[1 1 1 1 1 1 1 1 1 1 1 1 1 0 1 1 0 0 1 1 1 1 0 1 0 1 1 0 0 1 1 0 0 1 0 0 0 0 0 1]"
17,0.9423582705722127,"[1 1 1 1 1 1 1 0 0 1 1 1 1 1 0 0 0 0 0 1 0 0 0 1 0 0 1 1 0 0 0 0 0 0 0 0 1 0 0 0]"
17,0.8242587698953064,"[1 1 1 1 1 0 1 1 0 0 0 1 1 0 0 1 1 0 0 0 1 0 1 0 1 1 0 1 0 1 0 1 0 0 0 0 1 0 0 1]"
17,0.000972455564739809,"[0 1 1 1 1 1 1 1 1 1 1 1 0 0 1 0 0 0 1 1 0 0 0 1 0 1 1 1 1 0 0 1 1 0 1 0 1 1 0 1]"
17,0.9552217724532177,"[1 1 1 1 1 1 1 0 1 1 0 1 0 1 0 0 0 1 1 1 0 1 0 0 0 1 1 0 1 1 1 1 0 0 0 0 1 0 0 1]"
17,0.9961258889452169,"[1 1 1 1 1 1 1 1 1 1 1 0 0 1 1 0 1 0 0 1 0 0 0 0 1 1 1 1 0 1 1 0 0 0 0 0 1 0 1 0]"
17,0.8523438272862756,"[1 1 1 1 1 0 1 1 1 1 1 1 0 0 0 1 0 1 0 0 1 0 0 0 0 0 1 0 1 0 1 1 0 0 0 0 1 1 0 1]"
17,0.9054355429391966,"[1 1 1 1 1 1 0 1 0 1 1 1 1 0 0 0 0 0 1 1 0 0 0 1 1 0 0 1 0 0 1 1 0 0 1 0 1 0 0 0]"
17,0.9992739134349852,"[1 1 1 1 1 1 1 1 1 1 1 1 1 0 1 1 0 0 1 1 1 1 0 1 0 1 1 0 1 1 1 0 0 1 0 0 0 0 0 0]"
17,0.9954587890234453,"[1 1 1 1 1 1 1 1 1 1 1 0 0 0 1 0 0 0 1 0 1 1 0 1 0 1 1 1 1 1 1 1 0 1 1 0 1 1 1 0]"
17,0.9941014047792683,"[1 1 1 1 1 1 1 1 1 1 0 1 1 0 0 1 0 0 1 1 1 1 0 1 0 1 1 0 1 1 1 0 1 1 0 0 0 0 1 1]"
17,0.9563937952558393,"[1 1 1 1 1 1 1 0 1 1 0 1 1 1 0 0 0 1 1 1 0 1 0 0 0 1 1 0 0 1 1 0 0 0 0 0 1 0 0 1]"
17,0.9991095508743972,"[1 1 1 1 1 1 1 1 1 1 1 1 1 0 1 0 0 0 1 0 1 0 0 1 0 1 1 1 1 0 0 1 1 0 1 0 1 1 0 1]"
17,0.04326699681399822,"[1 0 1 1 1 0 1 1 0 0 0 0 0 0 0 1 1 0 0 0 1 1 0 0 0 0 0 0 0 1 1 0 1 0 1 0 1 1 0 1]"
17,0.42609686877157393,"[1 1 1 0 1 0 1 1 0 0 0 1 0 0 0 1 0 0 0 0 1 0 0 0 0 0 1 1 1 0 0 1 0 0 0 0 0 0 1 1]"
17,0.44113965797864085,"[1 1 1 0 1 0 1 1 1 1 1 0 0 0 1 0 0 0 1 0 1 1 0 1 0 1 1 1 1 1 1 1 0 0 1 0 1 1 0 0]"
17,0.9961257404985907,"[1 1 1 1 1 1 1 1 1 1 1 0 0 1 1 0 1 0 0 1 0 0 0 0 1 0 1 1 0 1 1 0 0 0 0 0 1 1 1 1]"
17,0.9656372105195972,"[1 1 1 1 1 1 1 1 0 0 0 1 1 0 1 1 0 0 1 1 1 1 0 1 0 1 1 0 1 1 1 0 1 1 0 0 1 0 1 0]"
17,0.4819817857752109,"[1 1 1 0 1 1 0 1 1 1 1 1 1 0 1 1 0 0 1 1 1 1 0 1 0 1 1 1 1 1 1 0 0 1 0 0 0 0 0 1]"
17,0.920955062649995,"[1 1 1 1 1 1 0 1 1 1 1 0 0 1 1 0 1 0 0 1 0 0 0 0 1 1 0 1 1 1 1 0 0 0 0 0 1 1 0 0]"
17,0.05362943175292435,"[1 0 1 1 1 1 1 1 0 0 0 1 0 0 0 0 1 0 0 0 1 0 1 1 0 0 1 1 1 0 0 1 0 0 0 0 0 0 1 0]"
17,0.9998852397099579,"[1 1 1 1 1 1 1 1 1 1 1 1 1 1 1 1 0 0 1 1 1 1 1 1 0 1 1 1 0 1 0 0 0 1 0 0 1 0 0 0]"
17,0.9797016738022306,"[1 1 1 1 1 1 1 1 0 1 1 1 1 0 0 1 1 0 1 1 1 1 0 1 1 1 1 0 1 1 1 1 0 1 0 0 1 0 0 1]"
17,0.05053560076387736,"[1 0 1 1 1 1 0 1 1 1 1 0 1 1 1 0 1 1 0 0 0 1 0 0 0 1 1 1 1 0 0 0 0 0 1 0 0 1 1 0]"
17,0.9997147577906949,"[1 1 1 1 1 1 1 1 1 1 1 1 1 1 1 0 0 0 1 0 0 0 0 1 0 1 1 0 0 0 0 1 1 0 1 0 1 1 0 0]"
17,0.9795260202476989,"[1 1 1 1 1 1 1 1 0 1 1 1 1 0 0 0 1 0 0 1 0 0 0 1 1 0 1 1 1 0 0 1 0 0 1 0 0 0 0 0]"
17,0.8912086648472185,"[1 1 1 1 1 1 0 1 0 0 0 1 0 0 0 1 1 0 0 0 0 0 1 0 0 0 1 0 0 0 0 1 0 0 0 0 1 0 0 1]"
17,0.9992523205813305,"[1 1 1 1 1 1 1 1 1 1 1 1 1 0 1 1 0 0 0 1 1 0 0 1 0 0 1 0 1 1 1 0 0 0 0 0 1 0 0 1]"
17,0.9687912632836396,"[1 1 1 1 1 1 1 1 0 0 1 1 0 0 0 0 1 0 0 0 1 0 1 0 0 0 1 1 1 0 0 1 0 0 0 0 0 0 1 1]"
17,0.9992732055927107,"[1 1 1 1 1 1 1 1 1 1 1 1 1 0 1 1 0 0 1 1 1 1 0 0 0 0 1 1 1 1 1 0 0 0 0 0 1 0 0 1]"
17,0.7105729569359174,"[1 1 1 1 0 1 1 1 0 1 1 0 0 1 1 0 1 0 0 1 0 0 0 0 1 1 0 1 1 1 1 0 0 0 0 0 1 1 1 1]"
17,0.5150240425749345,"[1 1 1 0 1 1 1 1 1 0 0 1 0 0 0 0 1 0 0 0 1 1 0 0 0 0 1 1 1 0 1 1 0 0 0 0 0 0 1 1]"
17,0.9905894371897404,"[1 1 1 1 1 1 1 1 1 1 0 0 0 0 1 0 0 0 0 1 0 0 0 0 0 1 1 0 1 1 1 1 0 1 0 0 1 0 0 0]"
17,0.5229595618180762,"[1 1 1 0 1 1 1 1 1 1 1 0 1 1 1 0 0 1 1 0 0 1 0 0 1 1 1 0 1 1 1 1 0 0 0 0 1 0 0 1]"
17,0.9973260408749716,"[1 1 1 1 1 1 1 1 1 1 1 0 1 1 1 0 0 1 1 1 0 1 0 0 0 1 1 0 1 1 1 1 0 0 0 0 1 0 0 1]"
17,0.9797506897775171,"[1 1 1 1 1 1 1 1 0 1 1 1 1 0 1 0 0 0 0 1 0 0 0 1 1 0 1 1 0 0 1 1 0 0 1 0 1 0 0 1]"
17,0.999714140948058,"[1 1 1 1 1 1 1 1 1 1 1 1 1 1 1 0 0 0 1 0 0 0 0 0 0 1 0 1 1 0 0 0 1 0 1 0 1 1 0 0]"
17,0.9640551058125131,"[1 1 1 1 1 1 1 1 0 0 0 1 0 0 0 0 1 0 0 0 1 0 0 0 0 0 1 1 1 0 0 0 0 0 0 0 0 0 1 1]"
17,0.7129889627780914,"[1 1 1 1 0 1 1 1 0 1 1 1 1 1 0 0 0 0 0 1 0 0 0 1 0 0 1 1 1 0 0 1 0 0 1 0 1 0 0 0]"
17,0.9799073698514444,"[1 1 1 1 1 1 1 1 0 1 1 1 1 0 1 1 0 0 0 1 1 1 0 1 0 1 1 0 1 1 1 0 0 1 0 0 0 0 0 1]"
18,0.9946653608811583,"[1 1 1 1 1 1 1 1 1 1 0 1 1 1 0 0 1 1 1 1 0 1 0 0 0 1 1 0 0 1 1 1 0 0 0 0 1 0 0 1]"
18,0.9720996645682485,"[1 1 1 1 1 1 1 1 0 1 0 0 0 1 1 0 1 1 0 1 0 0 0 0 1 0 1 1 0 1 1 0 0 0 0 0 1 1 1 1]"
18,0.9905893633152622,"[1 1 1 1 1 1 1 1 1 1 0 0 0 0 1 0 0 0 0 1 0 0 0 0 0 1 0 0 1 1 1 1 0 1 0 0 1 0 0 0]"
18,0.9803500716590199,"[1 1 1 1 1 1 1 1 0 1 1 1 1 1 1 0 0 0 0 1 0 0 0 1 1 0 1 1 0 0 1 1 0 0 1 0 1 0 0 1]"
18,0.23885006806915157,"[1 1 0 1 1 1 0 1 1 1 0 1 1 0 0 0 1 0 1 1 0 0 0 1 1 0 0 1 0 0 1 1 0 0 1 0 1 0 0 0]"
18,0.9799214161103343,"[1 1 1 1 1 1 1 1 0 1 1 1 1 0 1 1 0 0 1 1 0 1 0 1 0 1 1 0 1 1 1 0 0 1 0 0 0 0 0 1]"
18,0.9609159257534063,"[1 1 1 1 1 1 1 0 1 1 1 1 1 0 1 1 0 0 1 1 1 1 0 1 0 0 1 0 0 1 1 0 0 1 1 0 0 0 0 1]"
18,0.9209550631989392,"[1 1 1 1 1 1 0 1 1 1 1 0 0 1 1 0 1 0 0 1 0 0 0 0 1 1 0 1 1 1 1 0 0 1 0 0 1 1 0 1]"
18,0.5150241245845729,"[1 1 1 0 1 1 1 1 1 0 0 1 0 0 0 0 1 0 0 0 1 1 0 0 0 1 1 1 1 0 1 1 0 0 0 0 0 0 1 1]"
18,0.9969140463292815,"[1 1 1 1 1 1 1 1 1 1 1 0 1 0 1 1 1 0 1 1 1 1 1 1 0 1 1 0 1 1 0 0 1 1 0 1 0 0 0 1]"
18,0.5891523907783128,"[1 1 1 1 0 0 1 0 1 1 0 0 1 1 1 0 1 1 0 0 1 1 1 1 0 1 1 1 1 1 0 1 0 1 1 0 1 0 0 1]"
18,0.9991214357316632,"[1 1 1 1 1 1 1 1 1 1 1 1 1 0 1 0 0 0 1 1 1 1 0 1 0 1 1 0 1 1 1 0 0 1 0 0 0 0 0 0]"
18,0.9687912634250649,"[1 1 1 1 1 1 1 1 0 0 1 1 0 0 0 0 1 0 0 0 1 0 1 0 0 0 1 1 1 0 0 1 0 0 0 1 0 0 1 1]"
18,0.9978981656100391,"[1 1 1 1 1 1 1 1 1 1 1 1 0 0 1 0 0 0 1 1 0 1 1 0 0 1 0 1 1 1 1 0 0 0 0 0 1 0 0 1]"
18,0.9797016739808032,"[1 1 1 1 1 1 1 1 0 1 1 1 1 0 0 1 1 0 1 1 1 1 0 1 1 1 1 0 1 1 1 1 0 1 0 1 1 1 0 1]"
18,0.1134561554677302,"[1 1 0 0 1 1 0 1 1 1 1 0 1 1 1 0 0 1 1 1 0 1 1 0 0 1 1 0 1 1 1 1 0 0 0 0 1 0 0 1]"
18,0.9967173256107933,"[1 1 1 1 1 1 1 1 1 1 1 0 1 0 1 0 0 1 1 1 0 1 0 0 0 1 1 0 1 1 1 1 0 0 0 0 1 0 0 1]"
18,0.996125741658684,"[1 1 1 1 1 1 1 1 1 1 1 0 0 1 1 0 1 0 0 1 0 0 0 0 1 0 1 1 0 1 1 0 1 0 0 0 1 1 1 1]"
18,0.9961258889452169,"[1 1 1 1 1 1 1 1 1 1 1 0 0 1 1 0 1 0 0 1 0 0 0 0 1 1 1 1 0 1 1 0 0 0 0 0 1 0 1 0]"
18,0.9795306806769452,"[1 1 1 1 1 1 1 1 0 1 1 1 1 0 0 0 1 0 0 1 1 0 0 1 1 0 1 1 0 0 0 0 0 1 1 0 0 0 0 0]"
18,0.9997141409662432,"[1 1 1 1 1 1 1 1 1 1 1 1 1 1 1 0 0 0 1 0 0 0 0 0 0 1 0 1 1 0 0 0 1 0 1 0 1 1 1 0]"
18,0.9423594006407296,"[1 1 1 1 1 1 1 0 0 1 1 1 1 1 0 0 0 0 0 1 0 0 1 1 0 0 1 1 0 0 0 0 0 0 0 0 1 0 0 0]"
18,0.9992741926582954,"[1 1 1 1 1 1 1 1 1 1 1 1 1 0 1 1 0 0 1 1 1 1 0 1 1 1 1 0 0 1 1 0 0 1 0 0 0 0 0 1]"
18,0.9749140351927323,"[1 1 1 1 1 1 1 1 0 1 0 1 1 0 0 1 1 0 1 1 0 1 0 1 1 1 1 0 1 1 1 1 1 1 0 0 1 0 0 1]"
18,0.9656372105195972,"[1 1 1 1 1 1 1 1 0 0 0 1 1 0 1 1 0 0 1 1 1 1 0 1 0 1 1 0 1 1 1 0 1 1 0 0 1 0 1 0]"
18,0.9944050016991323,"[1 1 1 1 1 1 1 1 1 1 0 1 1 0 1 1 0 0 1 1 1 1 0 1 0 1 1 0 1 1 1 0 1 1 0 0 0 0 1 1]"
18,0.04326699681399822,"[1 0 1 1 1 0 1 1 0 0 0 0 0 0 0 1 1 0 0 0 1 1 0 0 0 0 0 0 0 1 1 0 1 0 1 0 1 1 0 1]"
18,0.9800501334028072,"[1 1 1 1 1 1 1 1 0 1 1 1 1 1 0 0 0 0 0 1 0 0 0 1 0 1 0 1 1 0 0 1 0 0 0 0 1 0 0 0]"
18,0.426026066840684,"[1 1 1 0 1 0 1 1 0 0 0 1 0 0 0 0 0 0 0 0 1 0 0 0 0 0 1 1 1 0 0 1 0 0 0 0 0 0 1 1]"
18,0.9941013859622364,"[1 1 1 1 1 1 1 1 1 1 0 1 1 0 0 1 0 0 1 1 1 1 0 1 0 1 1 0 0 1 1 0 1 0 1 0 0 0 1 1]"
18,0.040846774186892934,"[1 0 1 1 1 0 0 1 1 1 1 0 1 1 1 0 1 1 0 0 0 1 0 0 0 1 1 1 1 0 0 0 0 0 1 0 0 1 1 0]"
18,0.05558527422076268,"[1 0 1 1 1 1 1 1 1 1 0 0 0 0 0 0 0 0 0 1 0 0 0 0 0 1 1 0 1 1 1 1 0 0 0 0 1 0 0 0]"
18,0.8062641599880752,"[1 1 1 1 1 0 1 0 1 0 0 0 1 0 1 1 1 1 0 0 1 1 1 1 0 0 1 1 1 1 1 1 0 1 1 0 1 0 0 1]"
18,0.9699825564662629,"[1 1 1 1 1 1 1 1 0 0 1 1 1 0 0 0 1 0 0 1 0 0 0 1 1 0 0 1 1 0 0 1 0 0 1 0 0 0 0 0]"
18,0.7254760071645592,"[1 1 1 1 0 1 1 1 1 1 1 0 1 0 1 0 0 0 1 0 1 0 0 1 0 1 1 1 1 0 0 1 1 0 1 0 1 1 0 1]"
18,0.9800500602360908,"[1 1 1 1 1 1 1 1 0 1 1 1 1 1 0 0 0 0 0 1 0 0 0 1 0 0 1 1 1 0 0 1 0 0 0 0 1 0 0 0]"
18,0.9485418352249781,"[1 1 1 1 1 1 1 0 1 0 1 0 0 1 1 0 1 0 1 1 0 0 0 0 1 0 1 1 0 1 1 0 0 0 0 0 1 1 1 1]"
18,0.9227518384372049,"[1 1 1 1 1 1 0 1 1 1 1 1 0 0 1 1 0 0 1 1 1 1 0 0 0 1 1 0 0 1 1 0 0 1 0 0 0 1 0 1]"
18,0.850349883225916,"[1 1 1 1 1 0 1 1 1 1 1 0 0 0 1 0 0 0 1 0 1 1 0 1 0 1 1 1 1 1 1 1 0 1 1 0 1 1 1 0]"
18,0.9987898544058257,"[1 1 1 1 1 1 1 1 1 1 1 1 1 0 0 0 0 0 0 1 0 0 0 0 1 0 0 1 1 0 1 1 0 0 1 0 1 0 1 0]"
18,0.9992453222704534,"[1 1 1 1 1 1 1 1 1 1 1 1 1 0 1 1 0 0 0 0 1 1 0 1 0 1 1 0 1 1 1 0 0 1 0 0 0 0 0 0]"
18,0.4769423863525394,"[1 1 1 0 1 1 0 1 1 0 1 1 1 0 1 1 0 0 1 1 1 1 0 1 0 1 0 1 1 1 1 0 0 1 0 0 0 0 0 1]"
18,0.920955062649995,"[1 1 1 1 1 1 0 1 1 1 1 0 0 1 1 0 1 0 0 1 0 0 0 0 1 1 0 1 1 1 1 0 0 0 0 0 1 1 0 0]"
18,0.0002117650361439955,"[0 1 1 0 1 1 0 1 1 1 0 1 1 0 1 1 0 0 1 1 1 1 0 1 0 1 1 1 1 1 1 0 0 1 0 0 0 0 0 1]"
18,0.5070180699539824,"[1 1 1 0 1 1 1 1 0 0 1 1 0 0 0 0 1 0 0 0 1 0 1 0 0 0 1 1 1 0 0 1 0 0 0 0 1 0 1 1]"
18,0.9968355649962128,"[1 1 1 1 1 1 1 1 1 1 1 0 1 0 1 1 0 0 1 1 1 0 1 1 0 1 1 0 0 0 1 0 0 1 0 0 0 0 0 0]"
18,0.9992547032016275,"[1 1 1 1 1 1 1 1 1 1 1 1 1 0 1 1 0 0 0 1 1 1 0 1 0 0 1 0 1 1 1 0 0 0 0 0 1 1 0 1]"
18,0.0006552288575755984,"[0 1 1 1 1 0 1 0 1 1 1 1 1 1 1 0 0 0 1 0 0 0 0 0 0 1 0 1 0 0 0 0 1 0 1 1 1 1 0 0]"
18,0.9609068686539656,"[1 1 1 1 1 1 1 0 1 1 1 1 1 0 1 1 0 0 1 0 1 1 0 1 0 1 1 0 0 1 1 0 0 1 0 0 0 0 0 1]"
18,0.9799073699943295,"[1 1 1 1 1 1 1 1 0 1 1 1 1 0 1 1 0 0 0 1 1 1 0 1 0 1 1 0 1 1 1 0 0 1 0 1 0 0 0 1]"
19,0.5112213861062532,"[1 1 1 0 1 1 1 1 0 1 1 0 0 0 1 1 0 0 0 1 1 1 0 1 0 1 1 0 1 1 1 0 0 1 0 1 0 0 0 1]"
19,0.9715048245789375,"[1 1 1 1 1 1 1 1 0 1 0 0 0 0 1 0 1 1 0 1 0 0 0 0 1 0 1 1 0 1 1 0 0 0 0 0 1 1 1 1]"
19,0.997266747696099,"[1 1 1 1 1 1 1 1 1 1 1 0 1 1 1 0 0 0 0 1 0 0 0 0 1 0 1 1 0 1 1 0 1 0 1 0 1 1 1 1]"
19,0.9799214526893701,"[1 1 1 1 1 1 1 1 0 1 1 1 1 0 1 1 0 0 1 1 0 1 0 1 0 1 1 1 1 1 1 0 0 1 0 0 0 0 0 1]"
19,0.9991422308733399,"[1 1 1 1 1 1 1 1 1 1 1 1 1 0 1 0 0 1 1 0 0 0 0 0 0 1 0 1 1 0 0 0 1 0 1 0 1 1 1 0]"
19,0.9749140306324973,"[1 1 1 1 1 1 1 1 0 1 0 1 1 0 0 1 1 0 1 1 0 1 0 1 1 1 1 0 1 1 0 1 1 1 0 0 1 0 0 0]"
19,0.05625755500044615,"[1 0 1 1 1 1 1 1 1 1 1 1 1 0 1 1 0 0 0 1 1 1 0 1 0 0 0 0 1 1 1 0 0 0 0 0 1 1 0 0]"
19,0.8503478186782426,"[1 1 1 1 1 0 1 1 1 1 1 0 0 0 1 0 0 0 1 0 1 0 0 1 0 1 1 1 1 1 0 1 0 1 1 0 1 1 1 0]"
19,0.4155313627308292,"[1 1 1 0 1 0 1 0 0 1 1 1 1 0 1 0 0 0 1 0 0 0 0 0 0 0 0 1 1 1 0 0 1 0 1 0 1 1 1 0]"
19,0.9713936761093149,"[1 1 1 1 1 1 1 1 0 1 0 0 0 0 1 0 0 0 0 1 0 0 0 1 0 1 0 0 1 1 1 1 0 1 0 0 1 0 0 0]"
19,0.9946653569710102,"[1 1 1 1 1 1 1 1 1 1 0 1 1 1 0 0 1 1 1 1 0 1 0 0 0 1 1 0 0 1 0 1 0 1 0 1 1 0 0 1]"
19,0.9955176857937725,"[1 1 1 1 1 1 1 1 1 1 1 0 0 0 1 0 1 0 0 1 0 0 0 0 1 0 1 1 0 1 1 0 1 0 0 0 1 1 1 1]"
19,0.9687912611622589,"[1 1 1 1 1 1 1 1 0 0 1 1 0 0 0 0 1 0 0 0 1 0 1 0 0 0 1 1 1 0 0 0 0 0 0 1 0 0 1 1]"
19,0.9701567416454535,"[1 1 1 1 1 1 1 1 0 0 1 1 1 0 0 1 1 0 1 1 1 1 0 1 1 1 1 0 1 1 1 1 0 1 0 1 0 1 0 1]"
19,0.9864381689069579,"[1 1 1 1 1 1 1 1 1 0 1 0 0 1 1 0 1 0 0 1 0 0 1 0 1 1 1 1 0 1 1 0 0 0 0 0 1 0 1 0]"
19,0.9799217087426548,"[1 1 1 1 1 1 1 1 0 1 1 1 1 0 1 1 0 0 1 1 0 1 0 1 1 1 1 0 1 1 1 0 0 1 0 0 0 0 0 1]"
19,0.8837712771205746,"[1 1 1 1 1 1 0 0 1 1 0 1 1 0 1 1 0 0 1 1 1 1 0 1 0 0 1 0 0 1 1 0 0 1 1 0 0 0 0 1]"
19,0.9190598132006129,"[1 1 1 1 1 1 0 1 1 1 0 1 1 0 0 1 0 0 1 0 1 1 0 1 0 1 1 0 0 1 0 0 1 0 1 0 0 0 1 1]"
19,0.9967172513251464,"[1 1 1 1 1 1 1 1 1 1 1 0 1 0 1 0 0 1 1 1 0 1 0 0 0 1 0 0 1 1 1 1 0 0 0 0 1 0 0 1]"
19,0.9991022281364627,"[1 1 1 1 1 1 1 1 1 1 1 1 1 0 1 0 0 0 0 1 1 1 0 1 0 0 1 0 1 1 1 0 0 0 0 0 1 1 0 1]"
19,0.9562317809213554,"[1 1 1 1 1 1 1 0 1 1 0 1 1 0 1 1 0 1 0 1 1 0 0 1 0 1 1 0 1 1 1 0 1 1 1 0 0 0 1 1]"
19,0.999273597001375,"[1 1 1 1 1 1 1 1 1 1 1 1 1 0 1 1 0 0 1 1 1 1 0 0 1 1 1 0 0 1 1 0 0 1 0 0 0 0 0 1]"
19,0.9644550130787733,"[1 1 1 1 1 1 1 1 0 0 0 1 0 0 1 1 0 0 1 1 1 1 0 1 0 1 1 1 1 1 1 0 1 1 0 0 1 0 1 0]"
19,0.49601475983644505,"[1 1 1 0 1 1 1 0 1 0 1 0 1 0 1 0 0 1 0 1 0 1 1 0 0 1 0 0 1 1 1 1 0 0 0 0 1 0 0 1]"
19,0.4352102987362006,"[1 1 1 0 1 0 1 1 1 0 0 1 0 0 0 0 1 0 0 0 0 1 0 0 0 1 1 1 1 0 1 1 0 0 0 0 0 0 1 1]"
19,0.9794509257214905,"[1 1 1 1 1 1 1 1 0 1 1 1 1 0 0 0 0 0 0 1 0 0 0 1 0 1 0 1 1 1 0 1 0 0 0 0 1 0 0 1]"
19,0.9969140509729593,"[1 1 1 1 1 1 1 1 1 1 1 0 1 0 1 1 1 0 1 1 1 1 1 1 0 1 1 0 1 1 1 0 1 1 0 1 0 0 0 1]"
19,0.02620951748913159,"[1 0 1 1 0 0 0 1 1 1 0 1 1 1 0 0 1 1 1 1 0 1 0 0 0 1 1 0 0 1 1 1 0 0 0 0 1 0 0 1]"
19,0.9422340923520409,"[1 1 1 1 1 1 1 0 0 1 1 1 1 0 1 1 0 0 1 1 0 1 0 1 0 1 1 0 0 1 1 1 0 1 0 0 0 0 0 1]"
19,0.9158143461975146,"[1 1 1 1 1 1 0 1 1 1 0 0 0 0 1 0 0 0 1 1 0 0 0 1 0 1 0 0 1 1 1 1 0 1 0 0 1 0 0 0]"
19,0.9961258889452169,"[1 1 1 1 1 1 1 1 1 1 1 0 0 1 1 0 1 0 0 1 0 0 0 0 1 1 1 1 0 1 1 0 0 0 0 0 1 0 1 0]"
19,0.9799262446251228,"[1 1 1 1 1 1 1 1 0 1 1 1 1 0 1 1 0 0 1 1 1 1 0 1 1 0 1 0 1 1 1 0 0 1 0 0 1 0 0 1]"
19,0.2620888230017574,"[1 1 0 1 1 1 1 1 1 1 1 0 1 0 1 0 0 1 1 1 0 1 0 0 0 1 1 0 1 1 1 1 0 0 0 0 1 0 0 1]"
19,0.9991214357316632,"[1 1 1 1 1 1 1 1 1 1 1 1 1 0 1 0 0 0 1 1 1 1 0 1 0 1 1 0 1 1 1 0 0 1 0 0 0 0 0 0]"
19,0.9993261737807291,"[1 1 1 1 1 1 1 1 1 1 1 1 1 0 1 1 1 0 0 1 0 1 0 1 0 0 1 0 1 0 1 0 0 0 0 0 1 1 0 0]"
19,0.9803010611700731,"[1 1 1 1 1 1 1 1 0 1 1 1 1 1 0 1 1 0 1 1 1 1 0 1 1 1 1 1 1 1 0 1 0 1 1 1 1 1 0 0]"
19,0.9803004436927367,"[1 1 1 1 1 1 1 1 0 1 1 1 1 1 0 1 1 0 1 1 1 1 0 0 1 1 1 0 1 1 1 1 0 1 1 1 1 1 0 1]"
19,0.996717323325639,"[1 1 1 1 1 1 1 1 1 1 1 0 1 0 1 0 0 1 1 1 0 1 0 0 0 1 1 0 1 1 1 0 0 0 0 0 1 1 0 1]"
19,0.9992547032016275,"[1 1 1 1 1 1 1 1 1 1 1 1 1 0 1 1 0 0 0 1 1 1 0 1 0 0 1 0 1 1 1 0 0 0 0 0 1 1 0 1]"
19,0.053992312755738764,"[1 0 1 1 1 1 1 1 0 0 1 1 0 0 0 1 1 0 0 0 1 0 1 0 0 0 1 1 1 0 0 1 0 0 0 1 0 0 1 1]"
19,0.9968355649962128,"[1 1 1 1 1 1 1 1 1 1 1 0 1 0 1 1 0 0 1 1 1 0 1 1 0 1 1 0 0 0 1 0 0 1 0 0 0 0 0 0]"
19,0.7255983220460496,"[1 1 1 1 0 1 1 1 1 1 1 0 1 0 1 1 0 0 1 1 1 0 1 1 0 1 1 0 0 0 1 0 0 1 0 0 0 0 0 0]"
19,0.11345615547029572,"[1 1 0 0 1 1 0 1 1 1 1 0 1 1 1 0 0 1 1 1 0 1 1 0 0 1 1 0 1 1 1 1 0 0 0 0 1 0 1 1]"
19,0.5192423656681265,"[1 1 1 0 1 1 1 1 1 1 0 0 0 0 1 0 1 0 0 1 1 0 0 0 0 1 0 0 1 1 1 1 0 1 0 0 1 0 0 0]"
19,0.9992742299232196,"[1 1 1 1 1 1 1 1 1 1 1 1 1 0 1 1 0 0 1 1 1 1 0 1 1 1 1 1 0 1 1 0 0 1 0 0 0 1 0 1]"
19,0.05558458862783584,"[1 0 1 1 1 1 1 1 1 1 0 0 0 0 0 0 0 0 0 0 0 0 0 0 1 1 1 0 1 1 1 1 0 0 0 1 1 0 0 0]"
19,0.8925396751455794,"[1 1 1 1 1 1 0 1 0 0 0 1 1 0 1 1 0 0 1 0 1 1 0 1 0 1 1 0 1 1 1 0 0 1 0 0 1 0 1 0]"
19,0.9800548160828859,"[1 1 1 1 1 1 1 1 0 1 1 1 1 1 0 0 0 0 0 1 1 0 0 1 0 1 0 1 1 0 0 1 0 0 0 0 1 0 0 0]"
19,0.9992741928037195,"[1 1 1 1 1 1 1 1 1 1 1 1 1 0 1 1 0 0 1 1 1 1 0 1 1 1 1 0 0 1 1 0 0 1 0 1 0 0 0 1]"
19,0.93773199529801,"[1 1 1 1 1 1 1 0 0 1 0 1 1 1 0 0 0 0 0 0 0 0 1 1 0 1 1 1 0 0 0 0 0 0 0 0 1 0 0 0]"
20,0.9992754213471273,"[1 1 1 1 1 1 1 1 1 1 1 1 1 0 1 1 0 0 1 1 1 1 1 1 1 1 1 1 0 1 1 0 0 1 0 1 0 0 0 1]"
20,0.9969140509729593,"[1 1 1 1 1 1 1 1 1 1 1 0 1 0 1 1 1 0 1 1 1 1 1 1 0 1 1 0 1 1 1 0 1 1 0 1 0 0 0 1]"
20,0.9803004436927367,"[1 1 1 1 1 1 1 1 0 1 1 1 1 1 0 1 1 0 1 1 1 1 0 0 1 1 1 0 1 1 1 1 0 1 1 1 1 1 0 1]"
20,0.4352104396908544,"[1 1 1 0 1 0 1 1 1 0 0 1 0 0 0 0 1 0 0 0 0 1 0 0 1 1 1 1 1 0 1 1 0 0 0 0 0 0 1 1]"
20,0.9799214526893701,"[1 1 1 1 1 1 1 1 0 1 1 1 1 0 1 1 0 0 1 1 0 1 0 1 0 1 1 1 1 1 1 0 0 1 0 0 0 0 0 1]"
20,0.2628114438853546,"[1 1 0 1 1 1 1 1 1 1 1 1 1 0 1 0 0 0 1 1 1 1 0 1 0 1 1 0 1 1 1 0 0 1 0 0 0 0 0 0]"
20,0.9992741928037195,"[1 1 1 1 1 1 1 1 1 1 1 1 1 0 1 1 0 0 1 1 1 1 0 1 1 1 1 0 0 1 1 0 0 1 0 1 0 0 0 1]"
20,0.25849470623968207,"[1 1 0 1 1 1 1 1 1 0 0 1 1 0 1 1 0 1 0 1 1 0 1 1 0 1 1 0 1 1 1 0 1 1 1 0 0 0 1 1]"
20,0.2593936022526365,"[1 1 0 1 1 1 1 1 1 0 1 0 1 1 1 1 0 0 1 1 1 0 1 1 0 1 1 0 0 1 1 0 0 1 0 0 0 0 0 0]"
20,0.9806002813139156,"[1 1 1 1 1 1 1 1 0 1 1 1 1 1 1 1 1 0 1 1 1 1 0 0 1 1 1 1 1 1 1 1 0 1 1 1 1 1 0 1]"
20,0.9799216904531325,"[1 1 1 1 1 1 1 1 0 1 1 1 1 0 1 1 0 0 1 1 0 1 0 1 1 1 1 0 0 1 1 0 0 1 0 0 0 0 0 1]"
20,0.26286353527018247,"[1 1 0 1 1 1 1 1 1 1 1 1 1 0 1 1 0 1 1 0 0 0 0 0 0 1 0 1 1 0 0 0 1 0 1 0 1 1 1 0]"
20,0.9992741928037195,"[1 1 1 1 1 1 1 1 1 1 1 1 1 0 1 1 0 0 1 1 1 1 0 1 1 1 1 0 0 1 1 0 0 1 0 1 0 0 0 1]"
20,0.5239582113530832,"[1 1 1 0 1 1 1 1 1 1 1 1 1 0 1 0 0 0 0 1 1 1 0 1 0 0 0 0 1 1 1 0 0 0 0 0 1 1 0 1]"
20,0.9972667476235185,"[1 1 1 1 1 1 1 1 1 1 1 0 1 1 1 0 0 0 0 1 0 0 0 0 1 0 1 1 0 1 1 0 1 0 1 0 0 1 1 1]"
20,0.9799226232191631,"[1 1 1 1 1 1 1 1 0 1 1 1 1 0 1 1 0 0 1 1 0 1 1 1 0 1 1 1 1 1 1 0 0 1 0 0 0 0 0 1]"
20,0.999936323052946,"[1 1 1 1 1 1 1 1 1 1 1 1 1 1 1 1 1 0 0 1 0 1 0 1 0 0 1 0 1 0 1 0 0 0 1 0 1 1 0 0]"
20,0.9585575606795531,"[1 1 1 1 1 1 1 0 1 1 1 0 1 0 1 1 0 0 1 1 0 0 1 1 0 1 1 0 0 0 1 0 0 1 0 0 0 0 0 0]"
20,0.9341100971805688,"[1 1 1 1 1 1 1 0 0 1 0 0 0 0 1 0 1 1 0 1 0 0 0 1 1 0 1 1 0 1 1 0 0 0 0 0 1 1 1 0]"
20,0.4319447323520465,"[1 1 1 0 1 0 1 1 0 1 1 0 0 0 1 1 0 0 0 1 1 1 0 1 0 1 1 0 1 1 1 0 0 1 0 1 0 0 0 1]"
20,0.053992323569063264,"[1 0 1 1 1 1 1 1 0 0 1 1 0 0 0 1 1 0 0 0 1 0 1 0 0 1 1 1 1 0 0 1 0 1 0 1 0 0 0 1]"
20,8.49891227879297e-09,"[0 0 1 0 0 1 1 1 1 1 1 0 1 0 1 1 0 0 1 0 1 1 1 1 0 1 1 0 0 0 1 0 0 1 0 0 0 0 0 0]"
20,0.99696236454216,"[1 1 1 1 1 1 1 1 1 1 1 0 1 1 0 0 0 0 0 1 0 0 0 0 1 0 1 1 0 1 1 0 1 0 1 0 1 1 1 1]"
20,0.9803004436212684,"[1 1 1 1 1 1 1 1 0 1 1 1 1 1 0 1 1 0 1 1 1 1 0 0 1 1 1 0 1 1 1 1 0 1 1 1 0 1 0 1]"
20,0.9946655052670095,"[1 1 1 1 1 1 1 1 1 1 0 1 1 1 0 0 1 1 1 1 0 1 0 0 1 0 1 0 0 1 0 1 0 1 0 1 1 0 0 1]"
20,0.9864380953111658,"[1 1 1 1 1 1 1 1 1 0 1 0 0 1 1 0 1 0 0 1 0 0 1 0 1 1 0 1 0 1 1 0 0 0 0 0 1 0 1 0]"
20,0.9802817088683443,"[1 1 1 1 1 1 1 1 0 1 1 1 1 1 0 1 1 0 0 1 1 1 0 0 1 1 1 0 1 1 1 1 0 1 1 1 1 1 0 1]"
20,0.9986186045706653,"[1 1 1 1 1 1 1 1 1 1 1 1 0 1 1 0 1 1 1 1 0 0 0 0 1 1 1 1 0 1 1 0 0 0 0 0 1 0 1 0]"
20,0.9422318324867115,"[1 1 1 1 1 1 1 0 0 1 1 1 1 0 1 1 0 0 1 1 0 0 0 1 0 1 1 0 0 1 1 1 0 1 0 0 0 0 0 1]"
20,0.5150215009226712,"[1 1 1 0 1 1 1 1 1 0 0 1 0 0 0 0 1 0 0 0 0 1 0 0 0 1 1 1 1 0 1 1 1 0 0 0 0 0 1 1]"
20,0.9195941688434585,"[1 1 1 1 1 1 0 1 1 1 0 1 1 1 0 0 1 1 1 1 0 1 0 0 0 1 1 0 0 1 0 1 0 0 0 1 1 0 1 1]"
20,0.9687912611622589,"[1 1 1 1 1 1 1 1 0 0 1 1 0 0 0 0 1 0 0 0 1 0 1 0 0 0 1 1 1 0 0 0 0 0 0 1 0 0 1 1]"
20,0.989557135707024,"[1 1 1 1 1 1 1 1 1 0 1 1 1 0 1 1 0 0 1 1 1 1 0 0 1 1 1 0 0 1 1 0 0 1 0 1 0 1 0 1]"
20,0.9796647923438994,"[1 1 1 1 1 1 1 1 0 1 1 1 1 0 0 1 0 1 1 1 1 1 1 0 1 1 1 0 0 1 1 1 0 1 1 1 1 0 0 1]"
20,0.7273159598544239,"[1 1 1 1 0 1 1 1 1 1 1 1 1 0 1 0 0 0 1 1 1 1 0 1 0 1 1 0 1 1 1 0 0 1 0 0 0 0 1 0]"
20,0.9816255933628174,"[1 1 1 1 1 1 1 1 1 0 0 0 0 1 1 0 1 0 0 1 0 0 1 0 1 1 1 1 0 1 1 0 0 0 0 0 1 0 1 0]"
20,0.05625756059037031,"[1 0 1 1 1 1 1 1 1 1 1 1 1 0 1 1 0 0 0 1 1 1 0 1 0 0 1 0 1 1 1 0 0 0 0 0 1 1 0 1]"
20,0.9609407679075852,"[1 1 1 1 1 1 1 0 1 1 1 1 1 0 1 1 0 1 1 0 1 0 0 0 0 1 0 1 1 0 0 1 1 0 1 0 1 0 1 1]"
20,0.9800559867560519,"[1 1 1 1 1 1 1 1 0 1 1 1 1 1 0 0 0 0 0 1 1 0 1 1 0 1 0 1 1 0 0 1 0 0 0 0 1 0 0 0]"
20,0.9946652086750307,"[1 1 1 1 1 1 1 1 1 1 0 1 1 1 0 0 1 1 1 1 0 1 0 0 0 0 1 0 0 1 0 1 0 1 0 1 1 0 0 1]"
20,0.9422340924899723,"[1 1 1 1 1 1 1 0 0 1 1 1 1 0 1 1 0 0 1 1 0 1 0 1 0 1 1 0 0 1 1 1 0 1 0 1 0 0 0 1]"
20,0.9870231723403515,"[1 1 1 1 1 1 1 1 1 0 1 0 1 0 1 0 0 1 1 1 0 1 0 0 0 1 0 0 1 1 1 0 0 0 0 0 1 0 0 1]"
20,0.9895577261036579,"[1 1 1 1 1 1 1 1 1 0 1 1 1 0 1 1 0 0 1 1 1 1 0 1 1 1 1 0 0 1 1 0 0 1 0 1 0 0 0 0]"
20,0.9749140306680546,"[1 1 1 1 1 1 1 1 0 1 0 1 1 0 0 1 1 0 1 1 0 1 0 1 1 1 1 0 1 1 0 1 1 1 0 0 1 1 0 0]"
20,0.9871428744839269,"[1 1 1 1 1 1 1 1 1 0 1 0 1 0 1 1 0 0 1 1 1 1 1 1 0 1 1 1 1 1 1 0 1 1 0 1 0 0 0 1]"
20,0.5226671161037436,"[1 1 1 0 1 1 1 1 1 1 1 0 1 0 1 0 1 1 1 1 0 1 0 1 0 1 1 0 0 1 1 0 0 0 0 0 1 1 0 1]"
20,0.05625897332276148,"[1 0 1 1 1 1 1 1 1 1 1 1 1 0 1 1 0 0 1 1 1 1 0 0 1 1 0 0 0 1 1 0 0 1 0 0 0 0 0 1]"
20,0.0009384285578988966,"[0 1 1 1 1 1 1 1 0 1 1 1 1 1 0 1 1 0 1 1 1 1 0 0 1 1 1 0 1 1 1 1 0 1 1 1 1 1 0 1]"
20,0.4963383183753748,"[1 1 1 0 1 1 1 0 1 0 1 0 1 1 1 0 0 1 0 1 0 0 1 0 0 1 0 0 1 1 1 1 0 0 0 0 1 0 0 1]"
20,0.9355022564345669,"[1 1 1 1 1 1 1 0 0 1 0 0 1 1 0 0 1 0 0 0 0 0 1 1 0 1 1 1 1 0 0 0 0 0 1 0 1 0 0 0]"
21,0.05620981456720545,"[1 0 1 1 1 1 1 1 1 1 1 1 0 1 1 0 1 1 1 1 0 0 0 0 1 1 1 1 0 1 1 0 0 0 0 0 1 0 1 0]"
21,0.9779539462525724,"[1 1 1 1 1 1 1 1 0 1 1 0 1 1 1 0 0 0 0 1 0 0 0 0 1 0 1 1 0 1 1 0 1 0 1 0 0 1 1 1]"
21,0.9796647923438994,"[1 1 1 1 1 1 1 1 0 1 1 1 1 0 0 1 0 1 1 1 1 1 1 0 1 1 1 0 0 1 1 1 0 1 1 1 1 0 0 1]"
21,0.9895577261036579,"[1 1 1 1 1 1 1 1 1 0 1 1 1 0 1 1 0 0 1 1 1 1 0 1 1 1 1 0 0 1 1 0 0 1 0 1 0 0 0 0]"
21,0.9901619093657184,"[1 1 1 1 1 1 1 1 1 0 1 1 1 1 1 1 0 0 1 1 1 1 0 0 1 1 1 0 0 1 0 0 0 1 0 0 1 0 0 1]"
21,0.999936323052946,"[1 1 1 1 1 1 1 1 1 1 1 1 1 1 1 1 1 0 0 1 0 1 0 1 0 0 1 0 1 0 1 0 0 0 1 0 1 1 0 0]"
21,0.9972691259461363,"[1 1 1 1 1 1 1 1 1 1 1 0 1 1 1 0 0 0 0 1 0 1 0 0 1 0 1 1 0 1 1 0 1 0 1 0 0 1 1 1]"
21,0.9799963692759882,"[1 1 1 1 1 1 1 1 0 1 1 1 1 0 1 1 1 0 1 1 0 1 0 1 0 1 1 1 1 1 1 0 0 1 0 1 0 0 0 1]"
21,0.9422341431107908,"[1 1 1 1 1 1 1 0 0 1 1 1 1 0 1 1 0 0 1 1 0 1 0 1 0 1 1 1 1 1 1 0 0 1 0 0 0 0 0 1]"
21,0.9422701803753684,"[1 1 1 1 1 1 1 0 0 1 1 1 1 0 1 1 0 1 1 1 0 1 0 1 0 1 0 0 0 1 1 1 0 1 0 1 0 0 0 1]"
21,0.7273159598407661,"[1 1 1 1 0 1 1 1 1 1 1 1 1 0 1 0 0 0 1 1 1 1 0 1 0 1 1 0 1 1 1 0 0 1 0 0 0 0 0 0]"
21,0.9986186045706653,"[1 1 1 1 1 1 1 1 1 1 1 1 0 1 1 0 1 1 1 1 0 0 0 0 1 1 1 1 0 1 1 0 0 0 0 0 1 0 1 0]"
21,0.9803004436391355,"[1 1 1 1 1 1 1 1 0 1 1 1 1 1 0 1 1 0 1 1 1 1 0 0 1 1 1 0 1 1 1 1 0 1 1 1 0 1 1 1]"
21,0.5132349903676731,"[1 1 1 0 1 1 1 1 0 1 1 1 1 0 1 1 0 0 1 1 0 1 0 1 1 1 1 0 0 1 1 0 0 1 0 1 0 0 0 1]"
21,0.7273141697003127,"[1 1 1 1 0 1 1 1 1 1 1 1 1 0 1 0 0 0 1 1 1 0 0 1 0 1 1 0 1 1 1 0 0 1 0 0 0 0 1 0]"
21,0.9796220761533758,"[1 1 1 1 1 1 1 1 0 1 1 1 1 0 0 1 0 0 1 1 0 1 0 1 1 1 1 0 0 1 1 0 0 1 0 0 0 0 0 1]"
21,0.9802255062571413,"[1 1 1 1 1 1 1 1 0 1 1 1 1 1 0 1 0 0 1 1 1 1 0 0 1 1 1 0 1 1 1 1 0 1 1 1 0 1 0 1]"
21,0.9585575610997935,"[1 1 1 1 1 1 1 0 1 1 1 0 1 0 1 1 0 0 1 1 0 0 1 1 0 1 1 0 0 0 1 0 0 1 1 1 0 0 0 0]"
21,0.9680794354982702,"[1 1 1 1 1 1 1 1 0 0 1 0 1 0 1 1 1 0 1 1 1 1 0 0 1 1 1 1 1 1 1 1 0 1 1 1 1 1 0 1]"
21,0.9799214549755599,"[1 1 1 1 1 1 1 1 0 1 1 1 1 0 1 1 0 0 1 1 0 1 0 1 0 1 1 1 1 1 1 1 0 1 0 0 0 0 0 1]"
21,0.2195087946224387,"[1 1 0 1 1 0 1 1 1 1 1 1 1 0 1 1 0 0 1 0 0 0 1 0 0 1 0 1 1 0 0 0 1 0 1 0 1 1 1 0]"
21,0.0002471151642178265,"[0 1 1 0 1 1 1 1 1 0 0 1 0 0 0 0 1 1 0 0 0 1 0 0 0 1 1 0 1 0 1 1 1 0 0 0 1 0 1 1]"
21,0.989538241740643,"[1 1 1 1 1 1 1 1 1 0 1 1 1 0 1 1 0 0 0 1 1 1 0 0 1 1 1 0 0 1 1 0 0 1 0 1 0 1 0 1]"
21,0.05589530411500315,"[1 0 1 1 1 1 1 1 1 1 0 1 1 0 1 1 0 1 0 1 1 1 1 1 1 1 1 1 0 1 1 0 0 1 0 1 0 0 0 1]"
21,0.0009751447901003788,"[0 1 1 1 1 1 1 1 1 1 1 1 1 0 1 1 0 0 1 1 1 1 0 1 0 1 1 0 0 1 1 0 0 1 1 1 0 0 0 1]"
21,0.4963382390485437,"[1 1 1 0 1 1 1 0 1 0 1 0 1 1 1 0 0 1 0 1 0 0 1 0 0 0 0 0 1 1 1 1 0 0 0 0 1 0 0 1]"
21,0.2630562520767396,"[1 1 0 1 1 1 1 1 1 1 1 1 1 1 1 1 1 0 0 1 0 1 0 0 0 0 1 0 1 0 1 0 0 0 1 0 1 1 0 0]"
21,0.9803004436212684,"[1 1 1 1 1 1 1 1 0 1 1 1 1 1 0 1 1 0 1 1 1 1 0 0 1 1 1 0 1 1 1 1 0 1 1 1 0 1 0 1]"
21,0.7272016358093313,"[1 1 1 1 0 1 1 1 1 1 1 1 1 0 0 1 0 0 1 1 1 1 0 1 1 1 1 1 0 1 1 0 0 1 0 1 0 0 0 1]"
21,0.25849470623968207,"[1 1 0 1 1 1 1 1 1 0 0 1 1 0 1 1 0 1 0 1 1 0 1 1 0 1 1 0 1 1 1 0 1 1 1 0 0 0 1 1]"
21,0.9972572343840946,"[1 1 1 1 1 1 1 1 1 1 1 0 1 1 1 0 0 0 0 0 0 0 0 0 1 0 1 1 0 1 1 0 1 0 1 0 0 1 1 1]"
21,0.727486938822578,"[1 1 1 1 0 1 1 1 1 1 1 1 1 0 1 1 1 0 1 1 1 0 1 1 0 1 1 0 1 1 1 0 1 1 0 1 0 0 0 1]"
21,0.9946652086659795,"[1 1 1 1 1 1 1 1 1 1 0 1 1 1 0 0 1 1 1 1 0 1 0 0 0 0 1 0 0 1 0 1 0 1 0 1 1 0 0 0]"
21,0.7095835816944213,"[1 1 1 1 0 1 1 1 0 1 0 1 1 1 0 1 1 0 1 1 1 1 0 1 1 1 1 0 1 1 0 0 0 1 1 1 1 1 0 1]"
21,0.8496612217958616,"[1 1 1 1 1 0 1 1 1 1 0 1 1 1 0 0 1 1 1 1 0 1 0 0 0 0 1 0 0 1 0 1 0 0 0 0 1 0 0 1]"
21,0.9992741928037195,"[1 1 1 1 1 1 1 1 1 1 1 1 1 0 1 1 0 0 1 1 1 1 0 1 1 1 1 0 0 1 1 0 0 1 0 1 0 0 0 1]"
21,0.9602650720012784,"[1 1 1 1 1 1 1 0 1 1 1 1 0 1 1 0 1 1 0 1 0 0 0 0 1 1 1 1 0 1 1 0 0 0 0 0 1 0 1 0]"
21,0.9871428744839269,"[1 1 1 1 1 1 1 1 1 0 1 0 1 0 1 1 0 0 1 1 1 1 1 1 0 1 1 1 1 1 1 0 1 1 0 1 0 0 0 1]"
21,0.968791188752468,"[1 1 1 1 1 1 1 1 0 0 1 1 0 0 0 0 1 0 0 0 1 0 1 0 0 0 0 1 1 0 0 0 0 0 0 1 0 0 1 1]"
21,0.678618728988014,"[1 1 1 1 0 1 1 0 0 1 0 0 0 0 1 1 1 1 0 1 0 0 0 1 1 0 1 1 0 1 1 0 0 0 0 0 1 1 1 0]"
21,0.05591329682274351,"[1 0 1 1 1 1 1 1 1 1 0 1 1 1 0 0 1 1 1 1 0 1 0 0 1 0 1 0 0 1 0 1 0 1 0 1 1 0 0 1]"
21,0.9805815046596388,"[1 1 1 1 1 1 1 1 0 1 1 1 1 1 1 1 1 0 0 1 1 1 0 0 1 1 1 0 1 1 1 1 0 1 1 1 0 1 0 1]"
21,0.9803004436212684,"[1 1 1 1 1 1 1 1 0 1 1 1 1 1 0 1 1 0 1 1 1 1 0 0 1 1 1 0 1 1 1 1 0 1 1 1 0 1 0 1]"
21,0.9967571429267896,"[1 1 1 1 1 1 1 1 1 1 1 0 1 0 1 0 1 0 1 1 0 1 1 1 0 1 1 0 1 1 1 0 1 1 0 1 0 0 0 1]"
21,0.999269427548214,"[1 1 1 1 1 1 1 1 1 1 1 1 1 0 1 1 0 0 1 1 0 1 0 1 1 1 1 0 0 1 1 0 0 1 0 1 0 0 0 0]"
21,0.9972664503335502,"[1 1 1 1 1 1 1 1 1 1 1 0 1 1 1 0 0 0 0 1 0 0 0 0 0 0 1 1 0 1 1 0 1 0 1 0 0 1 1 1]"
21,0.9803379142367994,"[1 1 1 1 1 1 1 1 0 1 1 1 1 1 0 1 1 1 1 1 1 1 0 0 1 1 1 0 1 1 1 1 0 1 1 1 0 1 0 1]"
21,0.9895569880966533,"[1 1 1 1 1 1 1 1 1 0 1 1 1 0 1 1 0 0 1 1 1 1 0 0 1 0 1 0 0 1 1 0 0 1 0 1 0 1 0 1]"
21,0.9892554625903578,"[1 1 1 1 1 1 1 1 1 0 1 1 1 0 0 1 0 0 1 1 1 1 0 1 1 1 1 0 0 1 1 0 1 1 0 1 0 0 0 0]"
21,0.9778863465731548,"[1 1 1 1 1 1 1 1 0 1 1 0 1 1 0 1 1 0 0 1 1 1 0 0 1 1 1 1 1 1 1 1 0 1 1 1 1 1 0 1]"
22,0.7024442866406035,"[1 1 1 1 0 1 1 1 0 0 0 1 1 1 0 1 1 0 1 1 1 1 0 0 1 1 1 0 1 1 0 0 0 1 1 1 1 1 0 1]"
22,0.9986185999016749,"[1 1 1 1 1 1 1 1 1 1 1 1 0 1 1 0 1 1 1 1 0 0 0 0 1 1 1 1 0 1 0 0 0 0 0 0 1 0 0 0]"
22,0.37323812811571533,"[1 1 1 0 0 1 1 1 1 1 1 1 1 0 0 1 0 0 1 1 1 1 0 1 1 1 1 1 0 1 1 0 0 1 0 1 0 0 0 1]"
22,0.9973045041703801,"[1 1 1 1 1 1 1 1 1 1 1 0 1 1 1 0 0 1 0 1 0 0 0 0 0 0 1 1 0 1 1 0 1 0 1 0 1 1 1 1]"
22,0.9901619278271647,"[1 1 1 1 1 1 1 1 1 0 1 1 1 1 1 1 0 0 1 1 1 1 0 0 1 1 1 0 1 1 0 0 0 1 0 0 1 0 0 1]"
22,0.26226037758397885,"[1 1 0 1 1 1 1 1 1 1 1 0 1 1 1 0 0 0 1 1 0 1 0 0 1 0 1 1 0 0 1 0 1 0 1 0 0 0 1 1]"
22,0.9220204091581963,"[1 1 1 1 1 1 0 1 1 1 1 0 1 1 1 0 0 0 0 1 0 1 0 0 1 0 1 1 0 1 1 0 1 0 0 0 0 1 1 1]"
22,0.0009748384792711204,"[0 1 1 1 1 1 1 1 1 1 1 1 1 0 1 0 0 0 1 1 0 1 0 1 1 1 1 0 0 1 1 0 0 1 0 1 0 0 0 0]"
22,0.9803004436212684,"[1 1 1 1 1 1 1 1 0 1 1 1 1 1 0 1 1 0 1 1 1 1 0 0 1 1 1 0 1 1 1 1 0 1 1 1 0 1 0 1]"
22,0.25984729641431437,"[1 1 0 1 1 1 1 1 1 0 1 1 1 0 0 1 0 0 1 1 1 1 0 1 0 1 1 0 0 1 0 0 1 1 0 1 0 0 0 0]"
22,0.9869732150284222,"[1 1 1 1 1 1 1 1 1 0 1 0 1 0 1 0 0 0 0 1 1 1 1 1 0 1 1 1 1 1 1 1 0 1 0 1 0 0 0 1]"
22,0.7077927715375798,"[1 1 1 1 0 1 1 1 0 1 0 0 1 1 0 1 1 0 1 1 1 1 0 1 1 1 1 0 1 1 0 0 0 1 1 0 1 1 0 1]"
22,0.9972667476235185,"[1 1 1 1 1 1 1 1 1 1 1 0 1 1 1 0 0 0 0 1 0 0 0 0 1 0 1 1 0 1 1 0 1 0 1 0 0 1 1 1]"
22,0.9615613224678049,"[1 1 1 1 1 1 1 0 1 1 1 1 1 1 1 1 1 0 0 1 1 1 1 1 0 0 1 0 1 0 1 0 0 0 1 0 1 0 0 0]"
22,0.9803004436391355,"[1 1 1 1 1 1 1 1 0 1 1 1 1 1 0 1 1 0 1 1 1 1 0 0 1 1 1 0 1 1 1 1 0 1 1 1 0 1 1 1]"
22,0.9422341431107908,"[1 1 1 1 1 1 1 0 0 1 1 1 1 0 1 1 0 0 1 1 0 1 0 1 0 1 1 1 1 1 1 0 0 1 0 0 0 0 0 1]"
22,0.9999554049227368,"[1 1 1 1 1 1 1 1 1 1 1 1 1 1 1 1 1 0 1 1 0 1 0 1 0 0 1 0 1 1 1 0 0 0 1 0 1 1 0 0]"
22,0.9871428744839269,"[1 1 1 1 1 1 1 1 1 0 1 0 1 0 1 1 0 0 1 1 1 1 1 1 0 1 1 1 1 1 1 0 1 1 0 1 0 0 0 1]"
22,0.9902140604643671,"[1 1 1 1 1 1 1 1 1 0 1 1 1 1 1 1 1 0 0 1 0 1 0 1 0 0 1 0 1 0 1 0 1 0 1 0 1 1 0 0]"
22,0.7256514896559646,"[1 1 1 1 0 1 1 1 1 1 1 0 1 0 1 1 1 0 1 1 0 0 1 0 0 1 1 0 1 1 1 0 1 1 0 1 0 0 0 1]"
22,0.9972691259461363,"[1 1 1 1 1 1 1 1 1 1 1 0 1 1 1 0 0 0 0 1 0 1 0 0 1 0 1 1 0 1 1 0 1 0 1 0 0 1 1 1]"
22,0.9972569358991099,"[1 1 1 1 1 1 1 1 1 1 1 0 1 1 1 0 0 0 0 0 0 0 0 0 0 0 1 1 0 1 1 0 0 0 1 0 0 0 1 1]"
22,0.6786185318889394,"[1 1 1 1 0 1 1 0 0 1 0 0 0 0 1 1 1 1 0 1 0 0 0 1 0 0 1 1 1 1 1 0 0 0 0 0 1 1 1 0]"
22,0.9991917537833134,"[1 1 1 1 1 1 1 1 1 1 1 1 1 0 1 0 1 0 1 1 0 0 1 1 0 1 1 1 1 1 1 0 1 0 0 1 0 0 0 1]"
22,0.5125656613074666,"[1 1 1 0 1 1 1 1 0 1 1 1 0 0 1 1 0 0 1 1 0 1 0 1 1 1 1 0 0 1 1 0 0 1 0 1 0 0 0 1]"
22,0.9799963692759882,"[1 1 1 1 1 1 1 1 0 1 1 1 1 0 1 1 1 0 1 1 0 1 0 1 0 1 1 1 1 1 1 0 0 1 0 1 0 0 0 1]"
22,0.9799963691241604,"[1 1 1 1 1 1 1 1 0 1 1 1 1 0 1 1 1 0 1 1 0 1 0 1 0 1 1 1 1 1 1 0 0 1 0 0 0 0 0 0]"
22,0.849662251300342,"[1 1 1 1 1 0 1 1 1 1 0 1 1 1 0 0 1 1 1 1 0 1 1 0 0 0 1 0 0 1 0 1 0 0 0 0 1 0 0 0]"
22,0.9895570618657984,"[1 1 1 1 1 1 1 1 1 0 1 1 1 0 1 1 0 0 1 1 1 1 0 0 1 1 0 0 0 1 1 0 0 1 0 1 0 0 0 1]"
22,0.9680794326716331,"[1 1 1 1 1 1 1 1 0 0 1 0 1 0 1 1 1 0 1 1 1 1 0 0 1 1 1 1 1 1 1 0 0 0 1 1 1 1 0 1]"
22,0.0009326245306699915,"[0 1 1 1 1 1 1 1 0 1 1 0 1 0 0 1 0 1 1 1 1 1 1 0 1 1 1 0 0 1 1 1 0 1 1 1 1 1 1 1]"
22,0.999936323052946,"[1 1 1 1 1 1 1 1 1 1 1 1 1 1 1 1 1 0 0 1 0 1 0 1 0 0 1 0 1 0 1 0 0 0 1 0 1 1 0 0]"
22,0.9974977367642197,"[1 1 1 1 1 1 1 1 1 1 1 0 1 1 1 1 1 0 0 1 0 1 0 1 0 0 1 0 1 0 1 0 0 0 0 0 1 1 0 1]"
22,0.9710846182683434,"[1 1 1 1 1 1 1 1 0 0 1 1 1 1 1 1 1 1 1 1 1 1 0 0 1 1 1 1 1 1 1 1 0 1 1 1 0 1 0 1]"
22,0.9799963692759882,"[1 1 1 1 1 1 1 1 0 1 1 1 1 0 1 1 1 0 1 1 0 1 0 1 0 1 1 1 1 1 1 0 0 1 0 1 0 0 0 1]"
22,0.9967351721201201,"[1 1 1 1 1 1 1 1 1 1 1 0 1 0 1 0 1 0 0 1 0 0 1 0 0 1 1 1 0 1 1 0 1 0 1 1 0 1 0 1]"
22,0.9889525375494354,"[1 1 1 1 1 1 1 1 1 0 1 1 0 1 1 1 0 0 1 1 1 1 0 0 1 0 1 0 0 1 0 0 0 1 0 0 1 0 0 1]"
22,0.979102055158863,"[1 1 1 1 1 1 1 1 0 1 1 1 0 1 0 1 1 0 1 1 1 1 0 0 1 1 1 0 1 0 1 1 0 1 1 1 0 1 0 1]"
22,0.040694162931396625,"[1 0 1 1 1 0 0 1 1 1 0 1 1 1 0 0 1 1 1 1 0 1 0 0 0 0 1 0 0 1 0 1 0 0 0 0 1 0 0 1]"
22,0.9040232115444932,"[1 1 1 1 1 1 0 1 0 1 1 0 1 1 1 0 0 0 0 1 0 0 0 0 1 0 1 0 0 1 1 0 1 0 1 0 0 1 1 1]"
22,0.9419719100429726,"[1 1 1 1 1 1 1 0 0 1 1 1 1 0 0 1 0 1 1 0 0 1 0 1 0 1 0 0 0 1 1 1 0 1 0 1 0 0 0 1]"
22,0.9892554625903578,"[1 1 1 1 1 1 1 1 1 0 1 1 1 0 0 1 0 0 1 1 1 1 0 1 1 1 1 0 0 1 1 0 1 1 0 1 0 0 0 0]"
22,0.05591329122086832,"[1 0 1 1 1 1 1 1 1 1 0 1 1 1 0 0 1 1 1 1 0 1 0 0 1 0 0 0 0 1 0 1 0 0 0 1 1 0 0 1]"
22,0.9972664504061307,"[1 1 1 1 1 1 1 1 1 1 1 0 1 1 1 0 0 0 0 1 0 0 0 0 0 0 1 1 0 1 1 0 1 0 1 0 1 1 1 1]"
22,0.9805815046596388,"[1 1 1 1 1 1 1 1 0 1 1 1 1 1 1 1 1 0 0 1 1 1 0 0 1 1 1 0 1 1 1 1 0 1 1 1 0 1 0 1]"
22,0.9871428745198855,"[1 1 1 1 1 1 1 1 1 0 1 0 1 0 1 1 0 0 1 1 1 1 1 1 0 1 1 1 1 1 1 0 1 1 0 1 0 1 0 1]"
22,0.0009752104802891192,"[0 1 1 1 1 1 1 1 1 1 1 1 1 0 1 1 0 1 1 1 0 1 0 1 1 1 1 0 0 1 1 0 0 1 0 1 0 1 0 0]"
22,0.979661135308685,"[1 1 1 1 1 1 1 1 0 1 1 1 1 0 0 1 0 1 1 1 1 0 0 0 1 0 1 0 0 1 1 1 0 1 1 1 1 0 0 1]"
22,0.5172706707671215,"[1 1 1 0 1 1 1 1 1 0 1 0 1 0 1 1 0 0 1 1 1 1 1 1 0 1 1 1 1 1 1 0 1 1 0 1 0 0 1 1]"
22,0.9422701802374321,"[1 1 1 1 1 1 1 0 0 1 1 1 1 0 1 1 0 1 1 1 0 1 0 1 0 1 0 0 0 1 1 1 0 1 0 0 0 0 0 1]"
23,0.9893309472478254,"[1 1 1 1 1 1 1 1 1 0 1 1 1 0 0 1 1 0 1 1 1 1 0 1 1 1 0 0 0 1 1 0 1 1 0 1 1 0 0 0]"
23,0.9799963326944355,"[1 1 1 1 1 1 1 1 0 1 1 1 1 0 1 1 1 0 1 1 0 1 0 1 0 1 1 0 1 1 1 0 0 1 0 1 0 0 0 1]"
23,0.9422701692025413,"[1 1 1 1 1 1 1 0 0 1 1 1 1 0 1 1 0 1 1 1 0 1 0 1 0 1 0 0 0 0 1 0 0 1 0 0 0 0 0 1]"
23,0.0008297052037742313,"[0 1 1 1 1 1 0 1 1 1 1 0 1 1 1 0 0 1 0 1 0 0 0 0 0 0 1 1 0 1 1 0 1 0 1 0 1 0 1 1]"
23,0.8491394357425996,"[1 1 1 1 1 0 1 1 1 1 0 1 1 0 0 0 1 1 1 1 1 1 1 0 0 0 1 1 0 1 0 1 0 0 0 0 1 0 0 0]"
23,0.9245235808954317,"[1 1 1 1 1 1 0 1 1 1 1 1 1 1 1 1 1 0 1 1 0 1 0 1 0 0 1 0 1 1 1 0 0 0 1 0 1 1 0 0]"
23,0.7259366071153394,"[1 1 1 1 0 1 1 1 1 1 1 0 1 1 1 0 0 0 1 1 0 0 0 0 1 0 1 1 0 1 1 0 1 0 1 0 0 1 1 1]"
23,0.9869732162508238,"[1 1 1 1 1 1 1 1 1 0 1 0 1 0 1 0 0 0 0 1 1 1 1 1 0 1 1 1 1 1 1 1 1 1 0 1 1 0 0 1]"
23,0.26225099810488783,"[1 1 0 1 1 1 1 1 1 1 1 0 1 1 1 0 0 0 0 0 0 0 0 0 0 0 1 1 0 1 1 0 0 0 1 0 0 0 1 1]"
23,0.684645540196591,"[1 1 1 1 0 1 1 0 0 1 1 1 1 0 1 1 1 0 0 1 0 1 0 1 1 1 1 1 1 1 0 0 0 0 0 0 0 0 0 1]"
23,0.9748687219470162,"[1 1 1 1 1 1 1 1 0 1 0 1 1 0 0 1 0 1 1 0 1 0 0 0 0 0 1 0 0 1 1 1 0 1 0 1 1 0 0 1]"
23,0.9422344255943137,"[1 1 1 1 1 1 1 0 0 1 1 1 1 0 1 1 0 0 1 1 0 1 0 1 1 1 1 1 1 1 1 0 0 1 0 0 0 0 0 1]"
23,0.8705033025398978,"[1 1 1 1 1 1 0 0 0 1 1 1 1 0 0 1 0 1 1 0 0 1 0 1 0 1 0 0 0 1 1 1 1 1 0 1 0 0 0 1]"
23,0.9892554626083716,"[1 1 1 1 1 1 1 1 1 0 1 1 1 0 0 1 0 0 1 1 1 1 0 1 1 1 1 0 0 1 1 0 1 1 0 1 0 0 1 0]"
23,0.9615613224678049,"[1 1 1 1 1 1 1 0 1 1 1 1 1 1 1 1 1 0 0 1 1 1 1 1 0 0 1 0 1 0 1 0 0 0 1 0 1 0 0 0]"
23,0.960377833565801,"[1 1 1 1 1 1 1 0 1 1 1 1 0 1 1 1 1 0 0 1 0 1 0 1 0 0 1 0 1 0 1 0 0 0 0 0 1 1 0 1]"
23,0.9972667476235185,"[1 1 1 1 1 1 1 1 1 1 1 0 1 1 1 0 0 0 0 1 0 0 0 0 1 0 1 1 0 1 1 0 1 0 1 0 0 1 1 1]"
23,0.9999363323656381,"[1 1 1 1 1 1 1 1 1 1 1 1 1 1 1 1 1 0 0 1 0 1 0 1 0 0 1 0 1 1 1 0 0 0 1 0 1 1 0 0]"
23,0.9422702155490839,"[1 1 1 1 1 1 1 0 0 1 1 1 1 0 1 1 0 1 1 1 0 1 0 1 0 1 0 1 0 1 1 1 0 1 0 0 0 0 0 1]"
23,0.4719092943330965,"[1 1 1 0 1 1 0 1 0 1 1 1 1 0 1 0 1 0 1 1 0 1 0 1 0 1 1 1 1 1 1 0 0 1 0 1 1 0 0 1]"
23,0.5132767166820116,"[1 1 1 0 1 1 1 1 0 1 1 1 1 0 1 1 1 0 1 1 0 1 0 1 0 1 1 1 1 1 1 0 0 1 0 1 0 0 0 1]"
23,0.9899119129923976,"[1 1 1 1 1 1 1 1 1 0 1 1 1 1 0 1 1 0 0 1 0 1 0 1 1 0 1 0 1 0 1 1 1 0 1 0 1 1 0 0]"
23,0.9889522424820504,"[1 1 1 1 1 1 1 1 1 0 1 1 0 1 1 1 0 0 1 1 1 1 0 0 0 0 1 0 0 1 0 0 0 1 0 0 1 0 0 0]"
23,0.0009700497310766751,"[0 1 1 1 1 1 1 1 1 1 1 0 1 0 1 0 0 0 0 1 0 1 0 0 1 0 1 1 0 1 1 0 1 0 1 0 0 1 1 1]"
23,0.05201700120150328,"[1 0 1 1 1 1 1 0 0 1 1 1 1 0 1 1 0 1 1 1 0 1 0 0 0 1 0 0 0 1 1 1 0 1 0 0 0 0 1 1]"
23,0.5171863696351828,"[1 1 1 0 1 1 1 1 1 0 1 0 1 0 1 0 0 0 1 1 1 1 1 1 0 1 1 1 1 1 1 0 1 1 1 1 0 1 0 1]"
23,0.9799963692759882,"[1 1 1 1 1 1 1 1 0 1 1 1 1 0 1 1 1 0 1 1 0 1 0 1 0 1 1 1 1 1 1 0 0 1 0 1 0 0 0 1]"
23,0.21905879642847104,"[1 1 0 1 1 0 1 1 1 1 1 0 1 1 1 1 1 0 0 1 0 1 0 0 0 0 1 0 1 0 1 0 0 0 0 0 1 1 0 1]"
23,0.9991917529108336,"[1 1 1 1 1 1 1 1 1 1 1 1 1 0 1 0 1 0 1 1 0 0 1 1 0 1 1 1 1 1 1 0 0 0 1 1 0 0 0 1]"
23,0.9615613224678049,"[1 1 1 1 1 1 1 0 1 1 1 1 1 1 1 1 1 0 0 1 1 1 1 1 0 0 1 0 1 0 1 0 0 0 1 0 1 0 0 0]"
23,0.99726793685677,"[1 1 1 1 1 1 1 1 1 1 1 0 1 1 1 0 0 0 0 1 0 0 1 0 1 0 1 1 0 1 1 0 1 0 1 0 1 1 1 1]"
23,0.9999554049227368,"[1 1 1 1 1 1 1 1 1 1 1 1 1 1 1 1 1 0 1 1 0 1 0 1 0 0 1 0 1 1 1 0 0 0 1 0 1 1 0 0]"
23,0.9806002457843944,"[1 1 1 1 1 1 1 1 0 1 1 1 1 1 1 1 1 0 1 1 1 1 0 0 1 1 1 0 1 1 1 1 1 1 1 1 0 1 0 1]"
23,0.05610864115978001,"[1 0 1 1 1 1 1 1 1 1 1 0 1 1 1 0 0 0 0 1 0 1 1 0 1 0 1 1 0 1 1 0 1 0 1 0 0 1 1 1]"
23,0.9414431731861672,"[1 1 1 1 1 1 1 0 0 1 1 1 0 1 0 1 1 0 1 1 1 1 0 0 1 1 1 0 1 1 1 1 0 1 1 1 0 1 1 1]"
23,0.8519549600096413,"[1 1 1 1 1 0 1 1 1 1 1 0 1 1 1 0 0 1 0 1 0 1 1 0 1 0 1 1 0 1 1 0 1 0 1 0 0 1 1 1]"
23,0.9781854464651786,"[1 1 1 1 1 1 1 1 0 1 1 0 1 1 1 1 1 0 0 1 1 1 0 0 1 1 1 0 1 1 1 1 0 1 1 1 0 1 0 1]"
23,0.9871428768571913,"[1 1 1 1 1 1 1 1 1 0 1 0 1 0 1 1 0 0 1 1 1 1 1 1 0 1 1 1 1 1 1 1 1 1 0 1 1 0 0 1]"
23,0.8519188402517639,"[1 1 1 1 1 0 1 1 1 1 1 0 1 1 1 0 0 0 0 1 0 0 0 0 1 0 1 1 0 1 1 0 1 0 1 0 0 1 1 1]"
23,0.7999492851447539,"[1 1 1 1 1 0 1 0 0 1 0 1 1 0 0 1 0 1 1 0 0 1 0 1 0 1 0 0 0 1 1 1 0 1 0 1 0 0 0 1]"
23,0.5131079913396628,"[1 1 1 0 1 1 1 1 0 1 1 1 1 0 0 1 1 0 1 1 0 0 0 1 0 1 1 1 1 1 1 0 1 1 0 1 0 0 0 1]"
23,0.9801106380386082,"[1 1 1 1 1 1 1 1 0 1 1 1 1 1 0 0 0 1 1 1 1 0 0 0 1 0 1 1 0 1 1 0 0 1 1 1 0 0 0 1]"
23,0.4722901125156433,"[1 1 1 0 1 1 0 1 0 1 1 1 1 1 1 1 1 0 0 1 1 1 0 0 1 1 1 1 0 1 1 1 0 1 0 1 0 1 0 1]"
23,0.9220356458844627,"[1 1 1 1 1 1 0 1 1 1 1 0 1 1 1 0 0 0 1 1 0 0 0 0 0 0 1 1 0 1 1 0 1 0 1 0 1 1 0 1]"
23,0.3721690890479769,"[1 1 1 0 0 1 1 1 1 1 1 0 1 0 0 0 0 0 1 1 0 1 0 1 1 1 1 1 0 1 1 0 0 1 0 1 0 0 0 1]"
23,0.8431338098028222,"[1 1 1 1 1 0 1 1 1 0 1 0 1 0 1 1 0 0 1 1 1 1 1 1 0 1 1 1 1 1 1 0 1 1 0 1 0 1 0 1]"
23,0.5244355274823348,"[1 1 1 0 1 1 1 1 1 1 1 1 1 1 1 1 1 0 1 1 0 1 0 1 0 0 1 0 1 1 1 0 0 0 1 0 1 0 0 0]"
23,0.9421255724617202,"[1 1 1 1 1 1 1 0 0 1 1 1 1 0 1 0 0 1 1 1 0 1 0 1 0 1 0 0 1 1 1 1 1 1 0 0 0 0 0 1]"
23,0.9698592725000276,"[1 1 1 1 1 1 1 1 0 0 1 1 0 1 1 1 1 0 1 1 1 1 0 0 1 1 1 1 1 1 1 1 0 1 1 1 0 1 0 1]"
23,0.9974980341162402,"[1 1 1 1 1 1 1 1 1 1 1 0 1 1 1 1 1 0 0 1 0 1 0 1 1 0 1 0 1 0 1 0 0 0 0 0 1 1 0 1]"
24,0.999191752947187,"[1 1 1 1 1 1 1 1 1 1 1 1 1 0 1 0 1 0 1 1 0 0 1 1 0 1 1 1 1 1 1 0 0 0 1 1 0 1 0 1]"
24,0.19573919569440493,"[1 1 0 1 1 0 0 1 0 1 1 1 1 0 0 1 0 1 1 0 0 1 0 1 0 1 0 0 0 1 1 1 1 1 0 1 0 0 0 1]"
24,0.37223178207764523,"[1 1 1 0 0 1 1 1 1 1 1 0 1 0 0 1 0 0 1 1 0 1 0 1 1 1 1 1 0 1 1 0 0 1 0 1 0 0 0 1]"
24,0.9615521163293299,"[1 1 1 1 1 1 1 0 1 1 1 1 1 1 1 1 1 0 0 0 1 1 1 1 0 0 1 0 1 0 1 0 0 0 1 0 1 0 0 0]"
24,0.9698546336855237,"[1 1 1 1 1 1 1 1 0 0 1 1 0 1 1 1 1 0 1 1 0 1 0 0 1 1 1 1 1 1 1 1 0 1 1 1 0 1 0 1]"
24,0.49222210596619836,"[1 1 1 0 1 1 1 0 0 1 1 1 1 0 1 1 0 1 1 1 0 1 0 1 0 1 0 1 0 0 1 0 0 1 0 0 0 1 0 1]"
24,0.9238141629791994,"[1 1 1 1 1 1 0 1 1 1 1 1 1 0 1 0 1 0 1 1 0 1 1 1 0 1 1 0 1 1 1 0 0 0 1 1 0 0 0 1]"
24,0.8519188402517639,"[1 1 1 1 1 0 1 1 1 1 1 0 1 1 1 0 0 0 0 1 0 0 0 0 1 0 1 1 0 1 1 0 1 0 1 0 0 1 1 1]"
24,0.9972667476235185,"[1 1 1 1 1 1 1 1 1 1 1 0 1 1 1 0 0 0 0 1 0 0 0 0 1 0 1 1 0 1 1 0 1 0 1 0 0 1 1 1]"
24,0.0002564353437766373,"[0 1 1 0 1 1 1 1 1 1 1 1 1 0 1 0 1 0 1 1 0 0 1 1 0 1 1 1 1 1 1 0 0 1 0 1 0 0 0 1]"
24,0.9217520088790854,"[1 1 1 1 1 1 0 1 1 1 1 0 1 1 0 0 0 0 1 1 0 0 0 0 0 0 1 1 0 1 1 0 1 0 1 0 1 1 0 0]"
24,0.9999363320746164,"[1 1 1 1 1 1 1 1 1 1 1 1 1 1 1 1 1 0 0 1 0 1 0 1 0 0 1 0 1 1 1 0 0 0 0 0 1 1 0 0]"
24,0.9974980341162402,"[1 1 1 1 1 1 1 1 1 1 1 0 1 1 1 1 1 0 0 1 0 1 0 1 1 0 1 0 1 0 1 0 0 0 0 0 1 1 0 1]"
24,0.9698592725000276,"[1 1 1 1 1 1 1 1 0 0 1 1 0 1 1 1 1 0 1 1 1 1 0 0 1 1 1 1 1 1 1 1 0 1 1 1 0 1 0 1]"
24,0.8431338118308802,"[1 1 1 1 1 0 1 1 1 0 1 0 1 0 1 1 0 0 1 1 1 1 1 1 0 1 1 1 1 1 1 1 1 1 0 1 1 0 0 1]"
24,0.000250639500370605,"[0 1 1 0 1 1 1 1 1 0 1 1 1 0 0 1 0 0 1 1 1 1 0 1 1 1 0 0 0 1 1 0 1 1 0 1 0 0 0 0]"
24,0.9728324285552062,"[1 1 1 1 1 1 1 1 0 1 0 0 1 0 1 1 1 0 1 1 1 1 0 1 0 1 0 1 1 1 1 0 0 1 0 1 0 0 0 1]"
24,0.9697847024073603,"[1 1 1 1 1 1 1 1 0 0 1 1 0 1 1 1 0 0 1 1 1 1 0 0 0 1 1 0 0 1 0 0 0 1 0 0 1 0 0 0]"
24,0.9991920507172999,"[1 1 1 1 1 1 1 1 1 1 1 1 1 0 1 0 1 0 1 1 0 0 1 1 1 1 1 1 1 1 1 0 0 0 1 1 0 0 0 1]"
24,0.9806002389215495,"[1 1 1 1 1 1 1 1 0 1 1 1 1 1 1 1 1 0 1 1 1 1 0 0 1 1 1 0 1 1 0 0 1 1 1 1 0 1 0 1]"
24,0.7259232031565408,"[1 1 1 1 0 1 1 1 1 1 1 0 1 1 1 0 0 0 0 1 0 0 1 0 1 0 1 1 0 1 1 0 0 0 1 0 1 1 1 1]"
24,0.942270178030454,"[1 1 1 1 1 1 1 0 0 1 1 1 1 0 1 1 0 1 1 1 0 1 0 1 0 1 0 0 0 1 1 0 0 1 0 0 0 0 0 1]"
24,0.0009343751155621319,"[0 1 1 1 1 1 1 1 0 1 1 0 1 1 1 1 1 0 0 1 1 1 0 0 1 1 1 0 1 1 1 1 0 1 1 1 0 0 0 1]"
24,0.7260518553926243,"[1 1 1 1 0 1 1 1 1 1 1 0 1 1 1 1 0 0 1 1 0 0 1 0 1 0 1 0 0 1 1 0 1 0 1 0 0 1 1 1]"
24,0.05551371804529874,"[1 0 1 1 1 1 1 1 1 0 1 1 1 0 0 1 1 0 1 1 1 1 0 1 1 1 0 0 0 1 1 0 1 0 1 1 1 0 0 0]"
24,0.8516907391213387,"[1 1 1 1 1 0 1 1 1 1 1 0 1 1 0 0 0 1 0 1 0 1 1 0 1 0 0 1 0 1 1 1 1 0 1 0 0 1 0 1]"
24,0.9057691364692948,"[1 1 1 1 1 1 0 1 0 1 1 1 1 0 1 0 1 0 0 1 0 1 0 1 0 1 1 1 1 1 1 0 0 1 0 1 1 0 0 1]"
24,0.9238119777038508,"[1 1 1 1 1 1 0 1 1 1 1 1 1 0 1 0 1 0 1 1 0 0 1 1 0 1 1 1 1 1 1 0 0 0 1 1 1 1 0 1]"
24,0.9823178202905848,"[1 1 1 1 1 1 1 1 1 0 0 0 1 0 1 1 0 0 1 0 1 1 1 1 0 1 1 1 1 1 1 1 0 1 0 1 0 0 0 1]"
24,0.9748687213781219,"[1 1 1 1 1 1 1 1 0 1 0 1 1 0 0 1 0 1 1 0 1 0 0 0 0 0 1 0 0 1 1 1 0 0 0 1 1 0 0 1]"
24,0.9220400783357422,"[1 1 1 1 1 1 0 1 1 1 1 0 1 1 1 0 0 0 1 1 1 0 0 0 0 0 1 1 0 1 1 0 1 0 1 0 1 1 0 1]"
24,0.9799963641227762,"[1 1 1 1 1 1 1 1 0 1 1 1 1 0 1 1 1 0 1 1 0 1 0 1 0 1 1 1 1 1 0 0 0 0 0 1 0 0 0 0]"
24,0.989255461437468,"[1 1 1 1 1 1 1 1 1 0 1 1 1 0 0 1 0 0 1 1 1 1 0 1 1 1 1 0 0 1 1 0 0 1 0 1 0 0 0 0]"
24,0.5171757310899104,"[1 1 1 0 1 1 1 1 1 0 1 0 1 0 1 0 0 0 0 1 1 1 1 1 0 0 1 0 1 1 1 1 1 1 0 1 1 0 0 1]"
24,0.0008328989258888334,"[0 1 1 1 1 1 0 1 1 1 1 1 1 0 1 0 1 0 1 1 0 0 1 1 0 1 1 1 1 1 1 0 0 0 1 1 0 0 0 1]"
24,0.9698592679699256,"[1 1 1 1 1 1 1 1 0 0 1 1 0 1 1 1 1 0 1 1 1 1 0 0 1 1 1 1 1 1 0 1 0 1 1 1 0 1 0 1]"
24,0.9869732138060205,"[1 1 1 1 1 1 1 1 1 0 1 0 1 0 1 0 0 0 0 1 1 1 1 1 0 1 1 1 1 1 1 0 1 1 0 0 1 0 0 1]"
24,0.942274735467568,"[1 1 1 1 1 1 1 0 0 1 1 1 1 0 1 1 0 1 1 1 1 1 0 1 0 1 0 1 0 1 1 1 0 1 0 0 0 0 1 1]"
24,0.000937845234945484,"[0 1 1 1 1 1 1 1 0 1 1 1 1 0 1 1 1 0 1 1 0 1 0 1 0 1 1 0 1 1 1 0 0 1 0 1 0 0 0 1]"
24,0.9991726934631495,"[1 1 1 1 1 1 1 1 1 1 1 1 1 0 1 0 1 0 0 1 0 0 1 1 0 1 1 1 1 1 1 0 0 0 1 1 0 0 0 1]"
24,0.9962808978719447,"[1 1 1 1 1 1 1 1 1 1 1 0 0 1 1 1 1 0 0 1 0 1 0 1 1 1 1 0 1 0 1 0 0 0 1 0 1 1 0 1]"
24,0.9414431731861672,"[1 1 1 1 1 1 1 0 0 1 1 1 0 1 0 1 1 0 1 1 1 1 0 0 1 1 1 0 1 1 1 1 0 1 1 1 0 1 1 1]"
24,0.9698592725000276,"[1 1 1 1 1 1 1 1 0 0 1 1 0 1 1 1 1 0 1 1 1 1 0 0 1 1 1 1 1 1 1 1 0 1 1 1 0 1 0 1]"
24,0.9875696269540865,"[1 1 1 1 1 1 1 1 1 0 1 0 1 1 1 0 0 0 0 1 0 0 1 1 1 0 1 1 0 1 1 0 1 0 1 0 1 1 1 1]"
24,0.9606778948272198,"[1 1 1 1 1 1 1 0 1 1 1 1 1 0 0 1 1 0 0 1 1 1 1 1 0 0 1 0 1 0 1 0 0 0 1 0 1 0 0 1]"
24,0.9972667464440842,"[1 1 1 1 1 1 1 1 1 1 1 0 1 1 1 0 0 0 0 1 0 0 0 0 1 0 1 1 0 1 1 0 0 0 1 0 0 1 0 1]"
24,0.9698591637775842,"[1 1 1 1 1 1 1 1 0 0 1 1 0 1 1 1 1 0 1 1 1 1 0 0 1 1 0 0 1 1 1 1 0 1 1 1 0 1 0 1]"
24,0.0009575341280587781,"[0 1 1 1 1 1 1 1 1 0 1 1 1 1 1 1 1 0 0 1 0 1 0 1 1 0 1 0 0 0 1 1 1 0 1 0 1 1 0 0]"
24,0.255815408657623,"[1 1 0 1 1 1 1 1 0 1 0 1 1 1 1 1 1 0 1 1 1 1 1 0 1 1 1 0 1 1 1 1 1 1 1 1 0 1 0 1]"
24,0.7183588503424815,"[1 1 1 1 0 1 1 1 1 0 1 0 1 0 1 1 1 0 0 1 1 1 1 1 0 1 1 1 1 1 1 1 1 1 1 1 1 0 0 1]"
25,0.6104306219044596,"[1 1 1 1 0 0 1 1 1 0 1 0 1 0 1 1 1 0 1 1 1 1 0 1 0 1 1 1 1 1 1 0 1 1 0 1 1 0 0 1]"
25,0.3723570741583151,"[1 1 1 0 0 1 1 1 1 1 1 0 1 0 1 1 0 0 1 1 0 1 0 1 0 1 1 1 0 1 1 0 0 1 0 1 0 0 0 1]"
25,0.942269613044191,"[1 1 1 1 1 1 1 0 0 1 1 1 1 0 1 1 0 1 1 1 0 1 0 0 0 1 0 0 0 1 1 0 0 1 0 0 0 0 0 1]"
25,0.9972668962503874,"[1 1 1 1 1 1 1 1 1 1 1 0 1 1 1 0 0 0 0 1 0 0 0 0 1 1 1 1 0 1 1 0 1 0 1 0 0 1 0 1]"
25,0.9992108126857241,"[1 1 1 1 1 1 1 1 1 1 1 1 1 0 1 0 1 1 0 1 0 0 1 1 0 1 1 1 1 1 1 0 0 0 1 1 0 0 0 1]"
25,0.00530337426568908,"[1 0 0 1 0 1 1 1 1 0 0 1 1 0 0 1 0 0 1 1 1 1 0 1 1 1 1 0 0 1 1 1 0 1 0 1 0 0 0 0]"
25,0.9991920460640733,"[1 1 1 1 1 1 1 1 1 1 1 1 1 0 1 0 1 0 1 1 0 0 1 1 1 1 1 1 1 1 0 0 0 0 1 1 0 0 0 1]"
25,0.9697850493343669,"[1 1 1 1 1 1 1 1 0 0 1 1 0 1 1 1 0 0 1 1 1 1 0 0 1 1 1 1 1 1 0 1 0 1 1 1 0 1 0 1]"
25,0.9748687213781219,"[1 1 1 1 1 1 1 1 0 1 0 1 1 0 0 1 0 1 1 0 1 0 0 0 0 0 1 0 0 1 1 1 0 0 0 1 1 0 0 1]"
25,0.9238030974897227,"[1 1 1 1 1 1 0 1 1 1 1 1 1 0 1 0 1 0 1 0 0 0 1 1 0 1 1 1 1 1 1 0 0 0 1 1 1 1 0 1]"
25,0.6805432802868042,"[1 1 1 1 0 1 1 0 0 1 0 1 0 1 0 1 1 0 1 0 1 1 0 0 1 1 1 0 1 1 1 1 0 1 1 1 0 1 1 1]"
25,0.9414431731861672,"[1 1 1 1 1 1 1 0 0 1 1 1 0 1 0 1 1 0 1 1 1 1 0 0 1 1 1 0 1 1 1 1 0 1 1 1 0 1 1 1]"
25,0.9992108033791135,"[1 1 1 1 1 1 1 1 1 1 1 1 1 0 1 0 1 1 0 1 0 0 1 1 0 1 1 1 1 0 1 0 0 0 1 1 0 0 0 1]"
25,0.9615521522906539,"[1 1 1 1 1 1 1 0 1 1 1 1 1 1 1 1 1 0 0 0 1 1 1 1 0 0 1 1 1 0 1 0 0 0 1 0 1 0 0 0]"
25,0.49222210596619836,"[1 1 1 0 1 1 1 0 0 1 1 1 1 0 1 1 0 1 1 1 0 1 0 1 0 1 0 1 0 0 1 0 0 1 0 0 0 1 0 1]"
25,0.9748687213692329,"[1 1 1 1 1 1 1 1 0 1 0 1 1 0 0 1 0 1 1 0 1 0 0 0 0 0 1 0 0 1 1 1 0 0 0 1 1 0 0 0]"
25,0.9962809071539916,"[1 1 1 1 1 1 1 1 1 1 1 0 0 1 1 1 1 0 0 1 0 1 0 1 1 1 1 0 1 1 1 0 0 0 1 0 1 1 0 1]"
25,0.9608370581061393,"[1 1 1 1 1 1 1 0 1 1 1 1 1 0 1 0 1 0 1 1 0 0 1 1 1 1 1 1 1 1 1 0 0 0 1 1 0 0 0 0]"
25,0.056128581658670254,"[1 0 1 1 1 1 1 1 1 1 1 0 1 1 1 1 1 1 0 1 0 1 0 1 1 0 1 0 1 0 1 0 0 0 0 0 1 1 0 1]"
25,0.0008108241172152787,"[0 1 1 1 1 1 0 1 1 0 1 0 0 1 0 0 0 0 1 1 0 0 0 0 0 0 1 1 0 1 1 0 1 0 1 0 0 1 0 0]"
25,0.9748693050639488,"[1 1 1 1 1 1 1 1 0 1 0 1 1 0 0 1 0 1 1 0 1 0 0 1 0 0 1 0 0 1 1 1 1 0 0 1 1 0 0 1]"
25,0.9800007099502899,"[1 1 1 1 1 1 1 1 0 1 1 1 1 0 1 1 1 0 1 1 1 1 0 0 1 1 1 0 1 0 0 0 1 1 0 1 0 1 0 1]"
25,0.8209650491734973,"[1 1 1 1 1 0 1 0 1 1 1 1 1 1 1 1 1 1 0 0 1 1 1 1 0 0 1 0 1 0 1 0 0 0 1 0 1 0 0 0]"
25,0.5104124411037745,"[1 1 1 0 1 1 1 1 0 1 0 1 1 0 0 1 0 1 1 0 1 0 0 1 0 0 1 0 0 1 1 1 0 0 0 1 1 0 0 1]"
25,0.9804503646962889,"[1 1 1 1 1 1 1 1 0 1 1 1 1 1 1 0 1 0 1 1 1 1 0 0 1 1 1 1 1 1 0 0 1 1 1 1 0 1 0 1]"
25,0.921752007797246,"[1 1 1 1 1 1 0 1 1 1 1 0 1 1 0 0 0 0 1 1 0 0 0 0 0 0 1 1 0 1 1 0 0 0 1 0 1 1 0 0]"
25,0.8951618419222588,"[1 1 1 1 1 1 0 1 0 0 1 0 1 1 1 0 0 0 1 1 0 0 0 0 0 0 1 1 0 1 1 0 1 0 1 0 1 1 0 1]"
25,0.2557259288472769,"[1 1 0 1 1 1 1 1 0 1 0 1 1 1 0 1 1 0 1 1 1 1 1 0 1 1 0 0 1 1 1 0 1 1 1 1 0 1 0 1]"
25,0.9974980341162402,"[1 1 1 1 1 1 1 1 1 1 1 0 1 1 1 1 1 0 0 1 0 1 0 1 1 0 1 0 1 0 1 0 0 0 0 0 1 1 0 1]"
25,0.966655426120336,"[1 1 1 1 1 1 1 1 0 0 1 0 0 0 1 0 0 0 0 1 1 1 1 1 0 1 1 1 1 1 1 0 1 0 0 0 1 0 0 1]"
25,0.9698592362592119,"[1 1 1 1 1 1 1 1 0 0 1 1 0 1 1 1 1 0 1 1 1 1 0 0 1 1 1 0 1 1 1 1 0 1 1 1 0 1 0 1]"
25,0.9496166741458278,"[1 1 1 1 1 1 1 0 1 0 1 0 1 1 1 0 0 0 0 1 0 0 1 0 1 1 0 1 0 1 1 0 1 0 1 0 1 1 1 1]"
25,0.9728324285552062,"[1 1 1 1 1 1 1 1 0 1 0 0 1 0 1 1 1 0 1 1 1 1 0 1 0 1 0 1 1 1 1 0 0 1 0 1 0 0 0 1]"
25,0.25403126660887504,"[1 1 0 1 1 1 1 1 0 0 1 1 0 1 1 1 1 0 1 1 1 1 0 0 1 1 1 1 1 1 1 1 0 1 1 1 0 1 0 1]"
25,0.9892460170057331,"[1 1 1 1 1 1 1 1 1 0 1 1 1 0 0 1 0 0 1 0 1 1 0 1 1 1 1 0 0 1 1 0 0 1 0 1 0 0 0 0]"
25,0.9238119777038508,"[1 1 1 1 1 1 0 1 1 1 1 1 1 0 1 0 1 0 1 1 0 0 1 1 0 1 1 1 1 1 1 0 0 0 1 1 1 1 0 1]"
25,0.9799963641585004,"[1 1 1 1 1 1 1 1 0 1 1 1 1 0 1 1 1 0 1 1 0 1 0 1 0 1 1 1 1 1 0 0 0 0 0 1 0 1 0 0]"
25,0.9863632524308642,"[1 1 1 1 1 1 1 1 1 0 1 0 0 1 1 0 0 0 0 1 0 0 1 1 1 0 1 1 0 1 1 0 1 0 1 0 1 1 1 1]"
25,0.9799963459034482,"[1 1 1 1 1 1 1 1 0 1 1 1 1 0 1 1 1 0 1 1 0 1 0 1 0 1 1 1 0 1 0 0 0 0 0 1 1 0 0 0]"
25,0.9962807490328842,"[1 1 1 1 1 1 1 1 1 1 1 0 0 1 1 1 1 0 0 1 0 1 0 1 1 0 1 0 1 0 1 0 0 0 0 0 1 0 0 1]"
25,0.000974984176054746,"[0 1 1 1 1 1 1 1 1 1 1 1 1 0 1 0 1 0 1 1 0 0 1 1 0 0 1 1 1 1 1 0 0 0 1 1 0 1 0 1]"
25,0.5171758957257923,"[1 1 1 0 1 1 1 1 1 0 1 0 1 0 1 0 0 0 0 1 1 1 1 1 1 0 1 0 1 1 1 1 1 1 0 1 1 0 0 1]"
25,0.2593407551397891,"[1 1 0 1 1 1 1 1 1 0 1 0 1 1 1 0 0 0 0 1 0 0 0 0 1 0 1 1 0 1 1 0 0 0 1 0 0 1 0 1]"
25,0.9924066395684066,"[1 1 1 1 1 1 1 1 1 1 0 0 1 1 1 0 0 0 0 1 0 0 0 0 1 0 1 1 0 1 1 0 1 0 1 0 0 1 1 1]"
25,0.9991920507172999,"[1 1 1 1 1 1 1 1 1 1 1 1 1 0 1 0 1 0 1 1 0 0 1 1 1 1 1 1 1 1 1 0 0 0 1 1 0 0 0 1]"
25,0.9422741704788455,"[1 1 1 1 1 1 1 0 0 1 1 1 1 0 1 1 0 1 1 1 1 1 0 0 0 1 0 1 0 1 1 1 0 1 0 0 0 0 1 1]"
25,0.9999357360624828,"[1 1 1 1 1 1 1 1 1 1 1 1 1 1 1 1 1 0 0 1 0 1 0 0 0 0 1 0 1 1 1 0 0 0 0 0 1 1 0 0]"
25,0.9962806008464874,"[1 1 1 1 1 1 1 1 1 1 1 0 0 1 1 1 1 0 0 1 0 1 0 1 0 1 1 0 1 0 1 0 0 0 1 0 1 1 0 1]"
25,0.9728276310138313,"[1 1 1 1 1 1 1 1 0 1 0 0 1 0 1 1 1 0 1 1 0 1 0 1 0 0 0 1 1 1 1 0 0 0 0 1 0 0 0 1]"
25,0.9211006620627445,"[1 1 1 1 1 1 0 1 1 1 1 0 0 1 1 1 1 0 0 1 0 1 1 1 1 1 1 0 1 0 1 0 0 0 1 0 1 1 1 1]"
26,0.986362074943337,"[1 1 1 1 1 1 1 1 1 0 1 0 0 1 1 0 0 0 0 1 0 0 0 1 1 0 1 1 0 1 1 0 1 0 1 0 1 0 1 1]"
26,0.9697849043810961,"[1 1 1 1 1 1 1 1 0 0 1 1 0 1 1 1 0 0 1 1 1 1 0 0 1 0 1 1 1 1 0 1 0 1 1 1 0 1 0 1]"
26,0.9697757713026827,"[1 1 1 1 1 1 1 1 0 0 1 1 0 1 1 1 0 0 1 0 1 1 0 0 1 1 1 1 1 1 0 0 1 1 1 1 1 1 0 1]"
26,0.8254237636433899,"[1 1 1 1 1 0 1 1 0 0 1 0 0 0 1 0 1 0 0 1 1 1 1 1 0 0 1 1 1 0 1 0 1 0 0 0 1 0 0 1]"
26,0.9220183317377835,"[1 1 1 1 1 1 0 1 1 1 1 0 1 1 1 0 0 0 0 1 0 0 0 0 1 1 1 1 0 1 1 0 1 0 1 0 0 1 0 1]"
26,0.9615558574812116,"[1 1 1 1 1 1 1 0 1 1 1 1 1 1 1 1 1 0 0 1 0 1 0 1 1 0 1 0 1 0 1 0 1 0 1 0 1 1 0 1]"
26,0.9991920460640733,"[1 1 1 1 1 1 1 1 1 1 1 1 1 0 1 0 1 0 1 1 0 0 1 1 1 1 1 1 1 1 0 0 0 0 1 1 0 0 0 1]"
26,0.9924067784381947,"[1 1 1 1 1 1 1 1 1 1 0 0 1 1 1 0 0 0 0 1 0 0 0 0 1 1 1 1 0 0 1 0 1 0 1 1 0 1 0 1]"
26,0.7273117295441233,"[1 1 1 1 0 1 1 1 1 1 1 1 1 0 1 0 0 0 1 1 0 0 1 1 1 1 1 1 1 0 1 0 0 1 1 1 0 0 0 1]"
26,0.9992108126766356,"[1 1 1 1 1 1 1 1 1 1 1 1 1 0 1 0 1 1 0 1 0 0 1 1 0 1 1 1 1 1 1 0 0 0 1 1 0 0 0 0]"
26,0.9967725564095342,"[1 1 1 1 1 1 1 1 1 1 1 0 1 0 1 0 1 1 0 1 0 0 0 1 0 1 0 1 1 1 1 0 0 0 1 1 0 0 0 1]"
26,0.5240189895737579,"[1 1 1 0 1 1 1 1 1 1 1 1 1 0 1 0 1 1 0 1 0 0 1 1 0 1 1 1 1 0 1 0 0 0 1 1 0 0 0 1]"
26,0.0008328994302983811,"[0 1 1 1 1 1 0 1 1 1 1 1 1 0 1 0 1 0 1 1 0 0 1 1 1 1 1 1 1 1 1 0 0 0 1 1 0 0 0 1]"
26,0.9716422693289289,"[1 1 1 1 1 1 1 1 0 1 0 0 0 0 1 1 1 0 1 1 1 1 0 1 0 1 0 1 1 1 1 0 0 1 0 1 0 1 0 1]"
26,0.9615521612809852,"[1 1 1 1 1 1 1 0 1 1 1 1 1 1 1 1 1 0 0 0 1 1 1 1 0 0 1 1 1 1 1 0 0 0 1 0 1 0 0 0]"
26,0.8203285981307699,"[1 1 1 1 1 0 1 0 1 1 1 1 1 0 1 0 1 1 0 1 0 0 1 1 0 1 1 1 1 0 1 0 0 0 1 1 0 0 0 1]"
26,0.8323390570148728,"[1 1 1 1 1 0 1 1 0 1 0 1 1 0 0 0 0 1 0 0 1 0 0 0 0 0 1 0 0 1 1 1 0 0 0 1 1 1 0 0]"
26,0.8951672369047091,"[1 1 1 1 1 1 0 1 0 0 1 0 1 1 1 0 0 0 1 1 1 0 1 0 0 0 1 1 0 1 1 0 1 0 1 0 1 0 0 1]"
26,0.3723571355247929,"[1 1 1 0 0 1 1 1 1 1 1 0 1 0 1 1 0 0 1 1 0 1 0 1 1 0 1 1 0 1 1 0 0 1 1 1 0 0 0 1]"
26,0.722270686337572,"[1 1 1 1 0 1 1 1 1 1 0 0 1 1 1 0 0 0 0 1 0 0 0 0 1 0 1 1 0 1 1 0 1 0 1 0 0 1 0 1]"
26,0.0009764463003063595,"[0 1 1 1 1 1 1 1 1 1 1 1 1 1 1 1 1 0 0 1 1 1 0 0 0 0 1 0 1 1 1 0 0 0 0 0 1 1 0 0]"
26,0.9992119760126578,"[1 1 1 1 1 1 1 1 1 1 1 1 1 0 1 0 1 1 0 1 0 1 0 1 0 1 1 1 0 0 1 0 0 0 1 1 0 0 0 1]"
26,0.9422741704788455,"[1 1 1 1 1 1 1 0 0 1 1 1 1 0 1 1 0 1 1 1 1 1 0 0 0 1 0 1 0 1 1 1 0 1 0 0 0 0 1 1]"
26,0.9393995494573326,"[1 1 1 1 1 1 1 0 0 1 1 0 0 1 1 1 1 0 0 1 0 1 0 1 0 1 1 0 1 0 1 0 0 0 1 0 1 1 0 1]"
26,0.2557259397656371,"[1 1 0 1 1 1 1 1 0 1 0 1 1 1 0 1 1 0 1 1 1 1 1 0 1 1 0 1 1 1 1 0 1 1 1 1 0 1 0 1]"
26,0.9674127186142751,"[1 1 1 1 1 1 1 1 0 0 1 0 0 1 1 1 0 0 1 1 1 1 0 0 1 1 1 0 1 1 1 1 0 1 1 1 0 1 0 1]"
26,0.9804503555470876,"[1 1 1 1 1 1 1 1 0 1 1 1 1 1 1 0 1 0 1 1 1 1 0 0 1 1 1 1 1 0 0 0 1 1 1 1 0 1 0 1]"
26,0.9992107661526721,"[1 1 1 1 1 1 1 1 1 1 1 1 1 0 1 0 1 1 0 1 0 0 1 1 0 1 1 0 1 0 1 0 0 0 1 1 0 0 0 1]"
26,0.0009378177089885818,"[0 1 1 1 1 1 1 1 0 1 1 1 1 0 1 1 1 0 0 1 1 1 0 0 1 1 1 0 1 0 0 0 1 1 0 0 0 1 0 1]"
26,0.5135254806050769,"[1 1 1 0 1 1 1 1 0 1 1 1 1 1 1 0 1 0 1 0 1 1 0 1 1 1 1 1 1 1 0 0 1 1 1 1 0 1 0 1]"
26,0.9962809071539916,"[1 1 1 1 1 1 1 1 1 1 1 0 0 1 1 1 1 0 0 1 0 1 0 1 1 1 1 0 1 1 1 0 0 0 1 0 1 1 0 1]"
26,0.9399636601648061,"[1 1 1 1 1 1 1 0 0 1 1 0 1 0 1 1 0 1 1 1 1 1 1 0 0 1 0 1 0 1 1 1 0 0 0 0 0 0 1 1]"
26,0.7578605994206199,"[1 1 1 1 1 0 0 0 1 1 1 1 1 1 1 1 1 1 1 0 1 1 1 1 0 0 1 0 0 0 1 0 0 0 1 0 1 0 0 0]"
26,0.25308272934587406,"[1 1 0 1 1 1 1 1 0 0 1 0 0 0 1 0 0 1 0 1 1 1 0 1 0 1 1 1 1 1 1 0 1 0 0 0 1 1 0 1]"
26,0.9422696141476795,"[1 1 1 1 1 1 1 0 0 1 1 1 1 0 1 1 0 1 1 1 0 1 0 0 0 1 0 0 0 1 1 0 1 1 0 0 0 0 0 1]"
26,0.9804480247816442,"[1 1 1 1 1 1 1 1 0 1 1 1 1 1 1 0 1 0 1 1 1 0 0 0 1 1 1 1 1 1 0 1 1 1 1 1 0 1 0 0]"
26,0.4660030324049434,"[1 1 1 0 1 1 0 1 0 0 1 0 1 1 1 0 0 0 1 1 0 0 0 0 0 0 1 1 0 1 1 0 1 0 0 0 1 1 0 1]"
26,0.9217874581268347,"[1 1 1 1 1 1 0 1 1 1 1 0 1 1 0 0 0 1 1 1 0 0 0 0 0 0 1 1 0 1 1 0 0 0 1 0 1 1 0 0]"
26,0.05357678098768757,"[1 0 1 1 1 1 1 1 0 0 0 0 1 0 1 1 1 0 1 1 1 1 0 1 0 1 0 1 1 1 1 0 0 1 0 1 0 0 0 1]"
26,0.6840045236384771,"[1 1 1 1 0 1 1 0 0 1 1 1 0 1 0 1 1 0 1 0 1 1 0 0 1 1 1 0 1 1 1 1 0 1 1 1 0 1 1 1]"
26,0.8535895408121353,"[1 1 1 1 1 0 1 1 1 1 1 1 1 0 1 0 1 0 1 1 0 0 1 1 1 0 1 1 1 1 0 0 0 0 1 0 0 0 0 1]"
26,0.9999363322201272,"[1 1 1 1 1 1 1 1 1 1 1 1 1 1 1 1 1 0 0 1 0 1 0 1 0 0 1 0 1 1 1 0 0 0 0 1 1 1 0 0]"
26,0.9174896290917868,"[1 1 1 1 1 1 0 1 1 1 0 0 1 1 1 0 0 0 0 1 0 0 0 0 1 1 1 1 0 1 1 0 1 0 1 0 0 1 0 1]"
26,0.8951617744847518,"[1 1 1 1 1 1 0 1 0 0 1 0 1 1 1 0 0 0 1 1 0 0 0 0 0 0 0 1 0 1 1 0 1 0 1 0 1 1 0 1]"
26,0.9962804533036896,"[1 1 1 1 1 1 1 1 1 1 1 0 0 1 1 1 1 0 0 1 0 1 0 1 0 0 1 0 1 0 1 0 1 0 0 1 1 0 0 0]"
26,0.9408562162130559,"[1 1 1 1 1 1 1 0 0 1 1 1 0 0 0 1 1 0 1 0 1 1 0 0 1 1 1 0 1 1 1 1 0 1 1 1 0 1 1 1]"
26,0.9991146004612048,"[1 1 1 1 1 1 1 1 1 1 1 1 1 0 1 0 0 0 1 1 0 0 0 1 1 1 1 1 0 1 0 0 0 0 1 1 0 0 0 1]"
26,0.9799770310150637,"[1 1 1 1 1 1 1 1 0 1 1 1 1 0 1 1 1 0 0 1 0 1 0 0 0 1 1 1 0 1 0 0 0 0 0 1 1 0 0 0]"
26,0.03386931793291614,"[1 0 1 1 0 1 1 0 0 1 1 1 1 0 1 1 0 1 1 1 0 1 0 0 0 1 0 0 0 1 1 0 0 1 1 0 0 0 0 1]"
26,0.9127169823063733,"[1 1 1 1 1 1 0 1 1 0 1 0 1 1 0 0 0 0 1 1 0 0 0 0 0 0 1 1 0 1 1 0 0 0 1 0 1 1 0 0]"
27,0.8323390580017892,"[1 1 1 1 1 0 1 1 0 1 0 1 1 0 0 0 0 1 0 0 1 0 0 0 0 0 1 0 0 1 1 1 1 0 0 1 1 1 0 0]"
27,0.9967725564095342,"[1 1 1 1 1 1 1 1 1 1 1 0 1 0 1 0 1 1 0 1 0 0 0 1 0 1 0 1 1 1 1 0 0 0 1 1 0 0 0 1]"
27,0.9428529493139177,"[1 1 1 1 1 1 1 0 0 1 1 1 1 1 1 1 0 1 1 1 1 1 0 0 0 1 1 1 0 1 1 1 0 1 0 0 0 0 1 1]"
27,0.9685982144665604,"[1 1 1 1 1 1 1 1 0 0 1 0 1 1 1 1 0 0 1 1 1 1 0 0 1 1 1 0 1 1 1 1 0 1 1 1 0 1 0 1]"
27,0.999173852115167,"[1 1 1 1 1 1 1 1 1 1 1 1 1 0 1 0 1 0 0 1 0 1 0 1 0 1 1 1 0 0 0 0 0 0 1 1 0 0 1 1]"
27,0.9707514500417207,"[1 1 1 1 1 1 1 1 0 0 1 1 1 1 0 1 1 0 1 1 1 1 1 0 1 1 1 1 1 1 0 0 1 1 1 1 1 1 1 1]"
27,0.9991920460640733,"[1 1 1 1 1 1 1 1 1 1 1 1 1 0 1 0 1 0 1 1 0 0 1 1 1 1 1 1 1 1 0 0 0 0 1 1 0 0 0 1]"
27,0.917630838968567,"[1 1 1 1 1 1 0 1 1 1 0 0 1 1 1 1 0 0 0 1 0 0 0 0 1 1 1 1 0 0 1 0 1 0 1 1 0 1 0 0]"
27,0.9863644298477903,"[1 1 1 1 1 1 1 1 1 0 1 0 0 1 1 0 0 0 0 1 0 1 0 1 1 0 1 1 0 1 1 0 1 0 1 0 1 0 1 1]"
27,0.9220183317377835,"[1 1 1 1 1 1 0 1 1 1 1 0 1 1 1 0 0 0 0 1 0 0 0 0 1 1 1 1 0 1 1 0 1 0 1 0 0 1 0 1]"
27,0.9804503555470876,"[1 1 1 1 1 1 1 1 0 1 1 1 1 1 1 0 1 0 1 1 1 1 0 0 1 1 1 1 1 0 0 0 1 1 1 1 0 1 0 1]"
27,0.9697757713026827,"[1 1 1 1 1 1 1 1 0 0 1 1 0 1 1 1 0 0 1 0 1 1 0 0 1 1 1 1 1 1 0 0 1 1 1 1 1 1 0 1]"
27,0.903570842540799,"[1 1 1 1 1 1 0 1 0 1 1 0 1 0 1 0 1 1 0 1 0 0 0 1 0 1 0 1 1 1 1 0 0 0 1 1 0 0 0 1]"
27,0.8951617744847518,"[1 1 1 1 1 1 0 1 0 0 1 0 1 1 1 0 0 0 1 1 0 0 0 0 0 0 0 1 0 1 1 0 1 0 1 0 1 1 0 1]"
27,0.04858439743004662,"[1 0 1 1 1 1 0 1 0 0 1 0 1 1 1 1 1 0 1 1 0 0 0 0 0 1 0 1 0 0 1 0 1 0 1 0 1 1 0 1]"
27,0.05606704149127647,"[1 0 1 1 1 1 1 1 1 1 1 0 1 0 1 0 0 1 1 1 0 0 0 1 1 1 0 1 0 1 0 0 0 0 1 1 0 0 0 1]"
27,0.9924257425031833,"[1 1 1 1 1 1 1 1 1 1 0 0 1 1 1 0 0 0 1 1 0 0 0 0 1 1 1 1 1 0 1 1 1 0 1 1 0 1 0 1]"
27,0.8260166057578937,"[1 1 1 1 1 0 1 1 0 0 1 0 0 1 1 1 0 0 1 1 1 1 0 0 1 1 1 0 1 1 1 1 0 0 1 1 0 1 0 1]"
27,0.9989272857770104,"[1 1 1 1 1 1 1 1 1 1 1 1 1 0 0 0 1 1 1 1 0 1 1 1 0 1 1 0 1 0 1 0 0 0 1 1 0 0 0 1]"
27,0.9962804533036896,"[1 1 1 1 1 1 1 1 1 1 1 0 0 1 1 1 1 0 0 1 0 1 0 1 0 0 1 0 1 0 1 0 1 0 0 1 1 0 0 0]"
27,0.9615797798653171,"[1 1 1 1 1 1 1 0 1 1 1 1 1 1 1 1 1 0 1 1 1 1 1 1 0 0 1 1 1 1 1 0 0 0 1 0 0 0 0 0]"
27,0.9962856595721881,"[1 1 1 1 1 1 1 1 1 1 1 0 0 1 1 1 1 0 0 1 1 1 0 1 1 1 1 0 1 1 1 0 0 0 1 0 1 1 0 1]"
27,0.9217519731952869,"[1 1 1 1 1 1 0 1 1 1 1 0 1 1 0 0 0 0 1 1 0 0 0 0 0 0 1 0 0 1 1 0 0 0 1 0 1 1 1 0]"
27,0.9697848953922953,"[1 1 1 1 1 1 1 1 0 0 1 1 0 1 1 1 0 0 1 1 1 1 0 0 1 0 1 1 1 0 0 1 0 1 1 1 1 1 0 1]"
27,0.9405541066271119,"[1 1 1 1 1 1 1 0 0 1 1 0 1 1 1 1 1 0 0 1 0 1 0 1 0 1 1 0 1 0 1 0 0 0 1 0 1 1 0 1]"
27,0.9991920461367799,"[1 1 1 1 1 1 1 1 1 1 1 1 1 0 1 0 1 0 1 1 0 0 1 1 1 1 1 1 1 1 0 0 0 0 1 1 1 0 0 1]"
27,0.9804486103383593,"[1 1 1 1 1 1 1 1 0 1 1 1 1 1 1 0 1 0 1 1 1 0 0 1 1 1 1 1 1 1 0 1 1 1 1 1 0 1 0 1]"
27,0.8535895408121353,"[1 1 1 1 1 0 1 1 1 1 1 1 1 0 1 0 1 0 1 1 0 0 1 1 1 0 1 1 1 1 0 0 0 0 1 0 0 0 0 1]"
27,0.8981428050929483,"[1 1 1 1 1 1 0 1 0 1 0 0 0 0 1 1 1 0 1 1 1 1 0 1 0 1 0 1 1 1 1 0 0 1 0 1 0 1 0 1]"
27,0.9992131951715039,"[1 1 1 1 1 1 1 1 1 1 1 1 1 0 1 0 1 1 0 1 0 1 1 1 0 1 1 1 1 1 1 0 0 0 1 1 0 0 0 0]"
27,0.9991917488392614,"[1 1 1 1 1 1 1 1 1 1 1 1 1 0 1 0 1 0 1 1 0 0 1 1 0 1 1 1 1 1 0 0 0 1 1 1 0 0 0 1]"
27,0.5730339554474091,"[1 1 1 1 0 0 1 0 0 0 1 0 0 0 1 0 1 0 0 1 1 1 1 1 0 0 0 1 1 0 1 0 1 0 0 0 1 0 0 1]"
27,0.9924067784381947,"[1 1 1 1 1 1 1 1 1 1 0 0 1 1 1 0 0 0 0 1 0 0 0 0 1 1 1 1 0 0 1 0 1 0 1 1 0 1 0 1]"
27,0.8535895408121353,"[1 1 1 1 1 0 1 1 1 1 1 1 1 0 1 0 1 0 1 1 0 0 1 1 1 0 1 1 1 1 0 0 0 0 1 0 0 0 0 1]"
27,0.9697849043810961,"[1 1 1 1 1 1 1 1 0 0 1 1 0 1 1 1 0 0 1 1 1 1 0 0 1 0 1 1 1 1 0 1 0 1 1 1 0 1 0 1]"
27,0.9217697328086597,"[1 1 1 1 1 1 0 1 1 1 1 0 1 1 0 0 0 1 0 1 0 0 0 0 0 0 1 1 0 1 1 0 0 0 1 0 1 1 0 0]"
27,0.1758242191381189,"[1 1 0 1 0 1 1 1 0 0 1 0 0 1 1 1 0 0 1 1 1 0 0 0 1 1 1 0 1 1 1 1 0 1 1 1 0 1 0 1]"
27,0.9657059567974354,"[1 1 1 1 1 1 1 1 0 0 0 1 1 0 1 1 1 0 1 1 0 1 0 0 0 1 1 1 0 1 0 0 0 0 0 1 1 0 0 0]"
27,0.0009748338970536748,"[0 1 1 1 1 1 1 1 1 1 1 1 1 0 1 0 0 0 1 1 0 0 0 1 1 1 1 1 0 1 0 1 0 0 0 1 0 0 0 1]"
27,0.9804292874188474,"[1 1 1 1 1 1 1 1 0 1 1 1 1 1 1 0 1 0 0 1 1 0 0 0 1 1 1 1 1 1 0 1 1 1 1 1 0 1 0 0]"
27,0.9943234967251696,"[1 1 1 1 1 1 1 1 1 1 0 1 1 0 1 0 1 0 1 1 0 0 1 1 1 1 1 1 1 1 1 0 0 0 1 0 0 0 0 1]"
27,0.26152294596810843,"[1 1 0 1 1 1 1 1 1 1 0 1 1 1 1 0 0 0 0 1 0 0 0 0 1 1 1 1 0 1 1 0 1 0 1 0 0 1 0 1]"
27,0.7132895938498305,"[1 1 1 1 0 1 1 1 0 1 1 1 1 1 1 0 1 0 1 1 1 1 0 0 1 1 1 1 1 0 0 0 1 1 1 1 0 1 0 1]"
27,0.8946106930463971,"[1 1 1 1 1 1 0 1 0 0 1 0 1 0 1 0 0 0 1 1 0 0 1 0 0 1 0 1 0 1 1 0 1 0 1 0 1 1 0 1]"
27,0.8420017725624401,"[1 1 1 1 1 0 1 1 1 0 1 0 0 0 1 0 1 0 0 1 0 1 1 1 1 0 1 0 1 0 1 0 1 0 0 0 1 0 0 1]"
27,0.9917912995669076,"[1 1 1 1 1 1 1 1 1 1 0 0 1 0 1 0 0 0 0 0 0 0 0 0 1 1 1 1 0 0 1 0 1 0 0 1 0 1 1 1]"
27,0.9992107661526721,"[1 1 1 1 1 1 1 1 1 1 1 1 1 0 1 0 1 1 0 1 0 0 1 1 0 1 1 0 1 0 1 0 0 0 1 1 0 0 0 1]"
27,0.9615521612107483,"[1 1 1 1 1 1 1 0 1 1 1 1 1 1 1 1 1 0 0 0 1 1 1 1 0 0 1 1 1 1 1 0 0 0 1 0 0 0 0 0]"
27,0.7222711311359817,"[1 1 1 1 0 1 1 1 1 1 0 0 1 1 1 0 0 0 0 1 0 0 0 1 1 0 1 1 0 1 1 0 1 0 1 0 1 1 0 1]"
27,0.9863611918554717,"[1 1 1 1 1 1 1 1 1 0 1 0 0 1 1 0 0 0 0 1 0 0 0 0 0 0 1 1 0 1 1 0 1 0 1 0 1 0 1 1]"
28,0.253209346084247,"[1 1 0 1 1 1 1 1 0 0 1 0 0 1 0 1 0 0 1 1 1 0 0 0 1 1 1 0 1 1 1 0 0 1 1 1 0 1 0 1]"
28,0.8535895408121353,"[1 1 1 1 1 0 1 1 1 1 1 1 1 0 1 0 1 0 1 1 0 0 1 1 1 0 1 1 1 1 0 0 0 0 1 0 0 0 0 1]"
28,0.7132895938498305,"[1 1 1 1 0 1 1 1 0 1 1 1 1 1 1 0 1 0 1 1 1 1 0 0 1 1 1 1 1 0 0 0 1 1 1 1 0 1 0 1]"
28,0.9605251368886184,"[1 1 1 1 1 1 1 0 1 1 1 1 1 0 0 0 1 0 0 1 0 1 0 1 0 1 1 1 0 0 0 0 0 0 1 1 0 0 1 0]"
28,0.9924079623819813,"[1 1 1 1 1 1 1 1 1 1 0 0 1 1 1 0 0 0 0 1 0 0 1 0 1 1 1 1 0 0 1 0 1 0 1 1 0 1 0 1]"
28,0.822936441149132,"[1 1 1 1 1 0 1 1 0 0 0 0 1 1 1 1 0 0 1 1 1 0 0 0 1 1 1 0 1 1 1 1 0 1 1 1 0 1 0 1]"
28,0.9863644252483627,"[1 1 1 1 1 1 1 1 1 0 1 0 0 1 1 0 0 0 0 1 0 1 0 1 1 0 1 1 0 1 0 0 1 0 1 0 1 0 1 1]"
28,0.9220183317377835,"[1 1 1 1 1 1 0 1 1 1 1 0 1 1 1 0 0 0 0 1 0 0 0 0 1 1 1 1 0 1 1 0 1 0 1 0 0 1 0 1]"
28,0.8477014230709976,"[1 1 1 1 1 0 1 1 1 1 0 0 1 1 1 0 0 0 0 1 0 0 0 0 1 1 1 1 0 0 1 0 1 0 1 1 0 1 0 1]"
28,0.8533413373877455,"[1 1 1 1 1 0 1 1 1 1 1 1 1 0 0 0 1 1 0 1 0 0 1 1 0 1 1 1 1 1 1 0 0 0 1 0 0 0 0 0]"
28,0.9774695722528408,"[1 1 1 1 1 1 1 1 0 1 1 0 1 0 1 0 1 1 0 1 0 0 1 1 0 1 1 0 1 0 1 0 0 0 1 1 0 0 0 1]"
28,0.23967120017096807,"[1 1 0 1 1 1 0 1 1 1 1 0 1 1 0 0 0 0 1 1 0 0 0 0 0 0 1 0 0 0 1 0 0 0 1 0 1 1 1 0]"
28,0.0009702680478925131,"[0 1 1 1 1 1 1 1 1 1 1 0 1 0 1 0 1 1 0 1 0 0 0 1 0 1 0 1 1 1 0 0 0 0 1 0 0 0 0 1]"
28,0.9217519733305168,"[1 1 1 1 1 1 0 1 1 1 1 0 1 1 0 0 0 0 1 1 0 0 0 0 0 0 1 0 0 1 1 0 0 0 1 1 1 1 1 0]"
28,0.9992110639824155,"[1 1 1 1 1 1 1 1 1 1 1 1 1 0 1 0 1 1 0 1 0 0 1 1 1 1 1 0 1 0 1 0 0 0 1 1 0 0 1 1]"
28,0.5081125848571805,"[1 1 1 0 1 1 1 1 0 0 1 1 1 1 0 1 1 0 1 1 1 1 1 0 1 1 0 1 1 1 0 0 1 1 1 1 0 1 1 1]"
28,0.9774683678639448,"[1 1 1 1 1 1 1 1 0 1 1 0 1 0 1 0 1 1 0 1 0 0 0 1 0 1 0 1 1 0 1 0 0 0 1 1 0 0 0 1]"
28,0.4785180849921176,"[1 1 1 0 1 1 0 1 1 1 0 0 1 1 1 1 0 1 0 1 0 0 0 0 1 1 1 1 0 1 1 0 1 0 1 1 0 0 0 1]"
28,0.9405180073934392,"[1 1 1 1 1 1 1 0 0 1 1 0 1 1 1 1 0 1 0 1 0 1 0 1 0 1 1 0 1 0 1 0 0 0 1 0 1 1 0 1]"
28,0.9992131742315853,"[1 1 1 1 1 1 1 1 1 1 1 1 1 0 1 0 1 1 0 1 0 1 1 1 0 1 1 1 0 1 0 1 0 0 1 1 0 0 0 0]"
28,0.7251956151174458,"[1 1 1 1 0 1 1 1 1 1 1 0 0 1 1 1 1 0 1 1 0 1 0 1 0 1 1 0 1 0 1 0 1 0 0 1 1 0 0 0]"
28,0.05484983358387078,"[1 0 1 1 1 1 1 1 0 1 1 1 1 1 1 0 1 0 1 1 1 0 0 1 1 1 1 1 1 1 0 1 1 1 1 1 0 1 0 1]"
28,0.9943234964356186,"[1 1 1 1 1 1 1 1 1 1 0 1 1 0 1 0 1 0 1 1 0 0 1 1 1 1 1 1 1 1 1 0 0 0 0 0 0 0 0 1]"
28,0.9220183317377835,"[1 1 1 1 1 1 0 1 1 1 1 0 1 1 1 0 0 0 0 1 0 0 0 0 1 1 1 1 0 1 1 0 1 0 1 0 0 1 0 1]"
28,0.9863643930523693,"[1 1 1 1 1 1 1 1 1 0 1 0 0 1 1 0 0 0 0 1 0 1 0 1 1 0 1 0 0 1 1 0 1 0 1 0 1 0 1 1]"
28,7.225457498216093e-07,"[0 0 1 1 1 1 1 0 0 0 1 1 1 1 1 1 1 0 0 0 0 1 1 1 0 0 1 1 1 1 1 0 0 0 1 0 0 0 0 0]"
28,0.9863614770191838,"[1 1 1 1 1 1 1 1 1 0 1 0 0 1 1 0 0 0 0 1 0 0 0 0 1 0 1 1 0 0 1 0 1 0 1 0 1 0 1 1]"
28,0.9924067217846664,"[1 1 1 1 1 1 1 1 1 1 0 0 1 1 1 0 0 0 0 1 0 0 0 0 1 1 0 1 1 0 1 0 0 0 1 1 0 1 0 1]"
28,0.5185962495146318,"[1 1 1 0 1 1 1 1 1 0 1 1 1 0 1 0 1 1 1 1 0 0 1 1 1 1 1 1 1 1 0 0 0 1 1 1 0 0 0 0]"
28,0.21138782423361557,"[1 1 0 1 1 0 1 1 0 0 1 0 0 1 1 1 0 0 1 1 1 1 0 0 1 1 1 0 1 1 1 1 0 0 1 1 0 1 0 1]"
28,0.8290391966331546,"[1 1 1 1 1 0 1 1 0 0 1 1 1 1 1 0 1 0 1 1 1 0 0 1 1 1 1 1 1 1 0 1 1 0 1 1 0 1 0 1]"
28,0.9725740503619075,"[1 1 1 1 1 1 1 1 0 1 0 0 1 0 1 0 0 0 0 0 0 0 0 0 1 1 1 1 0 0 1 0 1 1 0 1 0 1 1 1]"
28,0.9924268339881526,"[1 1 1 1 1 1 1 1 1 1 0 0 1 1 1 0 0 0 1 1 0 0 1 0 1 1 0 1 0 0 1 1 1 0 1 1 0 1 1 1]"
28,0.9804515266454689,"[1 1 1 1 1 1 1 1 0 1 1 1 1 1 1 0 1 0 1 1 1 1 1 0 1 1 1 1 1 0 0 0 1 1 1 1 0 1 0 1]"
28,0.9798453663085211,"[1 1 1 1 1 1 1 1 0 1 1 1 1 0 1 0 1 0 1 1 0 0 1 1 0 1 1 1 1 1 0 0 0 0 1 1 1 0 0 1]"
28,0.9989273229848603,"[1 1 1 1 1 1 1 1 1 1 1 1 1 0 0 0 1 1 1 1 0 1 1 1 0 1 1 1 1 0 1 0 0 0 1 1 0 0 0 0]"
28,0.9998057011009887,"[1 1 1 1 1 1 1 1 1 1 1 1 1 1 1 0 1 0 1 1 1 0 0 1 1 1 1 1 1 1 0 1 1 1 1 1 0 1 0 1]"
28,0.7043898734986002,"[1 1 1 1 0 1 1 1 0 0 1 0 1 1 1 1 0 0 1 1 1 1 0 0 1 1 1 0 1 1 1 1 0 1 1 1 0 1 0 1]"
28,0.9805985209240451,"[1 1 1 1 1 1 1 1 0 1 1 1 1 1 1 1 1 0 1 1 1 0 0 1 1 1 1 1 1 1 0 1 1 1 1 1 0 1 0 1]"
28,0.0008216982342601736,"[0 1 1 1 1 1 0 1 1 1 0 0 1 1 1 1 0 0 0 1 0 0 0 0 1 1 1 1 0 0 1 0 1 0 1 1 0 1 0 0]"
28,0.05343803585372215,"[1 0 1 1 1 1 1 0 1 1 1 1 1 1 1 1 0 0 0 0 1 1 1 1 0 0 1 1 1 1 1 0 0 0 1 0 0 0 0 0]"
28,0.9924067784291619,"[1 1 1 1 1 1 1 1 1 1 0 0 1 1 1 0 0 0 0 1 0 0 0 0 1 1 1 1 0 0 1 0 1 0 1 1 0 1 0 0]"
28,0.999115513011993,"[1 1 1 1 1 1 1 1 1 1 1 1 1 0 1 0 0 0 1 1 0 0 1 1 0 1 1 1 1 1 0 0 0 1 1 1 0 0 0 1]"
28,0.999191897197184,"[1 1 1 1 1 1 1 1 1 1 1 1 1 0 1 0 1 0 1 1 0 0 1 1 1 0 1 1 1 1 0 0 0 0 1 1 0 1 0 1]"
28,0.9991944285913763,"[1 1 1 1 1 1 1 1 1 1 1 1 1 0 1 0 1 0 1 1 0 1 1 1 1 1 1 1 1 1 0 0 0 0 1 1 1 0 0 1]"
28,0.02288329068158265,"[1 0 1 0 1 1 1 1 0 1 1 1 0 1 1 1 0 0 1 0 1 1 0 0 1 1 1 1 1 1 0 0 1 1 0 1 1 1 0 1]"
28,0.5069102797642105,"[1 1 1 0 1 1 1 1 0 0 1 0 1 1 1 1 0 0 1 1 1 1 0 0 1 1 1 0 1 1 1 1 0 1 0 1 0 1 0 1]"
28,0.9707468073779992,"[1 1 1 1 1 1 1 1 0 0 1 1 1 1 0 1 1 0 1 1 0 1 1 0 1 1 1 1 1 1 0 0 1 1 1 1 1 1 1 0]"
28,0.8535895327356147,"[1 1 1 1 1 0 1 1 1 1 1 1 1 0 1 0 1 0 1 1 0 0 1 1 1 0 1 1 1 0 0 0 0 0 1 0 0 0 0 1]"
28,0.9962996485901289,"[1 1 1 1 1 1 1 1 1 1 1 0 0 1 1 1 1 0 1 1 0 1 0 1 0 1 1 1 1 0 1 0 1 0 0 0 1 0 0 0]"
29,0.9220183336314949,"[1 1 1 1 1 1 0 1 1 1 1 0 1 1 1 0 0 0 0 1 0 0 0 0 1 1 1 1 0 1 1 1 1 0 0 0 0 1 0 1]"
29,0.9220182624820549,"[1 1 1 1 1 1 0 1 1 1 1 0 1 1 1 0 0 0 0 1 0 0 0 0 1 1 0 1 0 1 1 0 1 0 1 0 0 1 0 1]"
29,0.9961475782453961,"[1 1 1 1 1 1 1 1 1 1 1 0 0 1 1 0 1 0 1 1 0 1 0 1 0 1 1 1 1 0 1 0 0 0 0 0 1 0 0 0]"
29,0.2604301738551892,"[1 1 0 1 1 1 1 1 1 1 0 0 0 1 1 0 0 0 0 1 0 0 1 0 1 1 1 1 1 0 1 0 1 0 1 1 0 1 0 1]"
29,0.9940199222193273,"[1 1 1 1 1 1 1 1 1 1 0 1 1 0 0 0 1 0 1 1 0 0 1 1 1 1 1 1 1 1 1 0 0 0 1 0 0 0 1 1]"
29,0.2535641721540346,"[1 1 0 1 1 1 1 1 0 0 1 0 1 1 0 1 0 0 1 1 1 0 0 0 1 1 1 0 1 1 1 0 0 1 1 1 0 1 0 1]"
29,0.9803718948233364,"[1 1 1 1 1 1 1 1 0 1 1 1 1 1 1 0 0 0 1 1 0 1 1 0 1 1 1 1 1 0 0 0 1 1 1 1 0 1 0 1]"
29,0.9605630874253555,"[1 1 1 1 1 1 1 0 1 1 1 1 1 0 0 0 1 1 0 1 0 1 1 1 0 1 1 1 0 1 0 1 0 0 1 1 0 0 0 0]"
29,0.9972573738555408,"[1 1 1 1 1 1 1 1 1 1 1 0 1 1 1 0 0 0 0 0 0 0 0 0 1 1 1 1 0 0 1 0 1 0 1 1 0 1 0 0]"
29,0.009083467850558477,"[1 0 0 1 1 1 1 1 1 1 1 1 1 0 1 0 1 1 0 1 0 0 1 1 1 1 0 0 1 0 1 0 0 0 1 1 0 0 1 1]"
29,0.5105200944143493,"[1 1 1 0 1 1 1 1 0 1 0 1 1 0 1 0 1 0 1 1 0 0 1 1 1 1 1 1 0 1 1 0 0 0 1 0 0 0 0 1]"
29,0.8270429517879435,"[1 1 1 1 1 0 1 1 0 0 1 0 1 1 1 1 0 0 1 1 1 0 0 0 1 1 1 0 1 1 1 1 0 1 1 1 0 1 0 0]"
29,9.252942506552944e-07,"[0 0 1 1 1 1 1 1 1 1 0 0 1 1 1 0 1 0 0 1 0 0 1 1 1 1 1 1 0 0 1 0 1 0 1 1 0 1 0 1]"
29,0.5042673421561259,"[1 1 1 0 1 1 1 1 0 0 0 0 1 1 1 1 0 0 1 1 1 1 0 0 1 1 1 0 1 1 1 1 0 1 0 1 0 1 0 1]"
29,0.9972668869147105,"[1 1 1 1 1 1 1 1 1 1 1 0 1 1 1 0 0 0 0 1 0 0 0 0 1 1 1 1 0 0 1 0 1 0 1 0 0 0 0 0]"
29,0.9900845809433635,"[1 1 1 1 1 1 1 1 1 0 1 1 1 1 1 0 1 0 1 1 1 0 0 1 1 1 1 1 1 1 0 1 1 1 1 1 0 1 0 1]"
29,0.7073749596521399,"[1 1 1 1 0 1 1 1 0 1 0 0 1 0 1 0 0 0 0 0 0 0 0 0 1 1 1 1 0 0 1 0 1 1 0 1 0 1 1 1]"
29,0.8493646905028337,"[1 1 1 1 1 0 1 1 1 1 0 1 1 0 1 0 1 0 1 1 0 0 1 1 1 1 1 1 1 1 1 0 0 0 0 0 0 0 0 1]"
29,0.0009620766949759728,"[0 1 1 1 1 1 1 1 1 1 0 0 1 1 1 1 0 0 0 1 0 0 0 0 1 1 1 1 0 0 0 0 1 0 1 1 0 1 0 1]"
29,0.9999581237786319,"[1 1 1 1 1 1 1 1 1 1 1 1 1 1 1 1 1 0 1 1 1 0 0 1 1 0 1 1 1 1 0 1 1 1 1 1 0 1 0 1]"
29,0.998927318041986,"[1 1 1 1 1 1 1 1 1 1 1 1 1 0 0 0 1 1 1 1 0 1 1 1 0 1 1 1 1 0 0 0 0 0 0 1 0 0 0 0]"
29,0.4719087611691114,"[1 1 1 0 1 1 0 1 0 1 1 1 1 0 1 0 1 0 1 1 0 0 1 1 1 0 1 1 1 1 0 0 0 0 1 1 0 1 0 1]"
29,0.9994991223675838,"[1 1 1 1 1 1 1 1 1 1 1 1 1 1 0 0 1 0 1 1 0 1 1 1 0 1 1 1 1 0 1 0 0 0 1 1 0 0 0 0]"
29,0.9710439775879963,"[1 1 1 1 1 1 1 1 0 0 1 1 1 1 1 1 1 0 1 1 0 1 1 0 1 1 1 1 1 1 0 0 1 1 1 1 1 1 1 1]"
29,0.9991920368303266,"[1 1 1 1 1 1 1 1 1 1 1 1 1 0 1 0 1 0 1 1 0 0 1 1 1 1 1 1 1 0 0 0 0 0 1 1 1 0 0 1]"
29,0.9220183317377835,"[1 1 1 1 1 1 0 1 1 1 1 0 1 1 1 0 0 0 0 1 0 0 0 0 1 1 1 1 0 1 1 0 1 0 1 0 0 1 0 1]"
29,0.9998057011009887,"[1 1 1 1 1 1 1 1 1 1 1 1 1 1 1 0 1 0 1 1 1 0 0 1 1 1 1 1 1 1 0 1 1 1 1 1 0 1 0 1]"
29,0.616324368804369,"[1 1 1 1 0 0 1 1 1 1 1 0 0 1 1 1 1 0 1 1 0 1 0 1 0 1 0 0 1 0 1 0 1 0 0 0 1 0 0 0]"
29,0.00023813482940730033,"[0 1 1 0 1 1 1 1 0 0 1 0 0 1 1 1 0 0 1 1 1 1 0 0 1 1 1 0 1 1 1 0 0 1 0 1 0 1 1 1]"
29,0.8533413373877455,"[1 1 1 1 1 0 1 1 1 1 1 1 1 0 0 0 1 1 0 1 0 0 1 1 0 1 1 1 1 1 1 0 0 0 1 0 0 0 0 0]"
29,0.5243491078670038,"[1 1 1 0 1 1 1 1 1 1 1 1 1 1 1 0 1 0 1 1 0 0 0 1 1 1 1 1 1 0 0 1 1 1 1 1 0 1 0 1]"
29,0.9991944285913763,"[1 1 1 1 1 1 1 1 1 1 1 1 1 0 1 0 1 0 1 1 0 1 1 1 1 1 1 1 1 1 0 0 0 0 1 1 1 0 0 1]"
29,0.8535895085060533,"[1 1 1 1 1 0 1 1 1 1 1 1 1 0 1 0 1 0 1 1 0 0 1 1 1 0 1 0 1 1 0 0 0 0 1 0 0 0 0 1]"
29,0.9683722459820527,"[1 1 1 1 1 1 1 1 0 0 1 0 1 1 0 1 1 0 1 1 0 1 1 0 1 0 1 1 1 1 0 0 1 1 1 1 1 1 1 0]"
29,0.8703939615974835,"[1 1 1 1 1 1 0 0 0 1 1 1 1 0 0 0 1 0 0 1 0 1 0 1 0 1 1 1 0 0 0 0 0 0 1 1 0 0 1 0]"
29,0.9863645724300583,"[1 1 1 1 1 1 1 1 1 0 1 0 0 1 1 0 0 0 0 1 0 1 0 1 1 1 1 1 0 1 0 0 1 0 1 0 1 0 1 1]"
29,0.9912731440444017,"[1 1 1 1 1 1 1 1 1 1 0 0 0 1 1 0 1 0 0 1 0 1 0 0 1 1 1 1 0 0 1 0 1 0 1 1 0 1 0 0]"
29,0.9804515266454689,"[1 1 1 1 1 1 1 1 0 1 1 1 1 1 1 0 1 0 1 1 1 1 1 0 1 1 1 1 1 0 0 0 1 1 1 1 0 1 0 1]"
29,0.5185962495347786,"[1 1 1 0 1 1 1 1 1 0 1 1 1 0 1 0 1 1 1 1 0 0 1 1 1 1 1 1 1 1 0 0 0 1 1 1 0 1 0 0]"
29,0.05205191858398514,"[1 0 1 1 1 1 1 0 0 1 1 1 1 1 1 0 1 0 1 1 1 0 0 1 1 1 1 1 1 1 1 1 1 1 1 1 0 1 0 1]"
29,0.999191897197184,"[1 1 1 1 1 1 1 1 1 1 1 1 1 0 1 0 1 0 1 1 0 0 1 1 1 0 1 1 1 1 0 0 0 0 1 1 0 1 0 1]"
29,0.9924067784381947,"[1 1 1 1 1 1 1 1 1 1 0 0 1 1 1 0 0 0 0 1 0 0 0 0 1 1 1 1 0 0 1 0 1 0 1 1 0 1 0 1]"
29,0.053367303190291336,"[1 0 1 1 1 1 1 0 1 1 1 1 1 0 0 0 1 0 0 1 0 1 0 1 0 1 1 1 0 0 0 0 0 0 1 1 0 0 1 0]"
29,0.44279699034916203,"[1 1 1 0 1 0 1 1 1 1 1 1 1 0 0 0 1 1 0 1 0 0 1 1 0 1 1 1 1 1 1 0 0 0 1 0 1 0 0 0]"
29,0.2570238320399616,"[1 1 0 1 1 1 1 1 0 1 1 1 1 0 1 0 1 0 1 1 0 0 1 1 0 1 1 1 1 1 0 0 0 0 1 1 1 0 0 1]"
29,0.10034112254359676,"[1 1 0 0 1 0 1 1 0 1 1 0 1 0 1 0 1 1 0 1 0 0 1 1 0 1 1 0 1 0 1 0 0 0 1 1 0 0 0 1]"
29,0.0009612337532115044,"[0 1 1 1 1 1 1 1 1 1 0 0 1 1 0 0 0 0 1 1 0 0 1 0 1 1 0 0 0 0 1 1 1 0 1 1 0 1 1 1]"
29,0.25897954408238666,"[1 1 0 1 1 1 1 1 1 0 1 0 0 1 1 0 0 0 0 1 0 1 0 1 1 0 1 1 0 1 0 0 1 0 1 0 1 0 1 1]"
29,0.05467214210597792,"[1 0 1 1 1 1 1 1 0 1 1 0 1 1 1 0 1 1 0 1 0 0 1 0 0 1 1 0 1 0 1 0 0 0 1 1 0 0 0 1]"
29,0.9774742444047921,"[1 1 1 1 1 1 1 1 0 1 1 0 1 0 1 0 1 1 0 1 1 0 1 1 0 1 1 0 1 0 1 0 0 1 1 1 0 0 0 1]"
