step,fitness,genome
0,0.0011065497419446998,"[1 0 0 0 0 0 0 1 1 0 0 1 1 1 0 0 0 0 0 0 1 1 0 0 1 0 0 1 0 0 1 1 1 1 0 0 0 0 0 1]"
0,0.5117109700352368,"[1 1 1 0 1 1 1 1 0 1 1 0 1 0 0 0 1 1 1 1 1 0 1 1 0 0 1 1 1 0 1 0 1 1 1 0 0 1 0 1]"
0,0.07581200076838242,"[1 1 0 0 0 1 0 1 1 1 0 0 1 0 1 1 0 1 0 1 0 1 1 0 1 1 1 0 1 0 1 1 1 0 0 0 1 1 1 0]"
0,0.028240728422432516,"[1 0 1 1 0 0 1 1 0 0 1 1 0 0 1 0 0 0 0 1 1 0 0 0 1 0 0 1 1 0 1 0 0 0 1 1 0 1 1 1]"
0,0.20112545821429292,"[1 1 0 1 1 0 1 0 0 0 0 1 0 0 0 0 1 0 1 1 1 0 1 1 0 0 0 0 0 0 1 1 0 0 1 0 1 0 1 1]"
0,0.0017288389005878162,"[1 0 0 0 0 1 1 1 1 0 0 0 0 1 1 0 0 0 0 1 0 1 0 0 1 0 1 0 0 0 1 0 1 1 1 0 1 1 0 1]"
0,0.028682473477147575,"[1 0 1 1 0 0 1 1 0 1 1 1 1 0 0 1 0 1 0 1 1 0 1 0 0 1 0 1 0 0 0 1 0 0 0 1 1 1 1 1]"
0,0.07581106501407057,"[1 1 0 0 0 1 0 1 1 1 0 0 1 0 1 1 0 1 0 0 0 1 1 0 1 1 1 0 1 0 1 1 1 0 0 0 1 1 1 0]"
0,0.64771906504787,"[1 1 1 1 0 1 0 1 0 0 0 1 1 1 1 0 1 0 1 1 0 1 0 0 0 0 0 1 0 1 0 0 1 0 1 0 1 0 1 0]"
0,7.097067058618968e-05,"[0 1 1 0 0 0 1 0 0 1 1 1 1 0 1 0 1 1 0 1 1 1 1 0 1 0 0 0 1 1 0 0 1 0 1 1 0 0 1 0]"
0,6.062907362365217e-11,"[0 0 0 1 1 0 0 0 0 1 0 1 1 0 0 1 1 0 1 1 1 0 1 1 0 0 0 0 0 0 1 1 0 0 1 0 1 0 0 1]"
0,0.0012913852310425427,"[1 0 0 0 0 0 1 1 1 0 1 0 0 0 0 0 1 0 0 0 1 1 1 0 0 1 0 0 0 1 0 0 1 1 1 0 1 1 1 0]"
0,0.0006023259382576909,"[0 1 1 1 1 0 0 1 1 1 1 1 0 1 1 0 0 0 1 0 1 0 1 1 1 0 0 1 0 0 1 1 1 1 1 0 1 0 0 1]"
0,0.1195467365213932,"[1 1 0 0 1 1 1 1 0 0 0 0 0 0 1 0 1 1 0 1 1 0 1 0 1 0 1 1 1 0 0 0 1 0 0 0 0 0 1 0]"
0,0.0026439744186690095,"[1 0 0 0 1 1 0 1 0 1 1 0 0 1 1 1 1 1 0 0 0 0 0 1 1 1 0 0 1 1 0 0 0 1 0 0 1 0 0 1]"
0,0.008901881330343454,"[1 0 0 1 1 1 1 1 1 0 1 0 1 0 0 0 0 0 1 1 0 1 0 1 1 0 0 0 0 0 1 0 0 1 1 0 1 0 1 1]"
0,0.0016415982776963548,"[1 0 0 0 0 1 1 0 1 1 0 1 0 0 1 0 1 1 1 0 0 1 1 0 0 1 1 0 0 1 1 0 0 0 1 0 1 1 0 1]"
0,0.0015157136549809188,"[1 0 0 0 0 1 0 1 1 1 0 0 0 0 0 0 1 0 0 1 1 1 1 1 0 1 0 0 0 0 1 1 1 1 1 1 1 0 1 0]"
0,3.862272376644746e-06,"[0 1 0 0 1 0 0 1 1 0 0 1 1 0 1 1 1 0 0 1 1 1 0 1 0 1 1 0 1 0 1 0 1 1 1 0 0 1 0 0]"
0,1.2354428281581902e-22,"[0 0 0 0 0 0 0 1 1 0 1 0 0 1 1 0 0 1 0 1 0 1 1 1 0 0 0 0 1 0 0 0 1 1 1 1 1 1 0 0]"
0,0.016050513265868534,"[1 0 1 0 1 0 0 1 0 1 0 1 1 0 0 1 1 1 1 1 0 1 1 1 0 0 0 0 1 1 0 1 0 0 1 1 0 0 0 0]"
0,0.015811488126662863,"[1 0 1 0 1 0 0 1 0 0 0 1 1 0 0 0 1 1 1 1 0 1 1 1 0 0 0 1 1 1 0 1 0 0 1 1 0 0 0 0]"
0,0.15990095360751366,"[1 1 0 1 0 1 0 1 0 0 0 1 1 1 1 0 1 1 0 1 0 1 0 0 0 0 0 1 0 1 0 0 1 0 1 0 1 0 1 1]"
0,0.0035451943385233866,"[1 0 0 1 0 0 0 1 1 0 0 1 1 1 0 1 0 1 0 0 0 0 0 1 1 0 0 0 0 1 0 0 0 1 0 1 1 1 0 1]"
0,0.0714502666297092,"[1 1 0 0 0 1 0 0 1 0 1 0 0 0 0 0 0 0 1 0 1 1 1 1 1 1 1 0 1 0 1 1 1 0 1 1 0 1 0 0]"
0,3.827569278031694e-06,"[0 1 0 0 1 0 0 1 1 0 0 0 1 0 1 0 1 0 0 1 1 1 0 1 0 1 1 0 0 0 1 0 1 1 1 0 0 0 0 1]"
0,0.0002285803878210619,"[0 1 1 0 1 1 1 0 1 0 1 1 0 0 1 0 1 1 1 1 0 1 0 0 0 1 1 0 0 1 1 1 1 1 1 0 1 0 0 1]"
0,0.05817888150788321,"[1 1 0 0 0 0 0 0 1 0 1 0 0 0 0 0 0 1 1 0 1 1 1 1 1 1 1 0 1 0 1 1 1 0 1 1 0 1 0 0]"
0,0.03541378418306017,"[1 0 1 1 0 1 1 1 0 1 0 0 1 1 0 0 0 0 1 1 1 0 1 1 0 0 1 0 0 1 0 0 0 0 0 0 1 0 1 0]"
0,0.5116900942361992,"[1 1 1 0 1 1 1 1 0 1 1 0 1 0 0 0 1 0 1 1 1 0 1 1 0 0 1 1 1 0 0 0 0 1 0 0 1 1 0 1]"
0,0.11954673652273776,"[1 1 0 0 1 1 1 1 0 0 0 0 0 0 1 0 1 1 0 1 1 0 1 0 1 0 1 1 1 0 0 0 1 0 0 0 0 0 1 1]"
0,0.6477448708601145,"[1 1 1 1 0 1 0 1 0 0 0 1 1 1 1 0 1 1 1 1 0 1 0 0 0 0 0 1 0 1 0 0 1 0 1 1 1 0 1 0]"
0,0.02822851476285988,"[1 0 1 1 0 0 1 1 0 0 1 1 0 0 0 0 0 0 0 1 1 1 0 0 1 0 0 1 1 0 1 0 1 0 1 1 1 1 1 1]"
0,0.11270252841437671,"[1 1 0 0 1 1 0 1 1 1 0 0 1 0 1 1 0 1 0 1 0 1 1 0 1 1 1 0 1 0 1 1 1 0 0 0 1 1 1 0]"
0,0.3937160348977605,"[1 1 1 0 1 0 0 1 0 0 1 1 0 1 1 1 0 1 0 0 1 0 0 1 0 1 1 0 1 1 0 1 1 0 1 1 0 0 0 1]"
0,0.0014960970594217362,"[1 0 0 0 0 1 0 1 1 0 0 1 0 1 0 0 0 0 0 0 1 1 0 0 0 0 0 1 0 0 1 1 1 1 0 0 0 0 0 1]"
0,0.07145370532823789,"[1 1 0 0 0 1 0 0 1 0 1 0 0 0 0 0 0 1 1 0 1 1 0 1 1 1 1 0 1 1 1 1 1 0 1 1 0 1 0 0]"
0,0.008905150960887174,"[1 0 0 1 1 1 1 1 1 0 1 0 1 0 0 1 1 0 1 1 0 1 0 1 1 1 0 0 0 0 1 0 0 1 0 0 0 0 1 1]"
0,0.001527954227538413,"[1 0 0 0 0 1 0 1 1 1 0 1 1 1 0 0 0 0 1 0 1 1 0 0 1 0 0 1 0 0 1 1 1 1 0 1 0 1 0 1]"
0,0.0021594388040465863,"[1 0 0 0 1 0 1 0 1 0 0 1 0 0 1 0 0 1 0 1 0 0 0 0 1 0 1 1 0 0 1 0 0 0 0 0 0 0 0 0]"
0,3.575156604895454e-06,"[0 1 0 0 1 0 0 1 0 0 0 0 1 0 1 0 1 0 0 1 1 1 0 1 0 1 1 0 1 0 1 0 1 1 1 0 0 1 0 0]"
0,0.02824082465921008,"[1 0 1 1 0 0 1 1 0 0 1 1 0 0 1 0 0 0 0 1 1 1 0 0 1 0 0 1 1 0 1 0 1 0 1 1 0 1 1 1]"
0,0.003541392038296306,"[1 0 0 1 0 0 0 1 1 0 0 1 1 0 0 1 0 1 0 0 0 0 0 1 1 0 0 0 0 1 0 0 0 1 0 1 1 1 0 1]"
0,0.07587189603921142,"[1 1 0 0 0 1 0 1 1 1 0 0 1 1 1 1 0 1 0 1 0 1 1 0 1 0 1 0 1 0 1 1 1 0 0 0 1 1 1 0]"
0,2.2172562952019643e-07,"[0 0 1 1 0 1 1 1 0 1 0 0 1 1 1 1 1 1 1 1 0 0 0 1 1 0 0 0 1 0 0 0 1 1 0 1 0 1 0 0]"
0,3.337821402793898e-06,"[0 1 0 0 1 0 0 0 1 0 0 0 1 0 1 0 1 0 0 1 1 1 0 0 1 1 1 0 1 1 1 0 1 1 1 0 0 0 1 1]"
0,0.11534946542369627,"[1 1 0 0 1 1 1 0 0 1 0 0 0 1 0 1 1 1 0 0 1 0 0 0 1 0 0 0 0 1 1 1 0 0 0 0 0 0 0 1]"
0,0.03551958388974037,"[1 0 1 1 0 1 1 1 0 1 0 1 1 0 1 0 0 0 1 1 1 0 1 1 0 0 1 0 0 0 0 0 0 0 0 0 1 0 1 0]"
0,0.02868247385817398,"[1 0 1 1 0 0 1 1 0 1 1 1 1 0 0 1 0 1 0 1 1 0 1 0 0 1 0 1 0 1 0 1 0 0 0 1 1 1 1 1]"
0,3.9849578874791544e-09,"[0 0 1 0 0 1 0 1 0 0 0 0 0 0 0 1 1 1 0 0 0 0 1 0 0 0 1 0 0 1 0 1 0 0 1 1 0 1 1 0]"
1,0.5967691035893816,"[1 1 1 1 0 0 1 1 0 0 0 1 1 1 1 0 1 0 1 1 0 1 0 1 0 0 0 1 0 0 0 0 1 0 1 0 1 0 1 0]"
1,0.03185728596069759,"[1 0 1 1 0 1 0 1 0 1 0 1 1 1 1 0 0 0 1 1 1 0 1 0 0 0 1 0 0 1 0 0 0 0 0 0 1 0 1 0]"
1,0.0021583069114530697,"[1 0 0 0 1 0 1 0 1 0 0 1 0 0 0 0 0 1 1 1 0 1 0 0 1 0 0 1 0 0 1 0 0 0 0 1 0 0 0 0]"
1,0.009897464865019554,"[1 0 1 0 0 0 0 1 0 1 0 1 1 0 1 1 1 1 0 1 0 0 1 1 0 0 1 0 1 1 0 1 0 0 1 0 0 0 0 0]"
1,0.6477448723244503,"[1 1 1 1 0 1 0 1 0 0 0 1 1 1 1 0 1 1 1 1 0 1 0 0 0 0 0 1 0 1 0 1 1 0 1 0 1 0 0 0]"
1,0.5116874852381972,"[1 1 1 0 1 1 1 1 0 1 1 0 1 0 0 0 1 0 1 1 0 0 1 1 0 0 1 1 1 0 0 0 0 1 0 0 1 1 1 1]"
1,0.05817888150788321,"[1 1 0 0 0 0 0 0 1 0 1 0 0 0 0 0 0 1 1 0 1 1 1 1 1 1 1 0 1 0 1 1 1 0 1 1 0 1 0 0]"
1,0.15988630021739864,"[1 1 0 1 0 1 0 1 0 0 0 1 1 1 1 0 0 1 0 1 0 1 0 0 0 0 0 1 0 1 0 0 1 0 1 0 1 0 1 1]"
1,0.07391629033519986,"[1 1 0 0 0 1 0 1 0 1 0 0 1 0 1 1 0 1 0 0 0 1 1 0 1 0 1 0 1 0 1 1 1 0 0 0 1 0 1 0]"
1,0.12320559267734764,"[1 1 0 0 1 1 1 1 1 0 1 0 0 0 1 0 1 1 0 1 1 0 1 1 1 1 1 1 1 0 1 0 1 0 0 0 0 0 1 0]"
1,0.7108155044778709,"[1 1 1 1 0 1 1 1 0 1 1 0 1 0 0 0 1 0 1 1 1 0 1 0 0 0 1 1 1 0 0 0 0 1 1 0 1 1 0 1]"
1,0.4648159531629411,"[1 1 1 0 1 1 0 1 0 0 0 1 1 1 1 0 1 0 1 1 0 1 0 0 0 0 0 1 0 1 0 0 1 1 0 0 1 0 1 0]"
1,0.0015158780405714512,"[1 0 0 0 0 1 0 1 1 1 0 0 0 0 0 0 1 1 1 1 1 1 1 0 0 1 0 1 0 0 1 1 1 1 0 1 1 0 1 0]"
1,0.028680935703594767,"[1 0 1 1 0 0 1 1 0 1 1 1 1 0 0 1 0 0 0 1 1 0 1 1 0 1 0 0 0 0 0 1 0 0 1 1 1 1 1 1]"
1,0.03563799163530931,"[1 0 1 1 0 1 1 1 0 1 1 0 1 0 0 1 1 1 0 1 1 0 1 0 1 1 0 1 0 1 0 1 0 1 0 1 1 1 0 1]"
1,0.002653849740307867,"[1 0 0 0 1 1 0 1 0 1 1 1 0 1 0 1 0 1 0 0 0 0 0 1 0 1 0 0 1 1 0 0 0 0 0 0 1 1 1 1]"
1,0.05817888132785981,"[1 1 0 0 0 0 0 0 1 0 1 0 0 0 0 0 0 1 1 0 1 1 1 1 1 1 1 0 1 0 1 0 1 0 1 1 0 1 0 0]"
1,0.0026439972432756777,"[1 0 0 0 1 1 0 1 0 1 1 0 0 1 1 1 1 1 0 0 1 0 0 1 1 1 0 0 1 1 0 0 0 1 0 0 1 0 0 1]"
1,0.028240728422432516,"[1 0 1 1 0 0 1 1 0 0 1 1 0 0 1 0 0 0 0 1 1 0 0 0 1 0 0 1 1 0 1 0 0 0 1 1 0 1 1 1]"
1,0.3771560478023481,"[1 1 1 0 1 0 0 0 0 0 1 1 0 1 1 1 0 1 0 0 1 0 0 1 0 1 1 0 1 1 0 1 1 0 1 1 0 0 0 1]"
1,7.09707676639757e-05,"[0 1 1 0 0 0 1 0 0 1 1 1 1 0 1 0 1 1 0 1 1 1 1 1 0 1 1 0 1 1 1 0 1 0 1 1 0 0 1 0]"
1,3.57515187860445e-06,"[0 1 0 0 1 0 0 1 0 0 0 0 1 0 1 0 1 0 0 1 1 1 0 0 1 1 0 0 1 0 0 0 1 1 1 0 0 1 0 0]"
1,0.47051324541618167,"[1 1 1 0 1 1 0 1 0 1 1 0 1 0 0 0 1 0 1 1 0 0 1 1 0 0 1 1 1 0 0 0 0 1 0 0 1 1 0 1]"
1,0.0015293657720894748,"[1 0 0 0 0 1 0 1 1 1 0 1 1 1 1 1 0 1 0 1 0 1 1 0 1 0 1 0 1 0 1 1 1 0 0 0 1 1 1 0]"
1,0.3297701482602426,"[1 1 1 0 0 1 0 1 0 0 0 1 1 1 1 0 0 1 1 1 0 1 1 0 1 0 0 1 0 1 0 0 1 0 1 1 1 0 1 0]"
1,1.7875945526921127e-05,"[0 1 0 1 0 1 0 1 1 1 0 0 1 0 1 1 1 1 0 0 0 1 0 0 0 1 1 0 1 0 1 0 1 0 0 1 1 1 1 0]"
1,0.0021594388040465863,"[1 0 0 0 1 0 1 0 1 0 0 1 0 0 1 0 0 1 0 1 0 0 0 0 1 0 1 1 0 0 1 0 0 0 0 0 0 0 0 0]"
1,0.00888773671235603,"[1 0 0 1 1 1 1 1 1 0 1 0 0 0 0 1 1 0 1 1 0 1 0 1 1 1 0 0 0 0 1 0 0 1 0 0 0 0 1 0]"
1,0.5116900942361992,"[1 1 1 0 1 1 1 1 0 1 1 0 1 0 0 0 1 0 1 1 1 0 1 1 0 0 1 1 1 0 0 0 0 1 0 0 1 1 0 1]"
1,0.07587189603921142,"[1 1 0 0 0 1 0 1 1 1 0 0 1 1 1 1 0 1 0 1 0 1 1 0 1 0 1 0 1 0 1 1 1 0 0 0 1 1 1 0]"
1,0.6477448708601145,"[1 1 1 1 0 1 0 1 0 0 0 1 1 1 1 0 1 1 1 1 0 1 0 0 0 0 0 1 0 1 0 0 1 0 1 1 1 0 1 0]"
1,0.07581925321676948,"[1 1 0 0 0 1 0 1 1 1 0 0 1 0 1 1 1 1 0 1 0 0 1 0 1 1 1 0 1 0 1 1 1 0 0 0 1 1 1 0]"
1,0.03551958388974037,"[1 0 1 1 0 1 1 1 0 1 0 1 1 0 1 0 0 0 1 1 1 0 1 1 0 0 1 0 0 0 0 0 0 0 0 0 1 0 1 0]"
1,0.03541284081758306,"[1 0 1 1 0 1 1 1 0 1 0 0 1 1 0 0 0 0 0 1 1 0 1 1 0 0 1 0 0 1 0 0 0 0 0 0 1 0 1 0]"
1,0.028228513254612793,"[1 0 1 1 0 0 1 1 0 0 1 1 0 0 0 0 0 0 0 1 1 1 0 0 1 0 0 0 1 0 1 0 1 0 1 0 1 1 1 1]"
1,0.11990815813664987,"[1 1 0 0 1 1 1 1 0 0 0 1 0 0 1 0 1 1 0 1 1 0 1 0 1 0 1 1 1 0 0 0 1 0 0 0 0 0 1 1]"
1,0.07145370530454705,"[1 1 0 0 0 1 0 0 1 0 1 0 0 0 0 0 0 1 1 0 1 1 0 1 1 1 1 0 1 1 1 1 1 0 0 1 1 0 0 0]"
1,0.015811488126662863,"[1 0 1 0 1 0 0 1 0 0 0 1 1 0 0 0 1 1 1 1 0 1 1 1 0 0 0 1 1 1 0 1 0 0 1 1 0 0 0 0]"
1,0.001515713654928149,"[1 0 0 0 0 1 0 1 1 1 0 0 0 0 0 0 1 0 0 1 1 1 1 1 0 1 0 0 0 0 1 1 1 1 1 1 1 0 0 0]"
1,0.0016415908461179106,"[1 0 0 0 0 1 1 0 1 1 0 1 0 0 1 0 1 1 1 0 0 0 1 0 0 1 1 0 0 1 1 0 0 0 1 0 1 1 0 0]"
1,0.5110434208911184,"[1 1 1 0 1 1 1 1 0 1 1 0 0 0 0 0 1 1 1 1 1 0 1 1 0 0 1 1 0 0 1 1 1 0 1 0 0 0 0 1]"
1,0.48855260300815095,"[1 1 1 0 1 1 1 0 0 1 0 0 1 1 0 1 1 1 0 0 1 0 1 0 1 0 0 0 1 0 1 0 0 1 0 0 0 1 0 1]"
1,0.11142421670359198,"[1 1 0 0 1 1 0 1 1 0 0 0 1 1 1 1 0 1 0 0 0 1 1 0 1 1 1 0 1 0 1 1 1 0 0 0 1 1 1 0]"
1,0.0035451943385233866,"[1 0 0 1 0 0 0 1 1 0 0 1 1 1 0 1 0 1 0 0 0 0 0 1 1 0 0 0 0 1 0 0 0 1 0 1 1 1 0 1]"
1,0.004059049755602275,"[1 0 0 1 0 0 1 1 1 0 0 1 1 0 0 1 0 1 0 0 0 0 0 1 1 0 0 0 0 1 0 0 0 1 0 1 1 1 0 1]"
1,0.07212216663752312,"[1 1 0 0 0 1 0 0 1 1 0 0 1 1 1 1 0 1 0 1 0 0 1 0 1 0 1 0 1 0 1 1 1 0 0 0 1 1 1 0]"
1,3.3378196475527333e-06,"[0 1 0 0 1 0 0 0 1 0 0 0 1 0 1 0 1 0 0 1 1 1 0 0 1 0 1 0 1 1 1 0 1 1 1 0 0 0 1 1]"
1,0.005223284331167357,"[1 0 0 1 0 1 1 1 0 1 0 1 1 1 1 0 0 0 1 1 1 0 1 1 0 0 1 0 1 1 0 0 0 0 0 0 1 0 1 0]"
1,0.0026439744186690095,"[1 0 0 0 1 1 0 1 0 1 1 0 0 1 1 1 1 1 0 0 0 0 0 1 1 1 0 0 1 1 0 0 0 1 0 0 1 0 0 1]"
1,0.11535219596491096,"[1 1 0 0 1 1 1 0 0 1 0 0 0 1 0 1 1 1 1 0 1 0 0 0 1 0 0 0 0 1 1 1 0 0 0 0 0 0 0 1]"
2,0.05817888150788321,"[1 1 0 0 0 0 0 0 1 0 1 0 0 0 0 0 0 1 1 0 1 1 1 1 1 1 1 0 1 0 1 1 1 0 1 1 0 1 0 0]"
2,0.07587166193332391,"[1 1 0 0 0 1 0 1 1 1 0 0 1 1 1 1 0 1 0 1 0 0 1 0 1 0 1 0 1 0 1 1 1 0 0 0 1 1 1 0]"
2,0.47053259996235874,"[1 1 1 0 1 1 0 1 0 1 1 0 1 0 0 0 1 1 1 1 0 0 1 1 0 0 1 1 1 0 0 0 0 1 0 0 1 1 1 1]"
2,0.0714537048713431,"[1 1 0 0 0 1 0 0 1 0 1 0 0 0 0 0 0 1 1 0 1 1 0 1 1 1 1 0 1 1 0 1 1 0 0 1 1 0 0 0]"
2,0.07472349302764553,"[1 1 0 0 0 1 0 1 1 0 0 0 0 0 1 0 0 0 1 0 1 0 0 1 1 1 0 0 1 1 1 1 1 0 0 1 1 0 0 0]"
2,0.03387540360347636,"[1 0 1 1 0 1 1 0 0 1 1 1 1 1 0 0 0 1 0 0 1 0 1 1 0 0 1 0 0 1 0 0 0 0 0 0 1 0 1 0]"
2,0.12360017406859446,"[1 1 0 0 1 1 1 1 1 0 1 1 0 0 1 1 1 1 0 1 1 0 1 1 1 0 1 1 1 0 1 0 1 1 0 0 0 0 1 0]"
2,0.0035290608179331033,"[1 0 0 1 0 0 0 1 1 0 0 0 1 1 0 0 0 1 0 0 0 0 0 1 1 1 0 0 0 1 0 0 0 0 0 1 1 1 0 1]"
2,0.07145376075467272,"[1 1 0 0 0 1 0 0 1 0 1 0 0 0 0 0 0 1 1 0 1 1 1 0 1 1 1 0 1 1 1 1 1 0 0 1 1 0 0 0]"
2,0.0015158780388826519,"[1 0 0 0 0 1 0 1 1 1 0 0 0 0 0 0 1 1 1 1 1 1 1 0 0 1 0 1 0 0 1 1 1 0 0 1 1 0 1 0]"
2,0.12027067438459906,"[1 1 0 0 1 1 1 1 0 0 1 0 0 0 1 0 1 1 0 1 1 0 1 1 1 1 1 1 1 0 1 0 1 1 0 0 0 0 1 0]"
2,0.11535151333456983,"[1 1 0 0 1 1 1 0 0 1 0 0 0 1 0 1 1 1 1 0 0 0 0 0 1 0 0 0 0 1 1 1 0 0 0 0 1 0 0 1]"
2,0.11331190470519756,"[1 1 0 0 1 1 0 1 1 1 1 0 0 1 1 1 1 1 0 0 0 0 0 1 1 0 0 0 1 1 0 0 0 1 0 1 0 0 0 1]"
2,0.0035452249859569745,"[1 0 0 1 0 0 0 1 1 0 0 1 1 1 0 1 0 1 0 0 1 0 0 1 1 1 0 0 0 1 0 0 0 1 0 0 0 1 1 1]"
2,0.3332047557374758,"[1 1 1 0 0 1 0 1 0 1 0 1 1 0 1 1 0 1 0 0 0 1 0 0 1 0 1 0 1 1 1 1 1 0 0 0 0 0 1 0]"
2,0.08482405187214928,"[1 1 0 0 1 0 0 0 0 0 0 0 0 1 1 1 0 1 0 0 1 0 1 1 0 1 1 0 1 1 0 1 1 0 1 1 1 0 0 1]"
2,0.7108155044778709,"[1 1 1 1 0 1 1 1 0 1 1 0 1 0 0 0 1 0 1 1 1 0 1 0 0 0 1 1 1 0 0 0 0 1 1 0 1 1 0 1]"
2,0.4705144550537493,"[1 1 1 0 1 1 0 1 0 1 1 0 1 0 0 0 1 0 1 1 0 1 1 1 0 0 1 1 1 0 0 0 0 1 0 0 1 1 0 1]"
2,0.6091564304061948,"[1 1 1 1 0 0 1 1 1 0 0 1 1 1 1 0 1 0 1 1 0 1 0 1 0 0 0 0 0 0 0 0 1 0 1 0 1 0 1 0]"
2,0.05817888150788321,"[1 1 0 0 0 0 0 0 1 0 1 0 0 0 0 0 0 1 1 0 1 1 1 1 1 1 1 0 1 0 1 1 1 0 1 1 0 1 0 0]"
2,0.03185728596233346,"[1 0 1 1 0 1 0 1 0 1 0 1 1 1 1 0 0 0 1 1 1 0 1 0 0 0 1 0 0 1 0 0 0 0 0 0 1 1 1 0]"
2,0.0026439972432756777,"[1 0 0 0 1 1 0 1 0 1 1 0 0 1 1 1 1 1 0 0 1 0 0 1 1 1 0 0 1 1 0 0 0 1 0 0 1 0 0 1]"
2,0.035655081941620426,"[1 0 1 1 0 1 1 1 0 1 1 0 1 1 0 0 0 0 0 1 1 0 1 1 0 0 1 0 0 1 0 0 0 0 0 0 1 0 1 0]"
2,0.7072184603683462,"[1 1 1 1 0 1 1 1 0 1 0 0 1 0 0 0 1 0 0 1 1 0 1 0 0 1 0 1 1 1 0 1 0 1 0 1 1 1 0 1]"
2,0.3226439271944148,"[1 1 1 0 0 1 0 0 1 0 0 1 1 1 1 0 0 1 1 1 0 1 1 0 1 0 0 1 0 1 0 0 0 0 1 1 1 0 1 0]"
2,0.7108155044778709,"[1 1 1 1 0 1 1 1 0 1 1 0 1 0 0 0 1 0 1 1 1 0 1 0 0 0 1 1 1 0 0 0 0 1 1 0 1 1 0 1]"
2,0.2588333277532494,"[1 1 0 1 1 1 1 1 1 0 1 0 0 0 1 0 1 1 0 1 1 0 0 1 1 1 1 1 1 0 1 0 1 0 0 0 0 0 1 0]"
2,0.022767900504530755,"[1 0 1 0 1 1 1 1 0 1 1 0 0 0 0 0 0 1 1 1 1 0 0 1 0 0 1 1 0 0 1 1 1 0 1 0 0 0 0 1]"
2,0.5967691034064976,"[1 1 1 1 0 0 1 1 0 0 0 1 1 1 1 0 1 0 1 1 0 1 0 1 0 0 0 1 0 0 0 0 1 0 0 0 1 0 1 0]"
2,3.3377073138460804e-06,"[0 1 0 0 1 0 0 0 1 0 0 0 1 0 1 0 1 0 0 0 1 1 0 0 1 0 1 0 1 1 1 0 1 1 1 0 0 0 1 1]"
2,0.5116874852381972,"[1 1 1 0 1 1 1 1 0 1 1 0 1 0 0 0 1 0 1 1 0 0 1 1 0 0 1 1 1 0 0 0 0 1 0 0 1 1 1 1]"
2,0.3917210307922456,"[1 1 1 0 1 0 0 1 0 0 0 1 1 0 0 0 1 1 1 1 0 1 1 1 0 0 0 1 1 1 0 1 0 0 1 1 0 0 1 0]"
2,0.6477448723244503,"[1 1 1 1 0 1 0 1 0 0 0 1 1 1 1 0 1 1 1 1 0 1 0 0 0 0 0 1 0 1 0 1 1 0 1 0 1 0 0 0]"
2,0.11535219596491096,"[1 1 0 0 1 1 1 0 0 1 0 0 0 1 0 1 1 1 1 0 1 0 0 0 1 0 0 0 0 1 1 1 0 0 0 0 0 0 0 1]"
2,0.560773951514869,"[1 1 1 1 0 0 0 1 1 0 0 1 1 1 0 0 1 0 1 1 0 1 0 1 0 0 0 1 0 1 0 0 1 0 1 0 1 0 1 0]"
2,0.11534673494065373,"[1 1 0 0 1 1 1 0 0 1 0 0 0 1 0 1 1 0 1 0 1 0 0 0 1 0 0 0 0 1 1 1 0 0 0 0 0 0 0 1]"
2,0.035653174552048444,"[1 0 1 1 0 1 1 1 0 1 1 0 1 0 1 1 1 1 0 1 1 0 1 0 1 1 0 1 0 1 0 1 0 1 0 1 1 1 0 1]"
2,0.07145370530793146,"[1 1 0 0 0 1 0 0 1 0 1 0 0 0 0 0 0 1 1 0 1 1 0 1 1 1 1 0 1 1 1 1 1 0 0 1 1 1 0 0]"
2,0.11535219596491096,"[1 1 0 0 1 1 1 0 0 1 0 0 0 1 0 1 1 1 1 0 1 0 0 0 1 0 0 0 0 1 1 1 0 0 0 0 0 0 0 1]"
2,0.5494653699964722,"[1 1 1 1 0 0 0 1 0 0 0 1 1 1 1 0 1 1 0 1 0 1 0 0 0 0 0 1 0 1 0 0 1 0 1 1 1 0 1 0]"
2,0.5116848762322627,"[1 1 1 0 1 1 1 1 0 1 1 0 1 0 0 0 1 0 1 0 1 0 1 1 0 0 1 1 1 0 0 0 0 1 0 0 1 1 0 1]"
2,0.32978365514374053,"[1 1 1 0 0 1 0 1 0 0 0 1 1 1 1 0 1 0 1 1 0 1 0 0 0 0 0 1 0 1 0 0 1 1 0 0 1 0 1 0]"
2,0.03575961807722166,"[1 0 1 1 0 1 1 1 0 1 1 1 1 0 0 1 1 1 0 1 1 0 1 0 1 1 0 1 0 1 0 1 0 1 0 1 1 1 0 1]"
2,0.9759988994058791,"[1 1 1 1 1 1 1 1 0 1 1 0 0 0 0 0 1 1 1 1 1 0 1 1 0 0 1 1 0 0 1 1 1 0 1 0 0 0 0 1]"
2,0.10267814289424296,"[1 1 0 0 1 0 1 1 1 1 1 0 0 0 1 0 1 1 0 1 1 0 1 1 1 1 1 1 1 0 1 0 1 0 0 0 0 0 1 0]"
2,0.009218456783302829,"[1 0 1 0 0 0 0 0 0 0 1 1 0 1 1 1 0 1 0 0 1 0 0 1 0 1 1 0 1 1 0 1 1 0 1 1 0 0 0 1]"
2,0.0721226139694321,"[1 1 0 0 0 1 0 0 1 1 0 0 1 1 1 1 0 1 0 1 1 0 1 0 1 0 1 0 1 0 1 1 1 0 0 0 1 0 1 0]"
2,0.3315736921388265,"[1 1 1 0 0 1 0 1 0 0 1 1 1 1 1 0 0 1 1 1 0 1 1 0 1 0 0 1 0 1 0 0 1 0 1 1 1 0 1 0]"
2,1.1198166236751736e-08,"[0 0 1 0 1 0 0 1 0 0 0 0 1 0 0 0 1 1 1 1 0 1 1 1 0 0 0 1 1 1 0 1 0 0 0 1 0 0 0 0]"
2,0.007998662493065897,"[1 0 0 1 1 1 0 1 1 1 1 1 0 1 0 1 0 1 0 0 0 0 0 1 0 1 0 0 1 1 1 0 0 1 0 0 1 1 1 1]"
3,0.3088186862750443,"[1 1 1 0 0 0 1 1 1 0 0 1 1 1 1 0 1 0 1 1 0 1 0 1 0 0 0 0 0 0 0 0 1 0 1 0 1 0 1 0]"
3,0.07145326127173435,"[1 1 0 0 0 1 0 0 1 0 1 0 0 0 0 0 0 1 1 0 0 1 0 1 1 1 1 0 1 1 0 1 1 0 0 1 1 0 0 0]"
3,0.3332047557374758,"[1 1 1 0 0 1 0 1 0 1 0 1 1 0 1 1 0 1 0 0 0 1 0 0 1 0 1 0 1 1 1 1 1 0 0 0 0 0 1 0]"
3,0.5494655438551865,"[1 1 1 1 0 0 0 1 0 0 0 1 1 1 1 0 1 1 0 1 0 1 0 0 1 0 0 1 0 1 0 0 1 0 1 1 1 0 1 0]"
3,0.32959056675057435,"[1 1 1 0 0 1 0 1 0 0 0 1 1 0 1 1 0 1 0 0 0 1 0 0 1 0 1 0 1 1 1 1 1 0 0 0 0 0 1 0]"
3,0.022770436231706166,"[1 0 1 0 1 1 1 1 0 1 1 0 0 0 0 0 1 1 1 1 1 0 0 1 0 0 1 1 0 0 1 1 1 0 1 0 0 0 0 1]"
3,0.0721226139694321,"[1 1 0 0 0 1 0 0 1 1 0 0 1 1 1 1 0 1 0 1 1 0 1 0 1 0 1 0 1 0 1 1 1 0 0 0 1 0 1 0]"
3,0.009218456783302829,"[1 0 1 0 0 0 0 0 0 0 1 1 0 1 1 1 0 1 0 0 1 0 0 1 0 1 1 0 1 1 0 1 1 0 1 1 0 0 0 1]"
3,0.11322730111366207,"[1 1 0 0 1 1 0 1 1 1 1 0 0 0 1 1 1 1 0 1 0 0 0 1 1 0 1 0 1 1 0 0 0 1 0 1 0 0 0 1]"
3,0.4717678936703027,"[1 1 1 0 1 1 0 1 0 1 1 1 1 0 0 0 1 1 1 0 0 0 1 1 0 0 0 1 1 0 0 0 0 1 0 0 1 1 1 1]"
3,0.47068866262837056,"[1 1 1 0 1 1 0 1 0 1 1 0 1 0 1 0 1 1 1 1 0 1 1 1 0 0 1 1 0 0 0 0 0 1 0 0 1 1 0 0]"
3,0.3312203069419969,"[1 1 1 0 0 1 0 1 0 0 1 1 1 0 0 0 0 0 1 1 0 1 0 0 1 0 0 1 1 1 0 0 0 0 1 1 1 0 1 0]"
3,0.012641933487399823,"[1 0 1 0 0 1 0 1 0 1 0 1 1 0 1 1 0 1 0 0 0 1 0 0 1 0 1 0 1 1 1 1 1 0 0 0 0 0 1 0]"
3,0.6477448597237783,"[1 1 1 1 0 1 0 1 0 0 0 1 1 1 1 0 1 1 1 1 0 1 0 0 0 0 0 0 1 1 0 1 1 0 1 0 1 0 0 0]"
3,0.5116848762322627,"[1 1 1 0 1 1 1 1 0 1 1 0 1 0 0 0 1 0 1 0 1 0 1 1 0 0 1 1 1 0 0 0 0 1 0 0 1 1 0 1]"
3,0.2772856309346533,"[1 1 1 0 0 0 0 1 0 0 1 0 1 1 1 0 0 1 1 1 0 1 1 0 1 0 0 1 0 1 0 0 1 0 1 1 1 0 1 0]"
3,0.511645090536928,"[1 1 1 0 1 1 1 1 0 1 1 0 1 0 0 0 0 0 1 1 0 0 0 1 0 0 1 1 1 0 0 0 0 1 0 0 1 1 1 1]"
3,0.10275685835611105,"[1 1 0 0 1 0 1 1 1 1 1 0 0 1 1 0 1 1 0 1 1 0 1 1 1 1 1 1 1 0 1 0 1 0 0 0 0 0 1 1]"
3,0.07025518642025086,"[1 1 0 0 0 1 0 0 0 1 0 0 1 0 1 1 0 1 0 1 1 0 1 0 1 0 1 0 1 0 1 1 1 0 0 0 1 0 1 0]"
3,0.11365631912343678,"[1 1 0 0 1 1 0 1 1 1 1 1 0 1 1 1 1 1 0 0 0 0 0 1 1 0 0 0 1 1 0 0 0 1 0 1 0 0 0 1]"
3,0.03575961807722166,"[1 0 1 1 0 1 1 1 0 1 1 1 1 0 0 1 1 1 0 1 1 0 1 0 1 1 0 1 0 1 0 1 0 1 0 1 1 1 0 1]"
3,0.6477448723244503,"[1 1 1 1 0 1 0 1 0 0 0 1 1 1 1 0 1 1 1 1 0 1 0 0 0 0 0 1 0 1 0 1 1 0 1 0 1 0 0 0]"
3,0.5121024685503179,"[1 1 1 0 1 1 1 1 0 1 1 0 1 1 0 1 1 0 1 0 1 0 1 1 0 0 1 1 1 0 0 0 1 1 0 0 1 1 0 1]"
3,0.05817888150788321,"[1 1 0 0 0 0 0 0 1 0 1 0 0 0 0 0 0 1 1 0 1 1 1 1 1 1 1 0 1 0 1 1 1 0 1 1 0 1 0 0]"
3,0.5116848762322627,"[1 1 1 0 1 1 1 1 0 1 1 0 1 0 0 0 1 0 1 0 1 0 1 1 0 0 1 1 1 0 0 0 0 1 0 0 1 1 0 1]"
3,0.6593993395471807,"[1 1 1 1 0 1 0 1 1 0 0 0 1 1 1 0 1 1 1 1 0 1 0 0 0 0 0 1 0 1 0 1 1 1 1 0 1 0 0 0]"
3,0.08223371217826428,"[1 1 0 0 0 1 1 1 0 1 1 0 1 0 0 0 1 0 1 1 1 0 1 0 0 0 1 1 1 0 0 0 0 1 1 0 1 1 0 1]"
3,0.5494653699964722,"[1 1 1 1 0 0 0 1 0 0 0 1 1 1 1 0 1 1 0 1 0 1 0 0 0 0 0 1 0 1 0 0 1 0 1 1 1 0 1 0]"
3,0.6091564304993434,"[1 1 1 1 0 0 1 1 1 0 0 1 1 1 1 0 1 0 1 1 0 1 0 1 0 0 0 0 0 0 0 0 1 0 1 1 1 0 1 0]"
3,0.596757118025213,"[1 1 1 1 0 0 1 1 0 0 0 1 1 1 1 0 1 0 0 1 0 1 0 1 0 0 0 1 0 0 0 0 1 0 0 0 1 0 1 0]"
3,0.09483788557799348,"[1 1 0 0 1 0 1 0 0 1 0 0 0 1 0 1 1 1 1 0 1 0 1 0 1 0 0 0 0 1 1 1 0 0 0 0 0 0 1 1]"
3,0.5116874852381972,"[1 1 1 0 1 1 1 1 0 1 1 0 1 0 0 0 1 0 1 1 0 0 1 1 0 0 1 1 1 0 0 0 0 1 0 0 1 1 1 1]"
3,0.8329440639758905,"[1 1 1 1 1 0 1 1 0 1 0 1 1 1 0 0 1 1 1 1 0 1 0 1 0 0 0 1 0 1 0 0 1 0 1 0 1 0 1 0]"
3,0.00041947122758318286,"[0 1 1 1 0 1 0 1 1 0 1 0 0 0 0 0 1 0 1 1 1 0 1 1 0 0 1 1 0 0 1 1 1 1 1 0 0 0 1 1]"
3,0.5116816149643117,"[1 1 1 0 1 1 1 1 0 1 1 0 1 0 0 0 1 0 1 0 0 0 0 1 0 0 1 1 1 0 0 0 0 1 0 0 0 1 0 1]"
3,0.506369290181158,"[1 1 1 0 1 1 1 1 0 0 1 0 1 0 0 0 1 0 1 1 0 0 1 1 0 0 1 1 1 0 1 0 0 1 0 0 1 1 0 1]"
3,0.7108155044778709,"[1 1 1 1 0 1 1 1 0 1 1 0 1 0 0 0 1 0 1 1 1 0 1 0 0 0 1 1 1 0 0 0 0 1 1 0 1 1 0 1]"
3,0.26451358859946206,"[1 1 1 0 0 0 0 0 0 0 0 1 1 1 1 1 0 1 0 0 0 1 0 0 1 0 1 0 1 1 1 1 0 0 0 0 0 0 1 0]"
3,0.2478375414472703,"[1 1 0 1 1 1 1 0 1 0 1 0 1 0 1 0 1 1 0 1 1 0 1 1 1 1 1 1 0 0 1 1 1 0 1 0 1 0 1 0]"
3,0.336578862508219,"[1 1 1 0 0 1 0 1 1 0 0 1 0 1 1 0 0 1 1 1 0 1 0 0 1 0 0 1 1 1 0 0 0 0 0 1 0 0 1 0]"
3,0.5607725349102598,"[1 1 1 1 0 0 0 1 1 0 0 1 1 1 0 0 1 0 1 1 0 0 0 1 0 0 0 1 0 1 0 0 1 0 1 0 1 0 1 0]"
3,0.9384431517083659,"[1 1 1 1 1 1 1 0 0 1 1 0 0 0 0 0 1 1 1 1 0 0 1 1 0 0 1 1 0 0 1 1 1 0 1 0 0 0 0 1]"
3,0.32264391373546236,"[1 1 1 0 0 1 0 0 1 0 0 1 1 1 1 0 0 1 1 1 0 1 1 0 1 0 0 0 0 1 0 0 0 0 1 1 1 0 1 0]"
3,0.3332047557374758,"[1 1 1 0 0 1 0 1 0 1 0 1 1 0 1 1 0 1 0 0 0 1 0 0 1 0 1 0 1 1 1 1 1 0 0 0 0 0 1 0]"
3,0.5602301844784385,"[1 1 1 1 0 0 0 1 1 0 0 1 0 1 1 0 1 0 1 1 0 1 0 1 0 0 0 0 0 0 0 0 1 0 1 0 1 0 1 0]"
3,0.3297836551169306,"[1 1 1 0 0 1 0 1 0 0 0 1 1 1 1 0 1 0 1 1 0 1 0 0 0 0 0 1 0 1 0 0 1 1 0 0 0 0 1 0]"
3,0.07145370530793146,"[1 1 0 0 0 1 0 0 1 0 1 0 0 0 0 0 0 1 1 0 1 1 0 1 1 1 1 0 1 1 1 1 1 0 0 1 1 1 0 0]"
3,0.5967676052219894,"[1 1 1 1 0 0 1 1 0 0 0 1 1 1 1 0 1 0 1 1 0 0 0 1 0 0 0 1 0 0 0 0 1 0 0 0 1 0 1 0]"
3,0.05817888150788321,"[1 1 0 0 0 0 0 0 1 0 1 0 0 0 0 0 0 1 1 0 1 1 1 1 1 1 1 0 1 0 1 1 1 0 1 1 0 1 0 0]"
3,0.6091564423292095,"[1 1 1 1 0 0 1 1 1 0 0 1 1 1 1 0 1 0 1 1 0 1 0 1 0 0 0 0 1 0 0 0 1 0 1 0 1 0 1 0]"
4,0.6091566212676038,"[1 1 1 1 0 0 1 1 1 0 0 1 1 1 1 0 1 0 1 1 0 1 0 1 1 0 0 0 0 0 0 0 1 0 1 1 1 0 1 0]"
4,0.5965998329929753,"[1 1 1 1 0 0 1 1 0 0 0 1 1 1 0 0 1 1 1 1 0 0 0 1 0 0 0 1 0 0 1 0 1 0 0 1 1 0 1 0]"
4,0.36757150225648166,"[1 1 1 0 0 1 1 1 1 0 0 1 1 1 1 0 0 1 1 1 0 1 0 1 1 0 0 1 1 1 0 0 0 0 0 0 0 0 1 0]"
4,0.783081116116714,"[1 1 1 1 1 0 0 1 1 1 0 1 0 0 0 0 1 1 1 1 0 1 0 0 0 0 0 1 0 1 0 1 1 0 1 1 1 0 1 0]"
4,0.6593994355811931,"[1 1 1 1 0 1 0 1 1 0 0 0 1 1 1 0 1 1 1 1 0 1 0 0 0 1 0 1 0 0 0 1 1 1 1 0 1 0 0 0]"
4,0.6477327491156383,"[1 1 1 1 0 1 0 1 0 0 0 1 1 1 1 0 1 1 0 1 0 1 1 0 0 0 0 0 0 1 0 0 1 0 1 1 1 0 1 0]"
4,0.07145459251458959,"[1 1 0 0 0 1 0 0 1 0 1 0 0 0 0 0 0 1 1 1 1 1 0 1 1 1 1 0 1 1 1 1 1 0 0 1 1 1 0 0]"
4,0.3332047557374758,"[1 1 1 0 0 1 0 1 0 1 0 1 1 0 1 1 0 1 0 0 0 1 0 0 1 0 1 0 1 1 1 1 1 0 0 0 0 0 1 0]"
4,0.6594002230605698,"[1 1 1 1 0 1 0 1 1 0 0 0 1 1 1 0 1 1 1 1 0 1 1 0 0 0 1 1 1 1 0 1 1 1 1 0 1 0 0 0]"
4,0.05817878213504052,"[1 1 0 0 0 0 0 0 1 0 1 0 0 0 0 0 0 1 1 0 1 1 0 1 1 1 0 0 0 0 1 1 1 0 1 1 0 1 0 0]"
4,0.00024266885221646838,"[0 1 1 0 1 1 1 1 0 1 0 1 1 1 0 0 1 1 1 1 0 1 0 1 0 0 0 1 0 1 0 0 1 0 1 0 1 1 1 1]"
4,0.7723642804311759,"[1 1 1 1 1 0 0 1 0 1 1 1 1 0 0 0 1 1 1 0 0 0 1 1 0 0 0 1 1 0 0 0 0 1 0 0 1 0 1 0]"
4,0.11365632438596404,"[1 1 0 0 1 1 0 1 1 1 1 1 0 1 1 1 1 1 0 0 0 0 0 1 1 0 0 1 1 1 0 0 0 1 0 1 0 0 0 1]"
4,0.5116816149643117,"[1 1 1 0 1 1 1 1 0 1 1 0 1 0 0 0 1 0 1 0 0 0 0 1 0 0 1 1 1 0 0 0 0 1 0 0 0 1 0 1]"
4,0.32263724488667506,"[1 1 1 0 0 1 0 0 1 0 0 1 1 1 1 0 0 1 0 1 0 1 1 1 1 0 0 0 1 1 0 0 0 0 1 1 1 0 1 0]"
4,0.5116902572995938,"[1 1 1 0 1 1 1 1 0 1 1 0 1 0 0 0 1 0 1 1 1 0 1 1 1 0 1 1 1 0 0 0 0 1 0 0 1 1 0 1]"
4,0.6477448471231065,"[1 1 1 1 0 1 0 1 0 0 0 1 1 1 1 0 1 1 1 1 0 1 0 0 0 0 0 0 0 1 0 1 1 0 1 0 1 0 0 0]"
4,0.710815668874391,"[1 1 1 1 0 1 1 1 0 1 1 0 1 0 0 0 1 0 1 1 1 0 1 0 1 0 0 1 1 0 0 0 0 1 1 0 1 1 0 1]"
4,0.5119804211480669,"[1 1 1 0 1 1 1 1 0 1 1 0 1 1 0 0 0 0 1 1 0 1 0 1 0 0 1 1 1 0 0 0 0 1 0 0 1 1 1 1]"
4,0.832944056075394,"[1 1 1 1 1 0 1 1 0 1 0 1 1 1 0 0 1 1 1 1 0 1 0 1 0 0 0 1 0 0 0 0 1 0 1 0 1 0 1 0]"
4,0.7025380285572987,"[1 1 1 1 0 1 1 1 0 0 0 1 1 1 1 0 1 0 0 1 0 1 0 1 0 0 0 0 1 0 0 0 1 1 1 0 1 0 1 0]"
4,0.3088120745209767,"[1 1 1 0 0 0 1 1 1 0 0 1 1 1 1 0 1 0 0 1 0 1 0 1 0 0 0 1 0 0 0 0 1 0 0 0 1 0 1 0]"
4,0.6330330768176682,"[1 1 1 1 0 1 0 0 1 0 0 0 1 1 1 0 1 1 1 1 0 1 0 0 0 0 0 1 0 1 0 1 1 1 1 0 1 0 0 0]"
4,0.02891652193512317,"[1 0 1 1 0 0 1 1 1 0 0 1 1 1 1 0 1 0 1 1 0 1 0 1 0 0 0 0 1 0 0 0 1 0 1 0 1 0 1 0]"
4,0.7108156140755472,"[1 1 1 1 0 1 1 1 0 1 1 0 1 0 0 0 1 0 1 1 1 0 1 0 0 1 1 1 1 0 0 0 0 1 1 0 1 1 0 1]"
4,2.85229747106974e-06,"[0 1 0 0 0 1 1 1 0 1 1 0 1 0 0 0 1 1 1 1 1 0 1 0 0 0 1 1 1 0 0 0 0 1 1 0 1 1 0 1]"
4,0.7689926742734662,"[1 1 1 1 1 0 0 1 0 1 0 1 1 1 0 0 1 1 1 1 0 1 0 0 0 0 0 0 0 1 0 0 1 0 1 1 1 0 1 0]"
4,0.7025794647522837,"[1 1 1 1 0 1 1 1 0 0 0 1 1 1 1 0 1 1 1 1 0 1 0 0 1 0 0 0 1 1 0 1 1 0 0 0 1 0 0 0]"
4,0.32264391373546236,"[1 1 1 0 0 1 0 0 1 0 0 1 1 1 1 0 0 1 1 1 0 1 1 0 1 0 0 0 0 1 0 0 0 0 1 1 1 0 1 0]"
4,0.5494653699964722,"[1 1 1 1 0 0 0 1 0 0 0 1 1 1 1 0 1 1 0 1 0 1 0 0 0 0 0 1 0 1 0 0 1 0 1 1 1 0 1 0]"
4,0.4717678936703027,"[1 1 1 0 1 1 0 1 0 1 1 1 1 0 0 0 1 1 1 0 0 0 1 1 0 0 0 1 1 0 0 0 0 1 0 0 1 1 1 1]"
4,0.26451358859946206,"[1 1 1 0 0 0 0 0 0 0 0 1 1 1 1 1 0 1 0 0 0 1 0 0 1 0 1 0 1 1 1 1 0 0 0 0 0 0 1 0]"
4,0.333203865567784,"[1 1 1 0 0 1 0 1 0 1 0 1 1 0 1 1 0 1 0 0 0 0 0 0 1 0 1 0 1 0 1 1 1 0 0 0 0 0 1 0]"
4,0.8323617594406597,"[1 1 1 1 1 0 1 1 0 1 0 1 1 0 0 0 0 1 1 1 0 1 0 1 0 0 0 1 0 1 0 0 1 0 1 0 1 0 1 0]"
4,0.33592076394569353,"[1 1 1 0 0 1 0 1 1 0 0 0 1 0 1 0 1 1 1 1 0 1 0 0 0 0 0 1 0 1 0 1 1 1 1 0 1 0 0 0]"
4,9.339600247538605e-05,"[0 1 1 0 0 1 0 1 0 0 1 1 1 0 0 0 1 0 1 1 0 1 0 0 1 0 0 1 1 1 0 0 0 0 1 1 1 0 1 0]"
4,0.6476803583104875,"[1 1 1 1 0 1 0 1 0 0 0 1 1 1 1 0 0 1 0 1 0 1 0 0 0 0 0 1 0 1 0 0 1 0 1 1 1 0 1 0]"
4,0.3297836551169306,"[1 1 1 0 0 1 0 1 0 0 0 1 1 1 1 0 1 0 1 1 0 1 0 0 0 0 0 1 0 1 0 0 1 1 0 0 0 0 1 0]"
4,0.00024366958319123878,"[0 1 1 0 1 1 1 1 0 1 1 0 1 0 0 0 1 0 1 1 0 0 0 1 0 0 1 1 1 0 0 0 0 1 0 0 0 1 0 1]"
4,0.0002382572169389308,"[0 1 1 0 1 1 1 1 0 0 1 0 1 0 0 0 1 0 1 1 0 0 1 1 0 0 1 1 1 0 1 0 0 1 0 0 1 1 0 1]"
4,0.0027359972827950907,"[1 0 0 0 1 1 0 1 1 1 1 0 0 0 1 1 1 1 0 1 0 0 0 1 1 0 0 0 1 0 0 0 0 1 0 1 0 0 0 1]"
4,0.6477449731298344,"[1 1 1 1 0 1 0 1 0 0 0 1 1 1 1 0 1 1 1 1 0 1 0 0 0 1 0 1 0 1 0 1 1 0 1 0 1 0 0 0]"
4,0.5960024524995711,"[1 1 1 1 0 0 1 1 0 0 0 1 0 1 1 0 1 0 1 1 0 1 0 1 0 0 0 0 0 0 0 0 1 0 1 1 1 0 1 0]"
4,0.2835044527594534,"[1 1 1 0 0 0 0 1 1 0 1 0 1 1 1 0 0 1 1 1 0 1 1 0 1 0 0 1 0 1 0 0 1 0 1 1 1 0 1 0]"
4,0.11185993672799416,"[1 1 0 0 1 1 0 1 1 0 1 0 0 0 1 1 1 1 0 1 0 0 0 1 1 0 1 0 1 1 0 0 0 1 0 1 0 0 0 1]"
4,0.5609664627046546,"[1 1 1 1 0 0 0 1 1 0 0 1 1 1 1 0 1 1 0 1 0 1 0 0 1 0 0 1 0 1 0 0 1 0 1 1 1 0 1 0]"
4,0.47068866262837056,"[1 1 1 0 1 1 0 1 0 1 1 0 1 0 1 0 1 1 1 1 0 1 1 1 0 0 1 1 0 0 0 0 0 1 0 0 1 1 0 0]"
4,0.1026781428954155,"[1 1 0 0 1 0 1 1 1 1 1 0 0 0 1 0 1 1 0 1 1 0 1 1 1 1 1 1 1 0 1 0 1 0 0 0 0 0 1 1]"
4,0.6510037928345407,"[1 1 1 1 0 1 0 1 0 0 1 1 1 1 1 0 0 1 1 1 0 1 0 0 0 0 0 0 1 1 0 1 1 0 1 0 1 0 0 0]"
4,0.0008618135518679258,"[0 1 1 1 1 1 1 0 0 1 1 0 1 0 0 0 1 1 1 1 0 0 1 1 0 0 1 1 0 0 1 1 1 0 1 0 0 0 0 1]"
5,0.6593994479855873,"[1 1 1 1 0 1 0 1 1 0 0 0 1 1 1 0 1 1 1 1 0 1 0 0 0 1 0 1 1 0 0 1 1 0 1 0 1 0 0 0]"
5,0.702579898568849,"[1 1 1 1 0 1 1 1 0 0 0 1 1 1 1 0 1 1 1 1 0 1 0 1 1 0 0 0 1 1 0 1 1 0 0 0 1 0 0 0]"
5,0.832944056075394,"[1 1 1 1 1 0 1 1 0 1 0 1 1 1 0 0 1 1 1 1 0 1 0 1 0 0 0 1 0 0 0 0 1 0 1 0 1 0 1 0]"
5,0.8490688906923793,"[1 1 1 1 1 0 1 1 1 1 0 1 1 0 0 0 0 1 1 1 0 1 0 1 0 0 0 1 0 1 0 0 1 0 1 0 0 0 1 0]"
5,0.6477327491156383,"[1 1 1 1 0 1 0 1 0 0 0 1 1 1 1 0 1 1 0 1 0 1 1 0 0 0 0 0 0 1 0 0 1 0 1 1 1 0 1 0]"
5,0.6331341963490131,"[1 1 1 1 0 1 0 0 1 0 0 0 1 1 1 1 1 1 1 1 0 1 0 0 0 0 0 1 0 1 0 1 1 1 1 0 1 0 0 0]"
5,0.702551692851836,"[1 1 1 1 0 1 1 1 0 0 0 1 1 1 1 0 1 0 1 1 0 1 0 0 1 0 0 0 1 0 0 0 1 0 1 1 1 0 1 0]"
5,0.7169253190036837,"[1 1 1 1 0 1 1 1 1 0 0 1 1 1 1 0 1 1 1 1 0 1 0 1 1 0 0 0 0 1 0 1 1 0 0 0 1 0 0 0]"
5,0.7025795596496368,"[1 1 1 1 0 1 1 1 0 0 0 1 1 1 1 0 1 1 1 1 0 1 0 0 1 1 0 0 0 1 0 1 1 0 0 0 1 0 0 0]"
5,0.8323617594406597,"[1 1 1 1 1 0 1 1 0 1 0 1 1 0 0 0 0 1 1 1 0 1 0 1 0 0 0 1 0 1 0 0 1 0 1 0 1 0 1 0]"
5,0.702579464858196,"[1 1 1 1 0 1 1 1 0 0 0 1 1 1 1 0 1 1 1 1 0 1 0 0 1 0 0 0 1 1 0 1 1 0 0 1 1 0 0 0]"
5,0.6593994355811931,"[1 1 1 1 0 1 0 1 1 0 0 0 1 1 1 0 1 1 1 1 0 1 0 0 0 1 0 1 0 0 0 1 1 1 1 0 1 0 0 0]"
5,0.5116902572995938,"[1 1 1 0 1 1 1 1 0 1 1 0 1 0 0 0 1 0 1 1 1 0 1 1 1 0 1 1 1 0 0 0 0 1 0 0 1 1 0 1]"
5,0.2834983189574931,"[1 1 1 0 0 0 0 1 1 0 1 0 1 1 1 0 0 1 0 1 0 1 1 0 1 0 0 1 0 1 0 0 1 0 1 1 1 0 1 0]"
5,0.6589798806927886,"[1 1 1 1 0 1 0 1 1 0 0 0 1 0 1 0 1 1 1 1 0 1 0 0 0 0 0 1 0 1 0 1 1 1 1 0 1 0 0 0]"
5,0.32178992716450305,"[1 1 1 0 0 1 0 0 1 0 0 0 1 1 1 0 1 1 1 1 0 1 0 0 0 0 0 1 0 1 0 1 1 1 1 0 1 0 0 0]"
5,0.7025794647522837,"[1 1 1 1 0 1 1 1 0 0 0 1 1 1 1 0 1 1 1 1 0 1 0 0 1 0 0 0 1 1 0 1 1 0 0 0 1 0 0 0]"
5,0.710815668874391,"[1 1 1 1 0 1 1 1 0 1 1 0 1 0 0 0 1 0 1 1 1 0 1 0 1 0 0 1 1 0 0 0 0 1 1 0 1 1 0 1]"
5,0.645786272647389,"[1 1 1 1 0 1 0 1 0 0 0 0 1 0 1 1 1 1 1 1 0 1 0 0 0 0 0 1 0 1 0 1 0 1 1 0 1 0 0 0]"
5,0.6970213576639015,"[1 1 1 1 0 1 1 0 1 1 1 0 1 1 0 0 1 0 1 1 1 0 1 0 1 0 0 1 1 0 0 0 0 1 1 0 1 1 0 1]"
5,0.6233431315571185,"[1 1 1 1 0 1 0 0 0 0 1 0 1 1 1 0 0 1 1 1 0 1 0 0 0 0 0 0 1 1 0 1 1 0 1 0 1 0 0 0]"
5,0.6603440006874279,"[1 1 1 1 0 1 0 1 1 0 0 1 0 1 1 1 1 1 1 1 0 1 0 0 0 0 0 1 0 1 0 1 1 1 1 0 1 0 0 0]"
5,0.3297836551169306,"[1 1 1 0 0 1 0 1 0 0 0 1 1 1 1 0 1 0 1 1 0 1 0 0 0 0 0 1 0 1 0 0 1 1 0 0 0 0 1 0]"
5,0.6477448471231065,"[1 1 1 1 0 1 0 1 0 0 0 1 1 1 1 0 1 1 1 1 0 1 0 0 0 0 0 0 0 1 0 1 1 0 1 0 1 0 0 0]"
5,0.6593994355811931,"[1 1 1 1 0 1 0 1 1 0 0 0 1 1 1 0 1 1 1 1 0 1 0 0 0 1 0 1 0 0 0 1 1 1 1 0 1 0 0 0]"
5,0.6594002230605698,"[1 1 1 1 0 1 0 1 1 0 0 0 1 1 1 0 1 1 1 1 0 1 1 0 0 0 1 1 1 1 0 1 1 1 1 0 1 0 0 0]"
5,0.7110400471881226,"[1 1 1 1 0 1 1 1 0 1 1 0 1 0 1 0 1 0 1 1 1 0 1 0 0 1 0 1 1 0 0 0 0 1 1 0 1 0 0 1]"
5,0.6591897273273657,"[1 1 1 1 0 1 0 1 1 0 0 0 1 1 0 0 1 1 1 1 0 1 0 0 0 1 1 1 0 0 0 1 1 1 1 0 1 1 0 0]"
5,0.8329440659510146,"[1 1 1 1 1 0 1 1 0 1 0 1 1 1 0 0 1 1 1 1 0 1 0 1 0 0 0 1 0 1 0 1 1 0 1 0 1 0 1 0]"
5,0.6477449652544133,"[1 1 1 1 0 1 0 1 0 0 0 1 1 1 1 0 1 1 1 1 0 1 0 0 0 1 0 1 0 0 0 0 1 0 1 0 1 0 0 0]"
5,0.7025380285572987,"[1 1 1 1 0 1 1 1 0 0 0 1 1 1 1 0 1 0 0 1 0 1 0 1 0 0 0 0 1 0 0 0 1 1 1 0 1 0 1 0]"
5,0.7108156140755472,"[1 1 1 1 0 1 1 1 0 1 1 0 1 0 0 0 1 0 1 1 1 0 1 0 0 1 1 1 1 0 0 0 0 1 1 0 1 1 0 1]"
5,0.3226372516160261,"[1 1 1 0 0 1 0 0 1 0 0 1 1 1 1 0 0 1 0 1 0 1 1 1 1 0 0 1 0 1 0 0 0 0 1 1 1 0 1 0]"
5,0.8328793216718627,"[1 1 1 1 1 0 1 1 0 1 0 1 1 1 0 0 0 1 1 1 0 1 0 1 0 0 0 0 1 0 0 0 1 0 1 0 1 0 1 0]"
5,0.4717678936703027,"[1 1 1 0 1 1 0 1 0 1 1 1 1 0 0 0 1 1 1 0 0 0 1 1 0 0 0 1 1 0 0 0 0 1 0 0 1 1 1 1]"
5,0.27944759161040106,"[1 1 1 0 0 0 0 1 0 1 0 1 1 0 1 1 0 1 0 0 0 0 0 0 1 0 1 0 0 0 1 1 1 0 0 0 0 0 1 0]"
5,0.5494431164897832,"[1 1 1 1 0 0 0 1 0 0 0 1 1 1 1 0 1 0 0 1 0 1 0 0 0 0 0 1 0 1 0 0 1 0 1 1 1 0 1 0]"
5,0.48069579850245875,"[1 1 1 0 1 1 0 1 1 1 1 0 1 0 1 0 1 1 1 1 0 1 1 1 0 0 1 1 0 0 0 0 0 1 0 0 1 1 0 0]"
5,0.3405249586646652,"[1 1 1 0 0 1 0 1 1 1 0 1 1 0 1 1 0 0 0 0 0 0 0 0 1 0 1 0 1 0 1 0 1 0 0 0 0 0 1 0]"
5,0.1082571779380248,"[1 1 0 0 1 1 0 0 1 1 1 1 0 1 1 1 1 1 0 0 0 0 0 1 1 0 0 1 1 1 0 0 0 1 0 1 0 0 0 1]"
5,0.6487545957027329,"[1 1 1 1 0 1 0 1 0 0 1 0 1 0 0 0 1 0 1 1 1 0 1 0 0 1 1 1 1 0 0 0 0 1 1 0 1 1 0 1]"
5,3.25271017649286e-05,"[0 1 0 1 1 0 1 1 0 0 0 1 0 1 1 0 1 0 1 1 0 1 0 1 0 0 0 0 0 1 0 0 1 0 1 1 1 0 1 0]"
5,0.07349191940876226,"[1 1 0 0 0 1 0 1 0 0 1 0 1 1 1 0 0 0 1 1 0 1 0 0 0 0 0 1 0 1 0 0 1 1 0 0 0 0 1 0]"
5,0.4688333373727172,"[1 1 1 0 1 1 0 1 0 1 0 1 0 0 1 0 1 1 1 1 0 1 1 1 0 0 1 1 0 0 0 0 0 1 1 0 1 1 0 0]"
5,0.47050836910234944,"[1 1 1 0 1 1 0 1 0 1 1 0 1 0 0 0 1 0 1 0 0 0 1 1 0 0 0 1 1 0 0 0 0 1 0 0 1 1 1 1]"
5,0.513207299634482,"[1 1 1 0 1 1 1 1 0 1 1 1 1 0 1 0 1 1 1 0 0 0 0 1 0 0 1 1 1 0 0 0 0 1 0 0 0 1 0 0]"
5,0.10018772362884479,"[1 1 0 0 1 0 1 1 0 1 1 0 0 0 1 0 1 1 0 1 1 0 1 1 1 1 1 1 1 0 1 0 1 0 0 1 0 0 1 1]"
5,0.6089840248046595,"[1 1 1 1 0 0 1 1 1 0 0 1 1 1 0 0 1 1 1 1 0 0 0 1 0 0 0 1 0 0 1 0 1 0 1 1 1 0 1 0]"
5,0.5814185693666238,"[1 1 1 1 0 0 1 0 0 1 1 1 1 1 0 0 1 0 1 1 1 0 1 0 0 1 1 1 1 0 0 0 0 1 1 0 1 1 0 1]"
5,0.7025794647522837,"[1 1 1 1 0 1 1 1 0 0 0 1 1 1 1 0 1 1 1 1 0 1 0 0 1 0 0 0 1 1 0 1 1 0 0 0 1 0 0 0]"
6,0.7151173232880818,"[1 1 1 1 0 1 1 1 1 0 0 0 1 1 1 0 1 1 1 1 0 1 0 0 0 1 0 1 1 0 0 1 1 0 1 0 1 0 0 0]"
6,0.6477331649309341,"[1 1 1 1 0 1 0 1 0 0 0 1 1 1 1 0 1 1 0 1 0 1 1 1 0 0 0 0 1 1 0 0 1 0 1 1 1 0 1 0]"
6,0.6593994355811931,"[1 1 1 1 0 1 0 1 1 0 0 0 1 1 1 0 1 1 1 1 0 1 0 0 0 1 0 1 0 0 0 1 1 1 1 0 1 0 0 0]"
6,0.32178995399205296,"[1 1 1 0 0 1 0 0 1 0 0 0 1 1 1 0 1 1 1 1 0 1 0 0 0 0 1 1 0 1 0 1 1 1 1 0 0 0 0 0]"
6,0.004469458248777517,"[1 0 0 1 0 1 0 1 0 0 0 0 0 1 1 0 1 1 1 1 0 1 0 0 1 0 0 1 1 0 0 1 1 0 1 0 1 0 0 0]"
6,0.7169252223641857,"[1 1 1 1 0 1 1 1 1 0 0 1 1 1 1 0 1 1 1 1 0 1 0 1 0 1 0 0 1 1 0 1 1 0 0 0 1 0 0 0]"
6,0.48069579857772554,"[1 1 1 0 1 1 0 1 1 1 1 0 1 0 1 0 1 1 1 1 0 1 1 1 0 0 1 1 0 0 0 0 0 1 0 1 1 1 0 0]"
6,0.17489212493422243,"[1 1 0 1 0 1 1 1 0 0 0 0 1 0 0 1 1 1 1 1 0 1 0 0 0 0 0 1 0 1 0 1 0 1 0 0 1 0 0 0]"
6,0.6594002230605698,"[1 1 1 1 0 1 0 1 1 0 0 0 1 1 1 0 1 1 1 1 0 1 1 0 0 0 1 1 1 1 0 1 1 1 1 0 1 0 0 0]"
6,0.6477069438364642,"[1 1 1 1 0 1 0 1 0 0 0 1 1 1 1 0 1 0 0 1 0 1 1 0 0 0 0 0 0 1 0 0 1 0 1 1 1 0 1 0]"
6,0.658718723564252,"[1 1 1 1 0 1 0 1 1 0 0 0 1 0 0 0 0 1 1 1 0 1 1 0 0 0 1 1 1 1 0 1 1 1 1 0 1 0 0 0]"
6,0.8499252955104825,"[1 1 1 1 1 0 1 1 1 1 0 1 1 1 1 0 1 1 1 1 0 1 0 1 0 0 0 1 0 1 0 0 1 0 1 0 0 0 1 0]"
6,0.7151180933581927,"[1 1 1 1 0 1 1 1 1 0 0 0 1 1 1 0 1 1 1 1 0 1 1 0 0 0 0 1 1 0 0 0 1 1 1 0 1 0 0 0]"
6,0.903558395605345,"[1 1 1 1 1 1 0 1 0 1 1 0 1 0 1 0 1 0 1 1 1 0 1 0 0 1 1 1 1 1 0 1 0 1 1 0 1 0 0 1]"
6,0.7008045600610465,"[1 1 1 1 0 1 1 1 0 0 0 0 1 1 1 0 1 1 1 1 0 1 0 0 1 0 0 0 0 1 0 1 1 0 0 0 1 1 1 0]"
6,0.7025521352183186,"[1 1 1 1 0 1 1 1 0 0 0 1 1 1 1 0 1 0 1 1 0 1 0 1 1 0 0 0 1 1 0 1 1 1 0 0 1 0 0 0]"
6,0.832944056075394,"[1 1 1 1 1 0 1 1 0 1 0 1 1 1 0 0 1 1 1 1 0 1 0 1 0 0 0 1 0 0 0 0 1 0 1 0 1 0 1 0]"
6,0.6593994479855873,"[1 1 1 1 0 1 0 1 1 0 0 0 1 1 1 0 1 1 1 1 0 1 0 0 0 1 0 1 1 0 0 1 1 0 1 0 1 0 0 0]"
6,0.15990117365842788,"[1 1 0 1 0 1 0 1 0 0 0 1 1 1 1 0 1 1 0 1 0 1 1 0 0 0 0 0 0 0 0 0 1 0 1 1 1 0 1 0]"
6,0.702579464858196,"[1 1 1 1 0 1 1 1 0 0 0 1 1 1 1 0 1 1 1 1 0 1 0 0 1 0 0 0 1 1 0 1 1 0 0 1 1 0 0 0]"
6,0.7061276403261093,"[1 1 1 1 0 1 1 1 0 0 1 1 1 1 1 0 1 1 0 1 0 1 0 1 0 0 0 0 0 0 0 0 1 1 1 0 1 0 0 0]"
6,0.15989385216945737,"[1 1 0 1 0 1 0 1 0 0 0 1 1 1 1 0 1 0 0 1 0 1 1 0 0 0 0 0 1 1 0 0 1 0 1 1 1 0 1 0]"
6,0.709021848320437,"[1 1 1 1 0 1 1 1 0 1 0 1 1 0 0 0 1 0 1 1 1 0 1 0 0 0 0 1 1 1 0 0 0 1 1 0 1 1 0 1]"
6,0.8370957290387228,"[1 1 1 1 1 0 1 1 0 1 1 1 1 1 0 0 1 1 1 1 0 1 0 1 1 0 0 1 0 0 0 1 1 0 1 0 1 0 1 0]"
6,0.7025240331128433,"[1 1 1 1 0 1 1 1 0 0 0 1 1 1 1 0 0 1 1 1 0 1 0 0 1 1 0 0 0 1 0 1 1 0 0 0 1 0 0 0]"
6,0.8328795744700989,"[1 1 1 1 1 0 1 1 0 1 0 1 1 1 0 0 0 1 1 1 0 1 0 1 1 0 0 0 1 0 0 0 1 0 1 0 1 0 1 0]"
6,0.6585344664030652,"[1 1 1 1 0 1 0 1 1 0 0 0 0 1 1 0 1 0 1 1 0 1 0 0 0 0 0 1 0 1 0 0 0 1 1 0 1 0 0 0]"
6,0.36531626457863403,"[1 1 1 0 0 1 1 1 0 1 1 1 1 0 0 1 1 1 1 1 1 0 1 0 0 1 1 1 1 0 0 1 0 1 1 0 1 1 0 1]"
6,0.6589798803928542,"[1 1 1 1 0 1 0 1 1 0 0 0 1 0 1 0 1 1 1 1 0 1 0 0 0 0 0 1 0 1 0 1 1 0 1 1 1 0 0 0]"
6,0.7025799519486383,"[1 1 1 1 0 1 1 1 0 0 0 1 1 1 1 0 1 1 1 1 0 1 0 1 1 0 1 0 1 1 0 1 0 0 0 0 1 0 0 0]"
6,0.7025239383281449,"[1 1 1 1 0 1 1 1 0 0 0 1 1 1 1 0 0 1 1 1 0 1 0 0 1 0 0 0 1 1 0 1 1 0 0 1 1 0 0 0]"
6,0.5116915630823708,"[1 1 1 0 1 1 1 1 0 1 1 0 1 0 0 0 1 0 1 1 1 1 1 1 1 0 1 1 1 0 0 1 0 1 0 0 1 1 0 1]"
6,0.6469197370657592,"[1 1 1 1 0 1 0 1 0 0 0 1 0 1 1 0 1 1 1 1 0 1 0 0 1 0 0 0 1 1 0 1 1 0 1 0 1 0 0 0]"
6,0.1790339057411205,"[1 1 0 1 0 1 1 1 1 0 0 0 1 0 1 0 1 1 1 1 0 1 0 0 0 0 0 1 0 1 0 1 1 1 0 0 0 0 0 0]"
6,0.6593994355811931,"[1 1 1 1 0 1 0 1 1 0 0 0 1 1 1 0 1 1 1 1 0 1 0 0 0 1 0 1 0 0 0 1 1 1 1 0 1 0 0 0]"
6,0.6233431315571185,"[1 1 1 1 0 1 0 0 0 0 1 0 1 1 1 0 0 1 1 1 0 1 0 0 0 0 0 0 1 1 0 1 1 0 1 0 1 0 0 0]"
6,0.7025388961446166,"[1 1 1 1 0 1 1 1 0 0 0 1 1 1 1 0 1 0 0 1 0 1 1 1 0 0 0 0 1 0 0 0 1 1 1 0 1 0 1 0]"
6,0.6593993395471807,"[1 1 1 1 0 1 0 1 1 0 0 0 1 1 1 0 1 1 1 1 0 1 0 0 0 0 0 1 0 1 0 1 1 1 1 0 1 0 0 0]"
6,0.6970211423006869,"[1 1 1 1 0 1 1 0 1 1 1 0 1 1 0 0 1 0 1 1 1 0 1 0 0 0 0 1 1 0 0 0 0 1 1 0 1 1 0 1]"
6,0.7025380285572987,"[1 1 1 1 0 1 1 1 0 0 0 1 1 1 1 0 1 0 0 1 0 1 0 1 0 0 0 0 1 0 0 0 1 1 1 0 1 0 1 0]"
6,0.09526072737387319,"[1 1 0 0 1 0 1 0 0 1 0 1 1 1 0 0 1 1 1 1 0 1 0 1 0 0 0 1 0 0 0 0 1 0 1 0 1 0 1 0]"
6,0.5814185693666238,"[1 1 1 1 0 0 1 0 0 1 1 1 1 1 0 0 1 0 1 1 1 0 1 0 0 1 1 1 1 0 0 0 0 1 1 0 1 1 0 1]"
6,0.768993402033787,"[1 1 1 1 1 0 0 1 0 1 0 1 1 1 0 0 1 1 1 1 0 1 0 1 1 0 0 1 0 0 0 0 1 0 1 0 1 0 0 0]"
6,0.6746609494682106,"[1 1 1 1 0 1 1 0 0 0 0 1 1 1 1 0 1 1 1 1 0 1 0 0 0 1 0 1 1 0 0 0 1 0 1 0 1 0 1 0]"
6,0.7151156020398823,"[1 1 1 1 0 1 1 1 1 0 0 0 1 1 1 0 1 1 1 1 0 0 0 0 0 1 1 1 0 0 0 1 1 1 1 1 1 0 0 0]"
6,0.716699159452906,"[1 1 1 1 0 1 1 1 1 0 0 1 1 1 0 0 1 1 1 1 0 1 0 1 1 0 0 0 0 1 0 1 1 0 0 0 1 0 0 0]"
6,0.716925319219397,"[1 1 1 1 0 1 1 1 1 0 0 1 1 1 1 0 1 1 1 1 0 1 0 1 1 0 0 0 0 1 0 1 1 0 1 0 1 0 0 0]"
6,0.7025807662027027,"[1 1 1 1 0 1 1 1 0 0 0 1 1 1 1 0 1 1 1 1 0 1 1 1 1 0 0 0 1 1 0 1 1 0 0 0 1 0 0 0]"
6,0.1598899902769876,"[1 1 0 1 0 1 0 1 0 0 0 1 1 1 1 0 0 1 1 1 0 1 0 0 0 1 0 1 0 0 0 0 1 0 1 0 1 0 0 0]"
6,0.6830352293311582,"[1 1 1 1 0 1 1 0 0 1 1 0 1 1 0 0 1 0 1 1 1 0 1 0 1 0 0 1 1 0 0 0 1 1 1 0 1 1 0 1]"
7,0.7151172152593358,"[1 1 1 1 0 1 1 1 1 0 0 0 1 1 1 0 1 1 1 1 0 1 0 0 0 0 0 1 1 0 1 0 1 1 1 0 1 0 1 0]"
7,0.702579464858196,"[1 1 1 1 0 1 1 1 0 0 0 1 1 1 1 0 1 1 1 1 0 1 0 0 1 0 0 0 1 1 0 1 1 0 0 1 1 0 0 0]"
7,0.716925319219397,"[1 1 1 1 0 1 1 1 1 0 0 1 1 1 1 0 1 1 1 1 0 1 0 1 1 0 0 0 0 1 0 1 1 0 1 0 1 0 0 0]"
7,0.903558395605345,"[1 1 1 1 1 1 0 1 0 1 1 0 1 0 1 0 1 0 1 1 1 0 1 0 0 1 1 1 1 1 0 1 0 1 1 0 1 0 0 1]"
7,0.716699214659803,"[1 1 1 1 0 1 1 1 1 0 0 1 1 1 0 0 1 1 1 1 0 1 0 1 1 0 1 0 0 1 0 1 1 0 0 0 1 0 0 0]"
7,0.8328795744778137,"[1 1 1 1 1 0 1 1 0 1 0 1 1 1 0 0 0 1 1 1 0 1 0 1 1 0 0 0 1 0 0 0 1 0 1 0 1 0 1 1]"
7,0.7025799527959365,"[1 1 1 1 0 1 1 1 0 0 0 1 1 1 1 0 1 1 1 1 0 1 0 1 1 0 1 0 1 1 0 1 1 0 0 0 1 0 0 0]"
7,0.32135025234037484,"[1 1 1 0 0 1 0 0 1 0 0 0 0 1 1 0 1 1 1 1 0 1 0 0 0 0 1 1 0 1 0 1 1 1 1 0 0 0 0 0]"
7,0.7025239383281449,"[1 1 1 1 0 1 1 1 0 0 0 1 1 1 1 0 0 1 1 1 0 1 0 0 1 0 0 0 1 1 0 1 1 0 0 1 1 0 0 0]"
7,0.7166991594596451,"[1 1 1 1 0 1 1 1 1 0 0 1 1 1 0 0 1 1 1 1 0 1 0 1 1 0 0 0 0 1 0 1 1 0 0 0 1 0 0 1]"
7,0.7689934020481471,"[1 1 1 1 1 0 0 1 0 1 0 1 1 1 0 0 1 1 1 1 0 1 0 1 1 0 0 1 0 0 0 0 1 0 1 0 1 0 1 0]"
7,0.7061278582200028,"[1 1 1 1 0 1 1 1 0 0 1 1 1 1 1 0 1 1 0 1 0 1 0 1 1 0 0 0 0 0 0 0 1 1 1 0 1 0 0 0]"
7,0.7167026926615965,"[1 1 1 1 0 1 1 1 1 0 0 1 1 1 0 0 1 1 1 1 1 1 0 1 1 0 0 0 0 1 0 1 1 0 0 0 0 0 1 0]"
7,0.8370957925106527,"[1 1 1 1 1 0 1 1 0 1 1 1 1 1 0 0 1 1 1 1 0 1 0 1 1 0 1 1 0 0 0 1 1 0 1 0 1 0 0 0]"
7,0.702538028563918,"[1 1 1 1 0 1 1 1 0 0 0 1 1 1 1 0 1 0 0 1 0 1 0 1 0 0 0 0 1 0 0 0 1 1 1 0 1 0 1 1]"
7,0.7024825049745967,"[1 1 1 1 0 1 1 1 0 0 0 1 1 1 1 0 0 0 0 1 0 1 0 1 0 0 0 0 1 0 0 0 1 1 1 0 1 0 1 0]"
7,0.7025799519486383,"[1 1 1 1 0 1 1 1 0 0 0 1 1 1 1 0 1 1 1 1 0 1 0 1 1 0 1 0 1 1 0 1 0 0 0 0 1 0 0 0]"
7,0.7151156020398823,"[1 1 1 1 0 1 1 1 1 0 0 0 1 1 1 0 1 1 1 1 0 0 0 0 0 1 1 1 0 0 0 1 1 1 1 1 1 0 0 0]"
7,0.7025805492941488,"[1 1 1 1 0 1 1 1 0 0 0 1 1 1 1 0 1 1 1 1 0 1 1 1 0 0 0 0 1 1 0 1 1 0 0 0 1 0 0 0]"
7,0.9661884311868411,"[1 1 1 1 1 1 1 1 0 0 0 1 1 1 1 0 1 1 1 1 0 1 1 1 1 0 0 0 1 1 0 0 1 0 0 0 1 0 0 0]"
7,0.7025805492941488,"[1 1 1 1 0 1 1 1 0 0 0 1 1 1 1 0 1 1 1 1 0 1 1 1 0 0 0 0 1 1 0 1 1 0 0 0 1 0 0 0]"
7,0.709021848320437,"[1 1 1 1 0 1 1 1 0 1 0 1 1 0 0 0 1 0 1 1 1 0 1 0 0 0 0 1 1 1 0 0 0 1 1 0 1 1 0 1]"
7,0.7169252223641857,"[1 1 1 1 0 1 1 1 1 0 0 1 1 1 1 0 1 1 1 1 0 1 0 1 0 1 0 0 1 1 0 1 1 0 0 0 1 0 0 0]"
7,0.8370936974432583,"[1 1 1 1 1 0 1 1 0 1 1 1 1 1 0 0 1 1 1 1 0 0 0 1 1 0 0 1 0 0 0 1 1 0 1 0 1 0 1 0]"
7,0.6469197370657592,"[1 1 1 1 0 1 0 1 0 0 0 1 0 1 1 0 1 1 1 1 0 1 0 0 1 0 0 0 1 1 0 1 1 0 1 0 1 0 0 0]"
7,0.8318446938271061,"[1 1 1 1 1 0 1 1 0 1 0 1 0 1 0 0 0 1 1 1 0 1 0 1 1 0 0 0 1 0 0 1 1 0 1 0 1 0 1 0]"
7,0.7025799519486383,"[1 1 1 1 0 1 1 1 0 0 0 1 1 1 1 0 1 1 1 1 0 1 0 1 1 0 1 0 1 1 0 1 0 0 0 0 1 0 0 0]"
7,0.7059045487338004,"[1 1 1 1 0 1 1 1 0 0 1 1 1 1 0 0 1 1 0 1 0 1 0 1 0 0 0 0 0 0 0 0 1 1 1 0 1 0 0 0]"
7,0.9756784050161735,"[1 1 1 1 1 1 1 1 0 1 0 1 1 1 1 0 1 1 0 1 0 1 0 1 1 0 0 0 1 0 0 0 1 0 1 1 1 0 1 1]"
7,0.5965301760720366,"[1 1 1 1 0 0 1 1 0 0 0 1 1 1 0 0 0 0 1 1 0 1 1 1 0 0 0 0 1 0 0 1 1 1 1 0 1 0 1 0]"
7,0.035920633779105836,"[1 0 1 1 0 1 1 1 1 0 0 0 1 1 1 0 1 1 1 1 0 1 1 0 0 0 0 1 1 0 0 0 1 1 1 0 1 0 0 1]"
7,0.837095237011289,"[1 1 1 1 1 0 1 1 0 1 1 1 1 1 0 0 1 1 1 1 0 1 0 0 1 0 0 1 1 0 0 1 1 0 1 0 1 0 1 0]"
7,0.7169238062085993,"[1 1 1 1 0 1 1 1 1 0 0 1 1 1 1 0 1 1 1 1 0 0 1 0 0 0 0 1 1 0 0 0 1 1 1 0 1 0 0 0]"
7,6.316548543333206e-07,"[0 0 1 1 1 1 0 1 0 1 1 0 1 0 1 0 1 0 1 1 1 0 1 0 0 1 1 1 1 1 0 1 0 1 1 0 1 0 0 1]"
7,0.7025799519486383,"[1 1 1 1 0 1 1 1 0 0 0 1 1 1 1 0 1 1 1 1 0 1 0 1 1 0 1 0 1 1 0 1 0 0 0 0 1 0 0 0]"
7,0.6594002230730742,"[1 1 1 1 0 1 0 1 1 0 0 0 1 1 1 0 1 1 1 1 0 1 1 0 0 0 1 1 1 1 0 1 1 1 1 0 1 0 1 0]"
7,0.7025521352183186,"[1 1 1 1 0 1 1 1 0 0 0 1 1 1 1 0 1 0 1 1 0 1 0 1 1 0 0 0 1 1 0 1 1 1 0 0 1 0 0 0]"
7,0.7025380283454856,"[1 1 1 1 0 1 1 1 0 0 0 1 1 1 1 0 1 0 0 1 0 1 0 1 0 0 0 0 1 0 0 0 1 1 0 0 1 0 1 0]"
7,0.709021848320437,"[1 1 1 1 0 1 1 1 0 1 0 1 1 0 0 0 1 0 1 1 1 0 1 0 0 0 0 1 1 1 0 0 0 1 1 0 1 1 0 1]"
7,0.716925222795612,"[1 1 1 1 0 1 1 1 1 0 0 1 1 1 1 0 1 1 1 1 0 1 0 1 0 1 0 0 1 1 0 1 1 1 0 0 1 0 0 0]"
7,0.7556072205010597,"[1 1 1 1 1 0 0 0 1 1 1 0 1 1 0 0 1 1 1 1 0 1 0 0 1 0 0 1 1 0 0 0 1 0 1 0 1 0 1 0]"
7,0.7094702715135922,"[1 1 1 1 0 1 1 1 0 1 0 1 1 1 0 0 1 0 1 1 1 0 1 1 0 0 0 0 1 0 0 0 0 1 1 0 1 0 0 1]"
7,0.17498353878129544,"[1 1 0 1 0 1 1 1 0 0 0 0 1 1 0 0 1 1 0 1 0 1 0 0 1 0 0 0 0 1 0 1 1 0 0 0 1 1 1 0]"
7,0.7020798529044084,"[1 1 1 1 0 1 1 1 0 0 0 1 1 0 1 0 0 1 1 1 0 1 0 0 1 0 0 0 0 1 0 0 1 0 0 0 1 0 0 0]"
7,0.7151180933581927,"[1 1 1 1 0 1 1 1 1 0 0 0 1 1 1 0 1 1 1 1 0 1 1 0 0 0 0 1 1 0 0 0 1 1 1 0 1 0 0 0]"
7,0.7090218414594446,"[1 1 1 1 0 1 1 1 0 1 0 1 1 0 0 0 1 0 1 1 1 0 1 0 0 0 0 1 1 0 0 0 0 1 1 0 1 0 0 1]"
7,0.9086168318359604,"[1 1 1 1 1 1 0 1 1 0 0 0 1 1 1 0 1 1 1 1 0 1 0 0 1 1 0 1 1 0 0 1 1 0 1 0 1 0 0 0]"
7,0.7025797384295029,"[1 1 1 1 0 1 1 1 0 0 0 1 1 1 1 0 1 1 1 1 0 1 0 1 0 0 1 0 1 1 1 1 0 0 0 0 1 0 0 0]"
7,0.9032798794319554,"[1 1 1 1 1 1 0 1 0 1 1 0 1 0 0 0 1 0 1 1 1 0 1 0 0 1 1 1 1 1 0 1 0 1 1 0 1 0 0 1]"
7,0.8311336449767902,"[1 1 1 1 1 0 1 1 0 1 0 0 1 1 1 0 1 1 1 1 0 1 0 1 0 0 0 1 0 0 0 0 1 0 1 0 1 0 1 0]"
8,0.7151172012698094,"[1 1 1 1 0 1 1 1 1 0 0 0 1 1 1 0 1 1 1 1 0 1 0 0 0 0 0 1 0 0 1 0 1 1 0 0 1 0 1 0]"
8,0.7043450293919787,"[1 1 1 1 0 1 1 1 0 0 1 0 1 1 1 0 1 1 0 1 0 1 0 1 1 1 0 0 1 1 0 0 1 1 1 0 1 0 0 0]"
8,0.8328795744778137,"[1 1 1 1 1 0 1 1 0 1 0 1 1 1 0 0 0 1 1 1 0 1 0 1 1 0 0 0 1 0 0 0 1 0 1 0 1 0 1 1]"
8,0.8318366133647032,"[1 1 1 1 1 0 1 1 0 1 0 1 0 1 0 0 0 1 1 0 0 1 0 1 1 0 0 0 1 0 0 1 1 0 1 0 1 0 1 0]"
8,0.9032623387970646,"[1 1 1 1 1 1 0 1 0 1 1 0 1 0 0 0 1 0 0 1 1 0 1 0 0 0 1 1 1 1 0 1 0 1 1 0 1 1 0 1]"
8,0.7090219576424847,"[1 1 1 1 0 1 1 1 0 1 0 1 1 0 0 0 1 0 1 1 1 0 1 0 0 1 0 1 1 1 0 0 0 1 1 0 1 0 0 1]"
8,0.8319739888604846,"[1 1 1 1 1 0 1 1 0 1 0 1 0 1 0 1 0 1 1 1 0 1 0 1 1 0 0 0 1 0 0 0 1 0 1 0 1 0 1 0]"
8,0.784552423838106,"[1 1 1 1 1 0 0 1 1 1 0 1 1 1 0 0 1 1 1 1 0 1 0 1 1 0 0 1 0 0 0 0 1 0 1 0 1 0 1 0]"
8,0.715108549655759,"[1 1 1 1 0 1 1 1 1 0 0 0 1 1 1 0 1 1 1 0 0 0 0 0 0 1 1 1 0 0 0 1 1 1 1 1 1 0 1 0]"
8,0.9086168361077794,"[1 1 1 1 1 1 0 1 1 0 0 0 1 1 1 0 1 1 1 1 0 1 0 0 1 1 0 1 1 0 1 1 1 0 1 0 1 0 0 0]"
8,0.716642633055801,"[1 1 1 1 0 1 1 1 1 0 0 1 1 1 0 0 0 1 1 1 0 1 0 1 1 0 0 0 0 1 1 1 1 0 0 0 1 0 0 1]"
8,0.9019031463097628,"[1 1 1 1 1 1 0 1 0 1 0 1 1 1 1 0 1 1 0 1 0 1 0 1 1 0 0 0 1 0 0 0 1 0 1 1 1 0 1 1]"
8,0.700581071569763,"[1 1 1 1 0 1 1 1 0 0 0 0 1 1 0 0 1 1 1 1 0 0 0 0 0 0 0 1 1 0 1 0 1 1 1 0 1 0 1 0]"
8,0.7169252223641857,"[1 1 1 1 0 1 1 1 1 0 0 1 1 1 1 0 1 1 1 1 0 1 0 1 0 1 0 0 1 1 0 1 1 0 0 0 1 0 0 0]"
8,0.8318446938348123,"[1 1 1 1 1 0 1 1 0 1 0 1 0 1 0 0 0 1 1 1 0 1 0 1 1 0 0 0 1 0 0 1 1 0 1 0 1 0 1 1]"
8,0.8318285329729438,"[1 1 1 1 1 0 1 1 0 1 0 1 0 1 0 0 0 1 0 1 0 1 0 1 1 0 0 0 1 0 0 1 1 0 1 0 1 0 1 0]"
8,0.8352772610960539,"[1 1 1 1 1 0 1 1 0 1 1 0 1 1 1 0 1 1 1 1 0 1 0 1 1 0 1 1 0 0 0 1 1 0 1 0 1 0 0 0]"
8,0.7090235979021628,"[1 1 1 1 0 1 1 1 0 1 0 1 1 0 0 0 1 0 1 1 1 1 1 0 0 0 0 1 1 1 0 0 0 1 1 0 1 1 0 1]"
8,0.0004962176786744454,"[0 1 1 1 0 1 1 1 1 0 0 1 1 1 1 0 1 1 1 1 0 1 0 1 1 0 0 0 0 1 0 1 1 0 1 0 1 0 0 0]"
8,0.7090218483137629,"[1 1 1 1 0 1 1 1 0 1 0 1 1 0 0 0 1 0 1 1 1 0 1 0 0 0 0 1 1 1 0 0 0 1 1 0 1 1 0 0]"
8,0.7025244264429883,"[1 1 1 1 0 1 1 1 0 0 0 1 1 1 1 0 0 1 1 1 0 1 0 1 1 0 1 0 1 1 0 1 1 0 1 0 1 0 0 0]"
8,0.8329440402744014,"[1 1 1 1 1 0 1 1 0 1 0 1 1 1 0 0 1 1 1 1 0 1 0 1 0 0 0 0 1 0 0 0 1 0 1 0 1 0 1 0]"
8,0.7091338220952825,"[1 1 1 1 0 1 1 1 0 1 0 1 1 0 0 1 1 0 1 1 1 0 1 0 0 0 0 1 1 0 0 0 0 0 1 0 1 0 0 1]"
8,0.1006907842799737,"[1 1 0 0 1 0 1 1 0 1 1 1 1 1 0 0 1 1 1 1 0 0 0 1 1 0 1 1 0 0 0 1 1 0 1 0 1 0 0 0]"
8,0.9649856491958166,"[1 1 1 1 1 1 1 1 0 0 0 1 0 1 1 0 1 1 0 1 0 1 0 1 0 0 0 0 0 0 0 0 1 1 0 0 1 0 1 0]"
8,0.9032798794319554,"[1 1 1 1 1 1 0 1 0 1 1 0 1 0 0 0 1 0 1 1 1 0 1 0 0 1 1 1 1 1 0 1 0 1 1 0 1 0 0 1]"
8,0.14167266417291943,"[1 1 0 1 0 0 1 0 1 0 0 0 1 1 1 0 0 1 1 1 0 1 0 0 0 0 1 1 0 0 0 1 1 1 1 1 1 0 0 0]"
8,0.9207248331044574,"[1 1 1 1 1 1 0 1 1 1 1 0 0 1 0 0 1 1 1 1 0 0 0 0 1 1 0 1 1 0 0 0 1 0 1 0 1 1 1 0]"
8,0.03592057417580575,"[1 0 1 1 0 1 1 1 1 0 0 0 1 1 1 0 1 1 1 1 0 1 0 0 0 0 0 1 1 0 0 1 1 1 1 0 1 0 0 1]"
8,0.8496624838110576,"[1 1 1 1 1 0 1 1 1 1 0 1 1 1 0 0 1 1 1 1 0 1 1 0 1 0 0 1 1 0 0 0 1 0 1 0 1 0 1 0]"
8,0.7094142550772303,"[1 1 1 1 0 1 1 1 0 1 0 1 1 1 0 0 0 0 1 1 1 0 1 1 0 0 0 0 1 0 0 0 0 1 1 0 1 0 0 0]"
8,0.7166673608757841,"[1 1 1 1 0 1 1 1 1 0 0 1 1 1 0 0 1 0 1 0 1 1 0 1 1 0 0 0 0 1 0 1 1 0 0 0 0 0 1 0]"
8,0.716897846247022,"[1 1 1 1 0 1 1 1 1 0 0 1 1 1 1 0 1 0 1 1 0 1 1 1 0 1 0 1 0 1 0 1 1 0 0 0 1 0 0 0]"
8,0.702649087360057,"[1 1 1 1 0 1 1 1 0 0 0 1 1 1 1 1 1 0 0 1 0 1 0 1 0 0 0 0 1 0 0 0 1 1 0 0 1 0 1 0]"
8,0.9756970603581958,"[1 1 1 1 1 1 1 1 0 1 0 1 1 1 1 0 1 1 1 1 0 1 0 1 1 0 0 0 1 0 0 0 1 0 0 1 1 0 1 1]"
8,0.7025380283454856,"[1 1 1 1 0 1 1 1 0 0 0 1 1 1 1 0 1 0 0 1 0 1 0 1 0 0 0 0 1 0 0 0 1 1 0 0 1 0 1 0]"
8,0.903549690805151,"[1 1 1 1 1 1 0 1 0 1 1 0 1 0 1 0 1 0 1 0 1 0 1 0 0 1 1 1 1 1 0 1 0 1 1 0 1 0 0 1]"
8,6.316548543333206e-07,"[0 0 1 1 1 1 0 1 0 1 1 0 1 0 1 0 1 0 1 1 1 0 1 0 0 1 1 1 1 1 0 1 0 1 1 0 1 0 0 1]"
8,0.9567608394728837,"[1 1 1 1 1 1 1 0 1 1 0 1 1 1 1 0 1 1 1 1 0 1 0 1 0 1 0 0 1 1 0 0 0 1 1 0 1 0 1 0]"
8,0.7613185236488295,"[1 1 1 1 1 0 0 1 0 0 0 1 1 1 0 0 1 1 1 1 0 1 0 1 1 0 0 1 0 1 0 0 1 0 0 0 0 0 0 0]"
8,0.6026884635311568,"[1 1 1 1 0 0 1 1 0 1 0 1 1 1 0 0 0 0 1 0 1 0 1 1 0 0 0 0 1 0 0 0 0 1 1 0 1 0 0 1]"
8,0.9753251745433703,"[1 1 1 1 1 1 1 1 0 1 0 1 1 1 0 0 0 1 1 1 0 1 1 1 1 0 0 0 1 0 0 0 1 0 1 0 1 0 1 1]"
8,0.8206005081982547,"[1 1 1 1 1 0 1 0 1 1 1 1 1 1 0 0 1 1 1 1 0 1 0 0 1 0 0 1 1 0 0 0 1 0 1 0 1 0 1 0]"
8,0.7710413569572511,"[1 1 1 1 1 0 0 1 0 1 1 0 1 1 0 1 1 1 1 1 0 0 0 0 1 0 0 1 0 0 0 1 1 0 1 0 1 0 1 0]"
8,0.9709131205956761,"[1 1 1 1 1 1 1 1 0 0 1 1 1 1 1 0 1 1 0 1 0 1 0 1 1 0 0 0 1 1 0 0 1 0 1 1 1 0 1 1]"
8,0.1774109125890072,"[1 1 0 1 0 1 1 1 0 1 0 1 1 0 0 0 1 0 1 1 1 0 1 0 0 0 0 1 1 0 0 0 0 1 1 0 1 0 0 1]"
8,0.7167026927020314,"[1 1 1 1 0 1 1 1 1 0 0 1 1 1 0 0 1 1 1 1 1 1 0 1 1 0 0 0 0 1 0 1 1 0 0 0 1 0 0 0]"
8,0.7061278582200028,"[1 1 1 1 0 1 1 1 0 0 1 1 1 1 1 0 1 1 0 1 0 1 0 1 1 0 0 0 0 0 0 0 1 1 1 0 1 0 0 0]"
8,0.7166992836751688,"[1 1 1 1 0 1 1 1 1 0 0 1 1 1 0 0 1 1 1 1 0 1 0 1 1 1 0 0 1 1 0 1 1 0 0 0 1 0 0 1]"
8,0.0007959589853497837,"[0 1 1 1 1 1 0 1 0 1 1 0 1 0 0 0 1 0 1 1 1 0 1 0 0 1 1 1 0 1 0 1 0 1 1 0 1 0 0 1]"
9,0.0007959277852774957,"[0 1 1 1 1 1 0 1 0 1 1 0 1 0 0 0 1 0 0 1 1 0 1 0 0 0 1 1 1 1 0 1 1 1 1 0 1 1 0 1]"
9,0.9567519611069565,"[1 1 1 1 1 1 1 0 1 1 0 1 1 1 1 0 1 1 1 0 0 1 0 1 1 1 0 0 1 1 0 0 0 1 1 0 1 0 1 0]"
9,0.8352772610960539,"[1 1 1 1 1 0 1 1 0 1 1 0 1 1 1 0 1 1 1 1 0 1 0 1 1 0 1 1 0 0 0 1 1 0 1 0 1 0 0 0]"
9,0.8495960503860087,"[1 1 1 1 1 0 1 1 1 1 0 1 1 1 0 0 0 1 1 1 0 1 0 1 1 0 0 0 1 0 0 0 1 0 1 0 1 0 1 1]"
9,0.7193603757824001,"[1 1 1 1 0 1 1 1 1 0 1 1 0 1 0 0 0 1 1 1 0 1 0 1 0 0 0 0 0 1 1 1 1 0 0 0 1 0 0 1]"
9,0.0007958039847922998,"[0 1 1 1 1 1 0 1 0 1 1 0 1 0 0 0 0 0 0 1 1 0 1 0 0 1 1 0 0 1 0 1 0 1 1 0 1 0 0 1]"
9,0.9646901481781484,"[1 1 1 1 1 1 1 1 0 0 0 1 0 1 0 0 1 1 0 1 0 1 0 1 0 0 0 0 0 0 0 0 1 1 0 0 1 0 1 0]"
9,0.6092786476755309,"[1 1 1 1 0 0 1 1 1 0 0 1 1 1 1 1 1 1 1 1 0 1 0 1 0 1 0 0 1 1 0 1 1 0 0 0 1 0 0 1]"
9,0.9756970603581958,"[1 1 1 1 1 1 1 1 0 1 0 1 1 1 1 0 1 1 1 1 0 1 0 1 1 0 0 0 1 0 0 0 1 0 0 1 1 0 1 1]"
9,0.903549690805151,"[1 1 1 1 1 1 0 1 0 1 1 0 1 0 1 0 1 0 1 0 1 0 1 0 0 1 1 1 1 1 0 1 0 1 1 0 1 0 0 1]"
9,0.9212436505264598,"[1 1 1 1 1 1 0 1 1 1 1 0 1 0 0 0 1 0 0 1 1 0 1 0 0 0 1 1 0 1 0 1 0 1 1 0 1 1 0 1]"
9,0.8235991955685027,"[1 1 1 1 1 0 1 1 0 0 0 1 0 1 0 0 0 1 1 0 0 1 0 1 1 0 0 0 1 0 0 1 1 0 1 0 1 0 0 1]"
9,0.9945554080515503,"[1 1 1 1 1 1 1 1 1 1 0 1 1 1 0 0 0 0 1 1 1 0 1 1 0 0 0 0 1 0 0 0 0 1 1 0 1 0 0 0]"
9,0.7089927283370626,"[1 1 1 1 0 1 1 1 0 1 0 1 1 0 0 0 0 1 1 1 0 1 1 1 1 0 0 0 1 0 0 0 1 0 1 0 1 0 1 1]"
9,0.904006837925327,"[1 1 1 1 1 1 0 1 0 1 1 0 1 1 0 1 1 1 1 1 0 0 1 0 1 0 0 1 0 0 0 1 1 0 1 0 1 0 1 0]"
9,0.6026945097689517,"[1 1 1 1 0 0 1 1 0 1 0 1 1 1 0 0 0 0 1 1 1 0 1 1 0 0 0 0 1 0 0 0 0 1 1 0 1 0 0 0]"
9,0.7034550705887289,"[1 1 1 1 0 1 1 1 0 0 1 0 0 1 1 0 1 1 0 1 0 1 0 1 1 1 0 0 1 1 0 0 1 1 1 0 1 0 0 0]"
9,0.6556289274242986,"[1 1 1 1 0 1 0 1 0 1 1 0 1 0 1 0 1 1 1 0 1 0 1 0 0 1 1 1 1 0 0 1 0 1 1 0 1 0 0 1]"
9,0.9198602148512015,"[1 1 1 1 1 1 0 1 1 1 0 1 1 1 1 0 1 1 0 1 0 1 0 1 1 0 1 0 1 0 0 0 1 0 1 1 1 0 1 1]"
9,0.903549690805151,"[1 1 1 1 1 1 0 1 0 1 1 0 1 0 1 0 1 0 1 0 1 0 1 0 0 1 1 1 1 1 0 1 0 1 1 0 1 0 0 1]"
9,0.7166461557102581,"[1 1 1 1 0 1 1 1 1 0 0 1 1 1 0 0 0 1 1 1 1 1 0 1 1 0 0 0 0 0 0 1 1 0 0 0 1 0 1 0]"
9,0.8320386520234595,"[1 1 1 1 1 0 1 1 0 1 0 1 0 1 0 1 1 1 1 1 0 1 0 1 1 0 0 0 1 1 0 0 1 0 1 0 1 0 0 0]"
9,0.8297622751465321,"[1 1 1 1 1 0 1 1 0 1 0 0 0 1 0 0 0 1 0 1 0 1 0 1 1 0 0 0 1 0 0 1 1 0 1 1 1 0 1 0]"
9,0.8318366133647032,"[1 1 1 1 1 0 1 1 0 1 0 1 0 1 0 0 0 1 1 0 0 1 0 1 1 0 0 0 1 0 0 1 1 0 1 0 1 0 1 0]"
9,0.9131061130361324,"[1 1 1 1 1 1 0 1 1 0 1 0 1 1 1 0 1 1 1 1 0 1 0 0 1 1 0 1 1 0 1 1 1 0 1 0 1 0 0 0]"
9,0.8328419077928784,"[1 1 1 1 1 0 1 1 0 1 0 1 1 1 0 0 0 0 1 0 1 0 1 1 0 0 0 0 1 0 0 0 0 1 1 0 1 0 0 1]"
9,0.7701989332709928,"[1 1 1 1 1 0 0 1 0 1 1 0 0 1 1 0 1 1 1 1 0 1 0 1 1 0 1 1 0 0 0 1 1 0 1 0 1 0 0 0]"
9,0.9032798794319554,"[1 1 1 1 1 1 0 1 0 1 1 0 1 0 0 0 1 0 1 1 1 0 1 0 0 1 1 1 1 1 0 1 0 1 1 0 1 0 0 1]"
9,0.9207287059951972,"[1 1 1 1 1 1 0 1 1 1 1 0 0 1 0 0 1 1 1 1 0 1 1 1 1 1 0 1 1 0 0 0 0 1 1 0 1 1 1 0]"
9,0.8200897948489051,"[1 1 1 1 1 0 1 0 1 1 1 1 1 0 0 0 1 1 1 1 0 1 0 0 1 0 0 1 1 0 0 0 1 0 0 0 1 0 1 0]"
9,0.19590948256312016,"[1 1 0 1 1 0 0 1 0 1 1 1 1 1 1 0 0 0 1 1 1 1 0 0 1 0 1 1 0 1 0 1 0 0 1 1 1 0 0 0]"
9,0.7072571836598744,"[1 1 1 1 0 1 1 1 0 1 0 0 1 0 0 0 1 1 1 1 0 0 1 1 0 0 0 1 1 0 0 0 1 1 1 0 1 0 0 1]"
9,0.7613185382215248,"[1 1 1 1 1 0 0 1 0 0 0 1 1 1 0 0 1 1 1 1 0 1 0 1 1 0 0 1 1 1 0 0 1 0 0 0 0 0 0 0]"
9,0.9032623387970646,"[1 1 1 1 1 1 0 1 0 1 1 0 1 0 0 0 1 0 0 1 1 0 1 0 0 0 1 1 1 1 0 1 0 1 1 0 1 1 0 1]"
9,0.6554267744528472,"[1 1 1 1 0 1 0 1 0 1 1 0 1 0 0 0 1 1 1 1 1 0 1 0 0 1 1 1 1 1 0 1 0 1 1 0 1 0 0 1]"
9,0.8328795745086729,"[1 1 1 1 1 0 1 1 0 1 0 1 1 1 0 0 0 1 1 1 0 1 0 1 1 0 0 0 1 0 0 0 1 0 1 0 1 1 1 1]"
9,0.3675874179231385,"[1 1 1 0 0 1 1 1 1 0 0 1 1 1 1 0 1 0 1 1 0 1 1 1 0 1 0 1 0 1 0 1 1 0 0 0 1 0 0 0]"
9,0.902752627493745,"[1 1 1 1 1 1 0 1 0 1 1 0 0 1 0 0 1 1 1 1 0 0 0 0 1 1 0 1 1 0 0 0 1 0 1 0 1 1 1 0]"
9,0.6152584318425552,"[1 1 1 1 0 0 1 1 1 1 0 1 1 1 0 0 1 1 1 0 0 1 1 0 1 0 0 1 1 0 0 0 1 0 1 0 1 0 1 0]"
9,0.21313108528167501,"[1 1 0 1 1 0 1 1 0 1 0 1 0 1 0 1 0 1 0 1 0 1 0 1 1 0 0 0 1 0 0 0 1 0 1 0 1 0 1 1]"
9,0.7767378511430644,"[1 1 1 1 1 0 0 1 1 0 0 1 1 1 0 0 1 1 1 1 0 1 0 1 1 0 0 1 0 0 0 0 1 0 1 0 1 0 1 0]"
9,0.7704272909671194,"[1 1 1 1 1 0 0 1 0 1 1 0 1 0 0 0 1 1 0 1 1 0 1 0 0 0 1 1 1 1 0 1 0 1 1 0 1 1 0 1]"
9,0.9207295387199573,"[1 1 1 1 1 1 0 1 1 1 1 0 0 1 0 0 1 1 1 1 1 0 0 1 0 1 0 1 1 0 0 1 1 0 1 0 1 1 1 0]"
9,0.9032626086184891,"[1 1 1 1 1 1 0 1 0 1 1 0 1 0 0 0 1 0 0 1 1 0 1 0 1 0 1 1 1 1 0 0 0 1 1 0 1 1 0 1]"
9,0.9649856672342534,"[1 1 1 1 1 1 1 1 0 0 0 1 0 1 1 0 1 1 0 1 0 1 0 1 0 0 0 0 1 0 0 0 1 1 0 0 1 0 1 0]"
9,0.9946666621738048,"[1 1 1 1 1 1 1 1 1 1 0 1 1 1 0 0 1 1 1 1 0 1 1 0 1 0 0 1 1 0 0 0 1 0 1 0 0 0 1 0]"
9,0.43088192266189984,"[1 1 1 0 1 0 1 1 0 1 0 1 0 1 0 0 0 1 0 0 0 1 0 1 1 0 0 0 1 0 0 1 1 0 1 0 1 0 1 0]"
9,0.8329440402744014,"[1 1 1 1 1 0 1 1 0 1 0 1 1 1 0 0 1 1 1 1 0 1 0 1 0 0 0 0 1 0 0 0 1 0 1 0 1 0 1 0]"
9,0.04069407675135743,"[1 0 1 1 1 0 0 1 1 1 0 1 1 1 0 0 1 1 1 1 0 0 0 1 1 0 0 1 0 0 0 0 1 0 1 0 1 0 1 0]"
9,0.9649856491958166,"[1 1 1 1 1 1 1 1 0 0 0 1 0 1 1 0 1 1 0 1 0 1 0 1 0 0 0 0 0 0 0 0 1 1 0 0 1 0 1 0]"
10,0.9649856672342534,"[1 1 1 1 1 1 1 1 0 0 0 1 0 1 1 0 1 1 0 1 0 1 0 1 0 0 0 0 1 0 0 0 1 1 0 0 1 0 1 0]"
10,0.9198601975737464,"[1 1 1 1 1 1 0 1 1 1 0 1 1 1 1 0 1 1 0 1 0 1 0 1 1 0 1 0 0 0 0 0 1 0 1 1 1 0 1 1]"
10,0.9946666644909324,"[1 1 1 1 1 1 1 1 1 1 0 1 1 1 0 0 1 1 1 1 0 1 1 0 1 0 0 1 1 0 0 1 1 0 1 0 0 0 1 0]"
10,0.9848803396294245,"[1 1 1 1 1 1 1 1 1 0 0 1 1 1 0 0 0 0 1 1 1 0 1 1 0 0 1 0 1 0 0 0 0 1 1 0 1 0 0 0]"
10,0.904006837925327,"[1 1 1 1 1 1 0 1 0 1 1 0 1 1 0 1 1 1 1 1 0 0 1 0 1 0 0 1 0 0 0 1 1 0 1 0 1 0 1 0]"
10,0.8496619366388639,"[1 1 1 1 1 0 1 1 1 1 0 1 1 1 0 0 1 1 1 1 0 1 0 1 1 0 0 0 1 0 0 0 1 0 0 0 1 0 1 1]"
10,0.8496611647482558,"[1 1 1 1 1 0 1 1 1 1 0 1 1 1 0 0 1 1 1 1 0 1 0 0 0 0 0 0 1 0 0 0 1 0 1 0 1 0 1 0]"
10,0.9780877264612766,"[1 1 1 1 1 1 1 1 0 1 1 0 1 1 1 0 1 1 1 1 0 1 0 1 1 0 1 1 0 0 0 1 1 0 1 0 1 0 0 0]"
10,0.9750910711112194,"[1 1 1 1 1 1 1 1 0 1 0 1 1 0 1 0 1 1 1 0 0 1 0 1 1 1 0 0 1 1 0 0 0 1 1 0 1 0 0 0]"
10,0.6791711811647366,"[1 1 1 1 0 1 1 0 0 1 0 0 1 0 0 0 1 1 1 1 0 0 1 1 0 0 0 1 1 0 0 0 1 1 0 0 1 0 1 1]"
10,0.9032626086184891,"[1 1 1 1 1 1 0 1 0 1 1 0 1 0 0 0 1 0 0 1 1 0 1 0 1 0 1 1 1 1 0 0 0 1 1 0 1 1 0 1]"
10,0.9198602148512015,"[1 1 1 1 1 1 0 1 1 1 0 1 1 1 1 0 1 1 0 1 0 1 0 1 1 0 1 0 1 0 0 0 1 0 1 1 1 0 1 1]"
10,0.9946666621738048,"[1 1 1 1 1 1 1 1 1 1 0 1 1 1 0 0 1 1 1 1 0 1 1 0 1 0 0 1 1 0 0 0 1 0 1 0 0 0 1 0]"
10,0.9027526296172438,"[1 1 1 1 1 1 0 1 0 1 1 0 0 1 0 0 1 1 1 1 0 0 0 0 1 1 0 1 1 0 0 1 1 0 1 0 1 1 1 0]"
10,0.9945048540219518,"[1 1 1 1 1 1 1 1 1 1 0 1 1 0 1 1 1 1 1 0 0 1 0 1 1 1 0 0 1 1 0 0 0 0 1 0 1 0 1 1]"
10,0.6908412929083438,"[1 1 1 1 0 1 1 0 1 0 1 1 0 1 0 0 0 1 1 1 0 1 0 1 0 0 0 0 0 1 0 1 1 1 0 0 1 0 0 0]"
10,0.19292578620684625,"[1 1 0 1 1 0 0 1 0 0 1 0 1 0 0 0 1 1 0 1 1 0 1 0 0 0 1 1 1 1 0 1 0 1 1 0 1 1 0 1]"
10,0.510874853275815,"[1 1 1 0 1 1 1 1 0 1 0 1 1 1 1 0 1 1 1 1 0 1 0 1 1 0 1 0 1 0 0 0 1 0 0 1 1 0 1 1]"
10,0.9649859378108415,"[1 1 1 1 1 1 1 1 0 0 0 1 0 1 1 0 1 1 0 1 0 1 0 1 1 0 0 0 0 0 0 0 1 1 0 0 1 0 1 0]"
10,0.9207118360345486,"[1 1 1 1 1 1 0 1 1 1 1 0 0 1 0 0 1 1 0 1 1 0 0 1 0 1 0 1 1 0 1 1 1 0 1 0 1 1 1 0]"
10,0.8533584439459996,"[1 1 1 1 1 0 1 1 1 1 1 1 1 0 0 0 1 1 1 1 0 1 0 0 1 0 0 1 1 0 0 0 1 0 0 0 0 0 1 0]"
10,0.9946666621738048,"[1 1 1 1 1 1 1 1 1 1 0 1 1 1 0 0 1 1 1 1 0 1 1 0 1 0 0 1 1 0 0 0 1 0 1 0 0 0 1 0]"
10,0.9567519611069565,"[1 1 1 1 1 1 1 0 1 1 0 1 1 1 1 0 1 1 1 0 0 1 0 1 1 1 0 0 1 1 0 0 0 1 1 0 1 0 1 0]"
10,0.9040058854088636,"[1 1 1 1 1 1 0 1 0 1 1 0 1 1 0 1 1 1 1 1 0 0 0 0 1 1 0 1 0 0 0 1 1 0 1 0 1 0 1 0]"
10,0.9035496732723655,"[1 1 1 1 1 1 0 1 0 1 1 0 1 0 1 0 1 0 1 0 1 0 1 0 0 1 1 1 0 1 0 1 0 0 1 0 1 0 0 1]"
10,0.9040068554660962,"[1 1 1 1 1 1 0 1 0 1 1 0 1 1 0 1 1 1 1 1 0 0 1 0 1 0 0 1 1 0 0 1 1 1 1 0 1 0 1 0]"
10,0.9131061130361324,"[1 1 1 1 1 1 0 1 1 0 1 0 1 1 1 0 1 1 1 1 0 1 0 0 1 1 0 1 1 0 1 1 1 0 1 0 1 0 0 0]"
10,0.7767074633294156,"[1 1 1 1 1 0 0 1 1 0 0 1 1 1 0 0 1 0 1 1 0 1 0 1 1 0 0 1 0 0 0 0 1 0 1 0 1 0 1 0]"
10,0.05593633310097979,"[1 0 1 1 1 1 1 1 1 1 0 1 1 1 1 0 1 1 1 1 1 0 1 0 1 0 0 1 1 0 0 0 1 0 1 0 0 0 1 0]"
10,0.8359911804296397,"[1 1 1 1 1 0 1 1 0 1 1 1 0 1 0 0 0 1 1 1 0 1 0 1 1 0 0 0 1 0 0 1 1 0 1 0 1 0 1 0]"
10,0.8246967483834193,"[1 1 1 1 1 0 1 1 0 0 0 1 1 1 0 0 1 1 1 1 0 1 0 1 0 0 0 0 1 0 0 0 1 0 1 0 1 0 1 0]"
10,0.9646901481781484,"[1 1 1 1 1 1 1 1 0 0 0 1 0 1 0 0 1 1 0 1 0 1 0 1 0 0 0 0 0 0 0 0 1 1 0 0 1 0 1 0]"
10,0.9108309305632699,"[1 1 1 1 1 1 0 1 1 0 0 1 1 1 1 0 1 1 0 0 0 0 0 1 1 0 1 0 1 0 0 1 1 0 1 1 1 0 1 1]"
10,0.920711831711586,"[1 1 1 1 1 1 0 1 1 1 1 0 0 1 0 0 1 1 0 1 1 0 0 1 0 1 0 1 1 0 0 1 1 0 1 0 1 1 1 0]"
10,0.9945557046140623,"[1 1 1 1 1 1 1 1 1 1 0 1 1 1 0 0 0 0 1 1 1 0 1 1 1 0 0 0 1 0 0 0 0 1 1 0 1 0 0 0]"
10,0.9756970603581958,"[1 1 1 1 1 1 1 1 0 1 0 1 1 1 1 0 1 1 1 1 0 1 0 1 1 0 0 0 1 0 0 0 1 0 0 1 1 0 1 1]"
10,0.8495618215769721,"[1 1 1 1 1 0 1 1 1 1 0 1 1 1 0 0 0 0 1 1 0 0 1 1 0 0 0 0 1 0 0 0 0 1 1 0 1 0 0 0]"
10,0.8329440402744014,"[1 1 1 1 1 0 1 1 0 1 0 1 1 1 0 0 1 1 1 1 0 1 0 1 0 0 0 0 1 0 0 0 1 0 1 0 1 0 1 0]"
10,0.8307948259884864,"[1 1 1 1 1 0 1 1 0 1 0 0 1 1 0 0 0 1 0 1 0 1 0 1 1 0 0 0 1 0 0 1 1 0 1 1 1 0 1 0]"
10,0.3627651978885005,"[1 1 1 0 0 1 1 1 0 1 0 1 0 0 0 0 0 1 1 1 0 1 1 1 1 0 0 0 1 0 0 0 1 0 1 0 1 0 1 1]"
10,0.9946666720215971,"[1 1 1 1 1 1 1 1 1 1 0 1 1 1 0 0 1 1 1 1 0 1 1 0 1 0 0 1 1 1 0 0 1 1 1 0 0 0 1 0]"
10,0.9949704144526834,"[1 1 1 1 1 1 1 1 1 1 0 1 1 1 1 0 1 1 1 1 0 1 1 0 1 0 0 1 1 0 0 0 1 0 1 0 0 0 1 0]"
10,0.8318325732832901,"[1 1 1 1 1 0 1 1 0 1 0 1 0 1 0 0 0 1 0 1 1 1 0 1 1 0 0 0 1 0 0 1 1 0 1 1 1 0 1 0]"
10,0.7150610019561662,"[1 1 1 1 0 1 1 1 1 0 0 0 1 1 1 0 0 1 1 1 0 1 0 0 1 0 0 1 0 0 0 1 1 0 0 0 1 0 1 1]"
10,0.5214773534329107,"[1 1 1 0 1 1 1 1 1 1 0 1 1 1 0 0 1 1 1 1 0 1 1 0 1 0 0 1 1 0 0 0 1 0 1 0 0 0 1 0]"
10,0.8318366133647032,"[1 1 1 1 1 0 1 1 0 1 0 1 0 1 0 0 0 1 1 0 0 1 0 1 1 0 0 0 1 0 0 1 1 0 1 0 1 0 1 0]"
10,0.9880068154605107,"[1 1 1 1 1 1 1 1 1 0 1 1 0 0 0 0 1 1 1 1 1 0 0 1 0 1 0 1 1 0 0 1 1 0 1 0 1 0 1 0]"
10,0.19166438912143188,"[1 1 0 1 1 0 0 1 0 0 0 0 0 1 0 0 0 1 1 0 0 1 0 1 1 0 1 0 1 0 0 1 0 0 1 0 1 1 0 1]"
10,0.9756970603581958,"[1 1 1 1 1 1 1 1 0 1 0 1 1 1 1 0 1 1 1 1 0 1 0 1 1 0 0 0 1 0 0 0 1 0 0 1 1 0 1 1]"
10,0.9646904367136295,"[1 1 1 1 1 1 1 1 0 0 0 1 0 1 0 0 1 1 0 1 0 1 0 1 1 0 0 0 0 0 0 0 1 1 0 0 1 0 1 0]"
11,0.9946666720215971,"[1 1 1 1 1 1 1 1 1 1 0 1 1 1 0 0 1 1 1 1 0 1 1 0 1 0 0 1 1 1 0 0 1 1 1 0 0 0 1 0]"
11,0.9649856672342534,"[1 1 1 1 1 1 1 1 0 0 0 1 0 1 1 0 1 1 0 1 0 1 0 1 0 0 0 0 1 0 0 0 1 1 0 0 1 0 1 0]"
11,0.0007890984332081087,"[0 1 1 1 1 1 0 1 0 1 0 0 1 1 0 0 1 1 1 1 0 0 1 0 1 1 0 1 1 0 0 1 1 1 1 0 0 0 1 0]"
11,0.9612434296163987,"[1 1 1 1 1 1 1 0 1 1 1 1 1 1 0 1 0 1 1 1 0 1 1 0 1 0 0 1 1 0 0 0 1 0 1 0 1 0 1 0]"
11,0.0009087007309802573,"[0 1 1 1 1 1 1 1 0 0 0 1 0 1 0 0 1 1 0 1 0 1 1 1 1 1 0 1 0 0 1 1 1 1 1 0 1 0 1 0]"
11,0.913106072005265,"[1 1 1 1 1 1 0 1 1 0 1 0 1 1 1 0 1 1 1 1 0 1 0 0 1 1 0 0 1 0 0 0 1 0 0 0 1 0 0 0]"
11,0.9040079262509073,"[1 1 1 1 1 1 0 1 0 1 1 0 1 1 0 1 1 1 1 1 0 1 0 0 1 0 0 1 0 0 0 1 1 0 0 0 1 0 1 0]"
11,0.9648370230619059,"[1 1 1 1 1 1 1 1 0 0 0 1 0 1 0 1 1 1 0 1 0 0 1 1 1 0 0 0 0 0 0 0 1 1 1 0 1 0 1 0]"
11,0.9753983175693595,"[1 1 1 1 1 1 1 1 0 1 0 1 1 1 0 0 1 1 1 1 0 1 0 1 0 0 0 0 1 0 0 0 1 0 1 0 1 0 1 0]"
11,0.8167777240258786,"[1 1 1 1 1 0 1 0 1 1 0 1 1 1 1 0 1 1 1 1 0 1 0 1 1 1 0 0 1 1 0 0 0 1 1 0 1 0 1 0]"
11,0.9040068554660962,"[1 1 1 1 1 1 0 1 0 1 1 0 1 1 0 1 1 1 1 1 0 0 1 0 1 0 0 1 1 0 0 1 1 1 1 0 1 0 1 0]"
11,0.9649856672342534,"[1 1 1 1 1 1 1 1 0 0 0 1 0 1 1 0 1 1 0 1 0 1 0 1 0 0 0 0 1 0 0 0 1 1 0 0 1 0 1 0]"
11,0.362765242728089,"[1 1 1 0 0 1 1 1 0 1 0 1 0 0 0 0 0 1 1 1 0 1 1 1 1 0 1 1 1 0 0 0 1 0 1 0 0 0 1 1]"
11,0.5214773547287527,"[1 1 1 0 1 1 1 1 1 1 0 1 1 1 0 0 1 1 1 1 0 1 1 0 1 0 0 1 1 0 0 1 1 0 1 0 0 0 1 0]"
11,0.9035523913890791,"[1 1 1 1 1 1 0 1 0 1 1 0 1 0 1 0 1 0 1 0 1 1 1 1 0 1 1 1 0 1 0 0 0 0 1 0 1 0 0 1]"
11,0.8496264211267489,"[1 1 1 1 1 0 1 1 1 1 0 1 1 1 0 0 1 0 1 1 0 0 0 0 1 0 0 0 1 0 0 1 1 0 0 0 1 0 1 0]"
11,0.21942388610933014,"[1 1 0 1 1 0 1 1 1 1 1 1 1 0 0 0 1 1 1 1 0 1 0 0 1 0 0 1 1 0 0 0 1 0 0 0 1 0 1 0]"
11,0.9946668104699793,"[1 1 1 1 1 1 1 1 1 1 0 1 1 1 0 0 1 1 1 1 0 1 1 0 1 1 0 1 1 0 0 0 1 0 1 0 0 0 1 0]"
11,0.5115422065312676,"[1 1 1 0 1 1 1 1 0 1 1 0 0 1 1 0 1 1 1 1 0 1 0 1 1 0 1 1 0 0 0 1 1 0 1 0 1 0 0 0]"
11,0.9195771802209622,"[1 1 1 1 1 1 0 1 1 1 0 1 1 1 0 0 1 1 0 1 0 1 0 1 1 0 1 0 1 0 0 0 1 0 1 1 1 0 1 1]"
11,0.9646950521647942,"[1 1 1 1 1 1 1 1 0 0 0 1 0 1 0 0 1 1 0 1 1 1 0 1 1 0 0 0 0 0 0 0 0 1 0 0 1 0 1 0]"
11,0.25289832815652513,"[1 1 0 1 1 1 1 1 0 0 0 1 1 1 1 0 0 0 1 1 0 0 1 1 1 0 1 0 1 0 0 0 1 1 1 0 1 0 0 0]"
11,0.9756964772938365,"[1 1 1 1 1 1 1 1 0 1 0 1 1 1 1 0 1 1 1 1 0 1 0 0 1 0 0 0 1 0 0 0 1 0 0 1 0 0 1 1]"
11,0.9946672554310323,"[1 1 1 1 1 1 1 1 1 1 0 1 1 1 0 0 1 1 1 1 0 1 1 1 1 0 0 1 1 0 0 0 1 0 1 0 1 0 1 0]"
11,0.9040068554660962,"[1 1 1 1 1 1 0 1 0 1 1 0 1 1 0 1 1 1 1 1 0 0 1 0 1 0 0 1 1 0 0 1 1 1 1 0 1 0 1 0]"
11,0.9040068554660962,"[1 1 1 1 1 1 0 1 0 1 1 0 1 1 0 1 1 1 1 1 0 0 1 0 1 0 0 1 1 0 0 1 1 1 1 0 1 0 1 0]"
11,0.25578021032392584,"[1 1 0 1 1 1 1 1 0 1 0 1 1 1 1 0 1 1 1 1 0 1 0 1 1 0 0 0 0 0 0 0 1 0 0 1 1 0 1 1]"
11,0.9949704237237411,"[1 1 1 1 1 1 1 1 1 1 0 1 1 1 1 0 1 1 1 1 0 1 1 0 1 0 0 1 1 1 0 0 1 0 1 0 0 0 1 0]"
11,0.19166438912143188,"[1 1 0 1 1 0 0 1 0 0 0 0 0 1 0 0 0 1 1 0 0 1 0 1 1 0 1 0 1 0 0 1 0 0 1 0 1 1 0 1]"
11,0.16885676870172905,"[1 1 0 1 0 1 1 0 0 1 0 0 1 0 0 0 1 1 1 1 0 1 1 1 0 0 0 1 1 0 0 0 1 1 0 0 1 0 1 1]"
11,0.4709094299093216,"[1 1 1 0 1 1 0 1 0 1 1 0 1 1 0 1 1 1 0 1 0 0 0 0 1 1 0 1 0 0 0 1 1 0 0 0 1 0 1 0]"
11,0.5046975420660331,"[1 1 1 0 1 1 1 1 0 0 0 1 0 1 0 0 0 1 1 1 0 1 0 1 0 0 0 0 0 0 0 0 1 1 1 0 1 0 1 0]"
11,0.975091075663309,"[1 1 1 1 1 1 1 1 0 1 0 1 1 0 1 0 1 1 1 0 0 1 0 1 1 1 0 0 1 1 1 0 0 1 1 0 1 0 0 0]"
11,0.9945545183644919,"[1 1 1 1 1 1 1 1 1 1 0 1 1 1 0 0 0 0 1 1 1 0 0 1 1 0 0 0 1 0 0 0 0 1 1 0 1 0 0 0]"
11,0.9650041386823169,"[1 1 1 1 1 1 1 1 0 0 0 1 0 1 1 0 1 1 1 1 0 1 0 1 0 0 0 0 1 0 0 0 1 1 0 0 0 0 1 0]"
11,0.8246807125647646,"[1 1 1 1 1 0 1 1 0 0 0 1 1 1 0 0 1 1 0 1 0 1 0 1 0 0 0 0 1 0 0 0 1 0 1 0 1 0 1 0]"
11,0.9198601284639287,"[1 1 1 1 1 1 0 1 1 1 0 1 1 1 1 0 1 1 0 1 0 1 0 1 1 0 0 0 0 0 0 0 1 0 1 1 1 0 1 1]"
11,0.8307948259884864,"[1 1 1 1 1 0 1 1 0 1 0 0 1 1 0 0 0 1 0 1 0 1 0 1 1 0 0 0 1 0 0 1 1 0 1 1 1 0 1 0]"
11,0.8496604247241668,"[1 1 1 1 1 0 1 1 1 1 0 1 1 1 0 0 1 1 1 1 0 0 1 0 1 0 0 1 1 0 0 0 1 0 1 0 0 0 1 0]"
11,0.969425632701535,"[1 1 1 1 1 1 1 1 0 0 1 1 0 1 0 0 1 1 0 1 0 0 0 1 0 0 0 0 0 0 0 0 1 1 0 0 1 0 1 0]"
11,0.920711831711586,"[1 1 1 1 1 1 0 1 1 1 1 0 0 1 0 0 1 1 0 1 1 0 0 1 0 1 0 1 1 0 0 1 1 0 1 0 1 1 1 0]"
11,0.9567531066983934,"[1 1 1 1 1 1 1 0 1 1 0 1 1 1 1 0 1 1 1 0 0 1 1 1 1 1 0 0 1 1 0 0 0 1 1 0 1 0 1 0]"
11,0.9650041387527808,"[1 1 1 1 1 1 1 1 0 0 0 1 0 1 1 0 1 1 1 1 0 1 0 1 0 0 0 0 1 0 0 0 1 1 0 0 1 0 1 0]"
11,0.902756982782688,"[1 1 1 1 1 1 0 1 0 1 1 0 0 1 0 0 1 1 1 1 1 0 0 0 1 1 0 1 1 0 1 1 1 0 1 0 1 1 0 0]"
11,0.0009284753265002313,"[0 1 1 1 1 1 1 1 0 1 0 1 1 0 1 0 1 1 1 1 0 1 0 0 1 0 0 0 1 0 0 0 1 0 1 0 0 0 1 0]"
11,0.8359919730803289,"[1 1 1 1 1 0 1 1 0 1 1 1 0 1 0 0 0 1 1 1 0 1 1 1 0 0 0 1 1 0 0 1 1 0 1 0 1 0 1 0]"
11,0.513507010157271,"[1 1 1 0 1 1 1 1 0 1 1 1 1 1 1 0 0 1 1 1 0 1 0 1 1 0 0 0 1 0 0 0 1 0 0 1 1 0 1 1]"
11,0.23417634763326886,"[1 1 0 1 1 1 0 1 0 1 1 0 1 0 0 0 1 0 0 1 0 0 1 0 1 0 1 1 1 1 0 0 0 1 1 0 1 1 0 0]"
11,0.8328714869357619,"[1 1 1 1 1 0 1 1 0 1 0 1 1 1 0 0 0 1 1 0 0 1 0 1 1 0 0 0 1 0 0 1 1 0 1 0 1 0 1 0]"
11,0.9946666766558523,"[1 1 1 1 1 1 1 1 1 1 0 1 1 1 0 0 1 1 1 1 0 1 1 0 1 0 0 1 1 1 1 0 1 1 1 0 0 0 1 0]"
12,0.913106072005265,"[1 1 1 1 1 1 0 1 1 0 1 0 1 1 1 0 1 1 1 1 0 1 0 0 1 1 0 0 1 0 0 0 1 0 0 0 1 0 0 0]"
12,0.7660316852086773,"[1 1 1 1 1 0 0 1 0 1 0 0 0 1 0 0 0 1 0 1 0 1 0 0 1 0 0 0 1 0 0 1 1 0 1 1 1 0 1 0]"
12,0.9948185377375163,"[1 1 1 1 1 1 1 1 1 1 0 1 1 1 0 1 1 1 1 1 0 1 1 0 1 0 0 1 1 1 0 0 1 1 1 0 0 0 1 1]"
12,0.9755475694423227,"[1 1 1 1 1 1 1 1 0 1 0 1 1 1 0 1 1 1 1 1 0 1 0 1 0 0 0 1 1 0 0 0 1 0 1 0 1 0 1 0]"
12,0.9173151713845662,"[1 1 1 1 1 1 0 1 1 1 0 0 1 1 0 0 1 1 0 1 0 1 0 0 1 0 1 0 1 0 0 0 1 0 0 0 1 0 1 1]"
12,0.9153587385418238,"[1 1 1 1 1 1 0 1 1 0 1 1 1 1 1 0 1 1 1 1 0 1 0 1 1 1 0 0 1 0 0 0 1 0 1 1 1 0 0 0]"
12,0.9649117843422357,"[1 1 1 1 1 1 1 1 0 0 0 1 0 1 1 0 0 1 0 1 0 1 0 1 0 0 0 0 1 0 0 0 1 1 0 0 1 0 1 0]"
12,0.9945545206813844,"[1 1 1 1 1 1 1 1 1 1 0 1 1 1 0 0 0 0 1 1 1 0 0 1 1 0 0 0 1 0 0 1 0 1 1 0 1 0 0 0]"
12,0.24147630224119143,"[1 1 0 1 1 1 1 0 0 0 0 1 0 1 1 0 1 1 0 1 0 1 0 1 0 0 0 0 1 1 0 0 1 1 0 0 1 0 1 0]"
12,0.9207118317031426,"[1 1 1 1 1 1 0 1 1 1 1 0 0 1 0 0 1 1 0 1 1 0 0 1 0 1 0 1 1 0 0 1 1 0 1 0 1 1 0 1]"
12,0.9086167952751985,"[1 1 1 1 1 1 0 1 1 0 0 0 1 1 1 0 1 1 1 1 0 1 0 0 1 1 0 0 1 0 0 0 1 0 0 0 1 0 1 0]"
12,0.9948950763494864,"[1 1 1 1 1 1 1 1 1 1 0 1 1 1 1 0 0 1 1 1 0 1 1 1 1 0 0 1 1 1 1 0 1 1 1 0 0 0 1 0]"
12,0.5135057014836861,"[1 1 1 0 1 1 1 1 0 1 1 1 1 1 1 0 0 1 1 1 0 0 0 1 1 0 0 0 1 0 0 0 1 0 0 1 1 0 1 1]"
12,0.25145252259343137,"[1 1 0 1 1 1 1 0 1 1 1 1 1 1 0 1 0 1 1 1 0 1 1 0 1 0 0 1 1 1 0 0 1 0 1 0 1 0 1 0]"
12,0.9946666766558523,"[1 1 1 1 1 1 1 1 1 1 0 1 1 1 0 0 1 1 1 1 0 1 1 0 1 0 0 1 1 1 1 0 1 1 1 0 0 0 1 0]"
12,0.7789263115305709,"[1 1 1 1 1 0 0 1 1 0 1 0 1 1 1 0 1 1 1 1 0 0 0 0 1 1 0 0 1 0 0 0 1 0 0 0 1 0 0 0]"
12,0.994556890864906,"[1 1 1 1 1 1 1 1 1 1 0 1 1 1 0 0 0 0 1 1 1 1 0 1 1 0 0 0 1 0 0 0 0 1 1 0 1 0 0 0]"
12,0.8495878168990588,"[1 1 1 1 1 0 1 1 1 1 0 1 1 1 0 0 0 1 1 0 0 1 0 1 1 0 0 0 1 0 0 1 1 0 1 0 1 0 1 0]"
12,0.9934430168172187,"[1 1 1 1 1 1 1 1 1 1 0 1 0 1 0 0 1 1 1 0 0 1 1 0 1 0 0 1 1 1 0 0 1 1 1 0 0 0 1 0]"
12,0.9756964772938365,"[1 1 1 1 1 1 1 1 0 1 0 1 1 1 1 0 1 1 1 1 0 1 0 0 1 0 0 0 1 0 0 0 1 0 0 1 0 0 1 1]"
12,0.0009092564718820229,"[0 1 1 1 1 1 1 1 0 0 0 1 0 1 1 0 1 1 0 1 0 1 0 1 0 0 0 0 1 0 0 0 1 1 0 0 1 0 1 0]"
12,0.9567531066983934,"[1 1 1 1 1 1 1 0 1 1 0 1 1 1 1 0 1 1 1 0 0 1 1 1 1 1 0 0 1 1 0 0 0 1 1 0 1 0 1 0]"
12,0.9207118318129054,"[1 1 1 1 1 1 0 1 1 1 1 0 0 1 0 0 1 1 0 1 1 0 0 1 0 1 0 1 1 0 0 1 1 0 1 1 1 0 1 0]"
12,0.824680712572411,"[1 1 1 1 1 0 1 1 0 0 0 1 1 1 0 0 1 1 0 1 0 1 0 1 0 0 0 0 1 0 0 0 1 0 1 0 1 0 1 1]"
12,0.9648381773624425,"[1 1 1 1 1 1 1 1 0 0 0 1 0 1 0 1 1 1 0 1 0 1 0 1 1 0 0 0 0 0 0 0 1 1 1 0 1 0 1 0]"
12,0.5135063558201034,"[1 1 1 0 1 1 1 1 0 1 1 1 1 1 1 0 0 1 1 1 0 0 1 1 1 0 0 0 1 0 0 0 1 0 0 1 1 0 1 1]"
12,0.9950848994721282,"[1 1 1 1 1 1 1 1 1 1 0 1 1 1 1 1 1 0 1 1 0 1 1 1 1 0 0 0 1 0 0 0 1 0 1 0 1 0 1 0]"
12,0.9647086686364093,"[1 1 1 1 1 1 1 1 0 0 0 1 0 1 0 0 1 1 1 1 0 1 0 1 0 0 0 1 1 0 0 0 1 1 0 0 0 0 1 0]"
12,0.6550089252861817,"[1 1 1 1 0 1 0 1 0 1 1 0 0 1 0 0 1 1 1 1 1 0 0 0 1 1 0 1 1 0 1 1 0 0 1 0 1 1 0 0]"
12,0.8328716133338012,"[1 1 1 1 1 0 1 1 0 1 0 1 1 1 0 0 0 1 1 0 0 1 0 1 1 1 0 0 1 0 0 1 1 0 1 0 1 0 1 0]"
12,0.9695754751036179,"[1 1 1 1 1 1 1 1 0 0 1 1 0 1 0 1 1 1 0 1 0 0 1 1 1 0 0 0 0 0 0 0 1 1 1 0 1 0 1 0]"
12,0.9946672554310323,"[1 1 1 1 1 1 1 1 1 1 0 1 1 1 0 0 1 1 1 1 0 1 1 1 1 0 0 1 1 0 0 0 1 0 1 0 1 0 1 0]"
12,0.5214773547287527,"[1 1 1 0 1 1 1 1 1 1 0 1 1 1 0 0 1 1 1 1 0 1 1 0 1 0 0 1 1 0 0 1 1 0 1 0 0 0 1 0]"
12,0.0008135426680543438,"[0 1 1 1 1 1 0 1 1 0 1 0 1 1 1 0 1 1 1 1 0 1 0 0 1 1 0 0 1 0 0 0 1 0 0 0 1 0 0 0]"
12,0.969425632701535,"[1 1 1 1 1 1 1 1 0 0 1 1 0 1 0 0 1 1 0 1 0 0 0 1 0 0 0 0 0 0 0 0 1 1 0 0 1 0 1 0]"
12,0.8246807125647646,"[1 1 1 1 1 0 1 1 0 0 0 1 1 1 0 0 1 1 0 1 0 1 0 1 0 0 0 0 1 0 0 0 1 0 1 0 1 0 1 0]"
12,0.7845193512371481,"[1 1 1 1 1 0 0 1 1 1 0 1 1 1 0 0 1 0 1 1 0 0 0 0 1 0 0 0 1 0 0 1 0 0 0 0 1 0 0 0]"
12,0.975091076819113,"[1 1 1 1 1 1 1 1 0 1 0 1 1 0 1 0 1 1 1 0 0 1 0 1 1 1 0 0 1 1 1 0 1 1 1 0 1 0 1 0]"
12,0.8319103795501357,"[1 1 1 1 1 0 1 1 0 1 0 1 0 1 0 0 1 1 1 1 0 1 1 1 1 0 0 1 1 0 0 0 1 0 0 0 1 0 1 0]"
12,0.985290728116574,"[1 1 1 1 1 1 1 1 1 0 0 1 1 1 1 0 1 1 1 1 0 1 0 1 0 0 0 0 1 1 0 0 1 1 1 0 0 0 1 0]"
12,0.9937535063020656,"[1 1 1 1 1 1 1 1 1 1 0 1 0 1 1 0 1 1 1 1 0 0 1 0 1 0 0 0 1 1 0 0 0 0 1 0 0 0 1 0]"
12,0.9756778034589692,"[1 1 1 1 1 1 1 1 0 1 0 1 1 1 1 0 1 1 0 1 0 1 0 0 1 0 0 0 0 0 0 0 1 0 0 1 0 0 1 1]"
12,0.9648367389959488,"[1 1 1 1 1 1 1 1 0 0 0 1 0 1 0 1 1 1 0 1 0 0 1 1 0 0 0 0 0 0 1 0 1 1 1 0 1 0 1 0]"
12,0.9648393316994485,"[1 1 1 1 1 1 1 1 0 0 0 1 0 1 0 1 1 1 0 1 0 1 1 1 1 0 0 0 0 0 0 0 1 1 1 0 1 1 1 0]"
12,0.9040068554660962,"[1 1 1 1 1 1 0 1 0 1 1 0 1 1 0 1 1 1 1 1 0 0 1 0 1 0 0 1 1 0 0 1 1 1 1 0 1 0 1 0]"
12,0.9946668104699793,"[1 1 1 1 1 1 1 1 1 1 0 1 1 1 0 0 1 1 1 1 0 1 1 0 1 1 0 1 1 0 0 0 1 0 1 0 0 0 1 0]"
12,0.9651334482928756,"[1 1 1 1 1 1 1 1 0 0 0 1 0 1 1 1 1 1 0 1 0 1 0 1 0 0 0 0 1 0 0 0 1 1 0 0 1 0 1 0]"
12,0.50478017012255,"[1 1 1 0 1 1 1 1 0 0 0 1 0 1 0 1 0 1 1 1 0 1 0 1 1 0 0 0 0 0 0 0 1 1 1 0 1 0 1 0]"
12,0.12236450478413852,"[1 1 0 0 1 1 1 1 0 1 1 1 1 1 1 0 0 1 1 1 0 1 0 1 1 1 0 0 1 0 0 0 1 0 0 1 1 0 1 1]"
12,0.9646950521647942,"[1 1 1 1 1 1 1 1 0 0 0 1 0 1 0 0 1 1 0 1 1 1 0 1 1 0 0 0 0 0 0 0 0 1 0 0 1 0 1 0]"
13,0.9648370230619059,"[1 1 1 1 1 1 1 1 0 0 0 1 0 1 0 1 1 1 0 1 0 0 1 1 1 0 0 0 0 0 0 0 1 1 1 0 1 0 1 0]"
13,0.9695751988402046,"[1 1 1 1 1 1 1 1 0 0 1 1 0 1 0 1 1 1 0 1 0 0 1 1 0 0 0 0 0 1 1 0 1 1 1 0 1 0 1 0]"
13,0.25145252259343137,"[1 1 0 1 1 1 1 0 1 1 1 1 1 1 0 1 0 1 1 1 0 1 1 0 1 0 0 1 1 1 0 0 1 0 1 0 1 0 1 0]"
13,0.9934430075589711,"[1 1 1 1 1 1 1 1 1 1 0 1 0 1 0 0 1 1 1 0 0 1 1 0 1 0 0 1 1 0 0 0 1 1 1 0 0 0 1 0]"
13,0.9937535063020656,"[1 1 1 1 1 1 1 1 1 1 0 1 0 1 1 0 1 1 1 1 0 0 1 0 1 0 0 0 1 1 0 0 0 0 1 0 0 0 1 0]"
13,0.9756778034589692,"[1 1 1 1 1 1 1 1 0 1 0 1 1 1 1 0 1 1 0 1 0 1 0 0 1 0 0 0 0 0 0 0 1 0 0 1 0 0 1 1]"
13,0.9648367389959488,"[1 1 1 1 1 1 1 1 0 0 0 1 0 1 0 1 1 1 0 1 0 0 1 1 0 0 0 0 0 0 1 0 1 1 1 0 1 0 1 0]"
13,0.9695754751036179,"[1 1 1 1 1 1 1 1 0 0 1 1 0 1 0 1 1 1 0 1 0 0 1 1 1 0 0 0 0 0 0 0 1 1 1 0 1 0 1 0]"
13,0.8909607914091238,"[1 1 1 1 1 1 0 1 0 0 0 0 1 1 1 1 1 0 1 1 0 1 0 0 1 1 0 0 1 0 0 1 1 0 0 0 1 0 1 0]"
13,0.9946667919329564,"[1 1 1 1 1 1 1 1 1 1 0 1 1 1 0 0 1 1 1 1 0 1 1 0 1 1 0 1 0 0 0 0 1 0 1 0 0 0 1 0]"
13,0.6669392774955212,"[1 1 1 1 0 1 0 1 1 1 0 1 0 1 1 0 0 1 1 1 0 1 1 1 1 0 0 1 1 1 0 0 1 1 1 0 0 1 1 0]"
13,0.8298907797972288,"[1 1 1 1 1 0 1 1 0 1 0 0 0 1 0 1 0 1 0 1 0 1 0 0 1 0 0 0 1 0 1 1 0 0 1 1 1 0 1 0]"
13,0.8319103795501357,"[1 1 1 1 1 0 1 1 0 1 0 1 0 1 0 0 1 1 1 1 0 1 1 1 1 0 0 1 1 0 0 0 1 0 0 0 1 0 1 0]"
13,0.9947811157371638,"[1 1 1 1 1 1 1 1 1 1 0 1 1 1 0 1 1 0 1 1 0 1 1 1 1 0 0 0 1 0 0 0 1 0 1 0 1 0 1 0]"
13,0.21311715721699448,"[1 1 0 1 1 0 1 1 0 1 0 1 0 1 0 0 1 1 1 1 0 1 1 1 1 0 0 1 1 0 0 0 1 0 0 0 1 0 1 0]"
13,0.9945546689625113,"[1 1 1 1 1 1 1 1 1 1 0 1 1 1 0 0 0 0 1 1 1 0 0 1 1 1 0 0 1 0 0 1 0 1 1 0 1 0 0 0]"
13,0.46357239191215316,"[1 1 1 0 1 1 0 1 0 0 0 0 1 1 1 0 0 1 1 1 0 0 0 1 1 0 0 0 1 1 0 0 1 0 0 1 1 0 1 0]"
13,0.9804842073132909,"[1 1 1 1 1 1 1 1 0 1 1 1 1 1 1 0 1 1 1 1 0 1 1 0 1 1 0 0 1 0 0 0 1 0 0 1 1 0 1 1]"
13,0.985290728116574,"[1 1 1 1 1 1 1 1 1 0 0 1 1 1 1 0 1 1 1 1 0 1 0 1 0 0 0 0 1 1 0 0 1 1 1 0 0 0 1 0]"
13,0.8842720026400757,"[1 1 1 1 1 1 0 0 1 1 0 1 1 1 1 0 1 1 1 0 0 1 1 1 1 1 0 0 1 1 0 0 0 1 1 0 1 0 1 0]"
13,0.920702978423649,"[1 1 1 1 1 1 0 1 1 1 1 0 0 1 0 0 1 1 0 0 1 0 0 1 0 1 0 1 1 0 0 1 1 0 1 1 1 0 1 0]"
13,0.9756779492047275,"[1 1 1 1 1 1 1 1 0 1 0 1 1 1 1 0 1 1 0 1 0 1 0 0 1 1 0 0 0 0 0 0 1 0 0 1 0 0 1 1]"
13,0.9651334482928756,"[1 1 1 1 1 1 1 1 0 0 0 1 0 1 1 1 1 1 0 1 0 1 0 1 0 0 0 0 1 0 0 0 1 1 0 0 1 0 1 0]"
13,0.0009092652054269244,"[0 1 1 1 1 1 1 1 0 0 0 1 0 1 1 0 1 1 0 1 1 1 0 1 0 0 0 0 1 0 0 0 1 1 0 0 1 0 1 1]"
13,0.9937155745044403,"[1 1 1 1 1 1 1 1 1 1 0 1 0 1 1 0 1 0 1 1 0 0 1 0 1 0 0 0 1 1 0 0 0 0 1 0 0 0 1 0]"
13,0.9688324194829857,"[1 1 1 1 1 1 1 1 0 0 1 1 0 0 0 0 1 1 0 1 0 0 0 1 0 1 0 0 0 1 0 0 1 1 0 0 1 0 1 0]"
13,0.975091076819113,"[1 1 1 1 1 1 1 1 0 1 0 1 1 0 1 0 1 1 1 0 0 1 0 1 1 1 0 0 1 1 1 0 1 1 1 0 1 0 1 0]"
13,0.8497942630952776,"[1 1 1 1 1 0 1 1 1 1 0 1 1 1 0 1 1 1 1 1 0 1 1 0 1 0 0 1 0 1 0 0 1 1 1 0 0 0 1 1]"
13,0.9649117837785733,"[1 1 1 1 1 1 1 1 0 0 0 1 0 1 1 0 0 1 0 1 0 1 0 1 0 0 0 0 1 0 0 0 1 0 0 0 1 0 1 0]"
13,0.9645424462426058,"[1 1 1 1 1 1 1 1 0 0 0 1 0 0 1 1 1 1 0 1 0 1 0 1 0 0 0 0 1 0 0 0 1 1 0 0 1 0 1 0]"
13,0.9950848991823776,"[1 1 1 1 1 1 1 1 1 1 0 1 1 1 1 1 1 0 1 1 0 1 1 1 1 0 0 0 1 0 0 0 1 0 0 0 1 0 1 0]"
13,0.9173151713845662,"[1 1 1 1 1 1 0 1 1 1 0 0 1 1 0 0 1 1 0 1 0 1 0 0 1 0 1 0 1 0 0 0 1 0 0 0 1 0 1 1]"
13,0.9567525339025207,"[1 1 1 1 1 1 1 0 1 1 0 1 1 1 1 0 1 1 1 0 0 1 1 0 1 1 0 0 1 1 0 0 0 1 1 0 1 0 1 0]"
13,0.9753795030313497,"[1 1 1 1 1 1 1 1 0 1 0 1 1 1 0 0 1 1 0 1 0 1 0 0 1 1 0 0 0 0 0 0 1 0 0 1 1 0 1 1]"
13,0.975696621903447,"[1 1 1 1 1 1 1 1 0 1 0 1 1 1 1 0 1 1 1 1 0 1 0 0 1 1 0 0 1 0 0 0 0 0 0 1 0 0 1 1]"
13,0.9937535074596721,"[1 1 1 1 1 1 1 1 1 1 0 1 0 1 1 0 1 1 1 1 0 0 1 0 1 0 0 0 1 1 0 0 1 0 1 0 0 0 1 0]"
13,0.2414762996488799,"[1 1 0 1 1 1 1 0 0 0 0 1 0 1 1 0 1 1 0 1 0 1 0 1 0 0 0 0 1 0 0 0 1 1 0 0 1 0 1 0]"
13,0.910859492909119,"[1 1 1 1 1 1 0 1 1 0 0 1 1 1 1 0 1 1 1 1 0 1 0 1 1 1 0 0 1 0 0 0 1 0 1 1 1 1 0 0]"
13,0.9946666766558523,"[1 1 1 1 1 1 1 1 1 1 0 1 1 1 0 0 1 1 1 1 0 1 1 0 1 0 0 1 1 1 1 0 1 1 1 0 0 0 1 0]"
13,0.9945521458691715,"[1 1 1 1 1 1 1 1 1 1 0 1 1 1 0 0 0 0 1 1 0 1 0 1 1 0 0 0 1 0 0 0 0 1 1 0 1 0 0 0]"
13,0.9755289163881437,"[1 1 1 1 1 1 1 1 0 1 0 1 1 1 0 1 1 1 0 1 0 1 0 1 0 0 0 1 1 0 0 0 1 0 1 0 1 0 1 0]"
13,0.5135057423796903,"[1 1 1 0 1 1 1 1 0 1 1 1 1 1 1 0 0 1 1 1 0 0 0 1 1 0 1 0 1 0 0 0 1 0 0 1 1 0 1 1]"
13,0.8236550036945633,"[1 1 1 1 1 0 1 1 0 0 0 1 0 1 0 0 1 1 0 1 0 1 0 1 0 0 0 0 1 0 0 0 1 0 1 0 1 0 1 1]"
13,0.9750724316206966,"[1 1 1 1 1 1 1 1 0 1 0 1 1 0 1 0 1 1 0 0 0 1 0 1 1 1 0 0 1 1 1 0 1 1 1 0 1 0 1 0]"
13,0.9753983631031646,"[1 1 1 1 1 1 1 1 0 1 0 1 1 1 0 0 1 1 1 1 0 1 0 1 0 0 0 1 1 1 0 0 1 0 1 0 1 0 1 0]"
13,0.9854460015223951,"[1 1 1 1 1 1 1 1 1 0 0 1 1 1 1 1 1 1 1 1 1 1 0 1 0 0 0 0 1 0 0 0 1 1 1 0 0 0 1 0]"
13,0.9948583950962088,"[1 1 1 1 1 1 1 1 1 1 0 1 1 1 1 0 0 0 1 1 1 0 0 1 1 1 0 0 1 0 1 1 0 1 1 0 1 0 0 0]"
13,0.9567163051906736,"[1 1 1 1 1 1 1 0 1 1 0 1 1 1 1 0 1 0 1 0 0 1 1 1 1 0 0 0 1 1 0 0 0 1 1 0 1 0 1 0]"
13,0.7017887931290392,"[1 1 1 1 0 1 1 1 0 0 0 1 0 1 1 1 1 1 0 1 0 1 0 1 0 0 0 0 1 0 0 0 1 1 0 0 1 0 1 0]"
13,0.9732925332896089,"[1 1 1 1 1 1 1 1 0 1 0 0 1 1 1 0 1 1 0 1 0 1 0 0 1 0 0 0 0 0 0 0 1 0 0 1 0 0 1 1]"
14,0.9750724315495714,"[1 1 1 1 1 1 1 1 0 1 0 1 1 0 1 0 1 1 0 0 0 1 0 1 1 1 0 0 1 1 1 0 1 1 1 0 0 0 1 0]"
14,0.9804842073132909,"[1 1 1 1 1 1 1 1 0 1 1 1 1 1 1 0 1 1 1 1 0 1 1 0 1 1 0 0 1 0 0 0 1 0 0 1 1 0 1 1]"
14,0.9695752078980202,"[1 1 1 1 1 1 1 1 0 0 1 1 0 1 0 1 1 1 0 1 0 0 1 1 0 0 0 0 1 0 1 0 1 1 1 0 1 0 1 0]"
14,0.9947227196180203,"[1 1 1 1 1 1 1 1 1 1 0 1 1 1 0 1 0 1 0 1 0 1 0 1 0 0 0 1 1 0 0 0 1 0 1 0 1 0 1 0]"
14,0.9934430816972845,"[1 1 1 1 1 1 1 1 1 1 0 1 0 1 0 0 1 1 1 0 0 1 1 0 1 0 1 1 1 0 0 0 1 1 1 0 1 0 1 0]"
14,0.23643307524111898,"[1 1 0 1 1 1 0 1 1 0 0 1 1 1 1 0 1 1 1 1 0 1 0 1 1 1 0 0 1 0 0 0 1 0 1 1 1 1 0 0]"
14,0.5046460162713521,"[1 1 1 0 1 1 1 1 0 0 0 1 0 0 1 1 1 1 0 1 0 1 0 1 0 0 0 0 1 0 0 0 1 1 0 0 1 0 1 0]"
14,0.9648370230619059,"[1 1 1 1 1 1 1 1 0 0 0 1 0 1 0 1 1 1 0 1 0 0 1 1 1 0 0 0 0 0 0 0 1 1 1 0 1 0 1 0]"
14,0.7133150174202554,"[1 1 1 1 0 1 1 1 0 1 1 1 1 1 1 0 1 1 1 1 0 1 1 0 1 1 0 0 1 0 0 0 1 0 0 1 0 0 0 0]"
14,0.9108594929258429,"[1 1 1 1 1 1 0 1 1 0 0 1 1 1 1 0 1 1 1 1 0 1 0 1 1 1 0 0 1 0 0 0 1 0 1 1 1 1 1 0]"
14,0.9753795030313497,"[1 1 1 1 1 1 1 1 0 1 0 1 1 1 0 0 1 1 0 1 0 1 0 0 1 1 0 0 0 0 0 0 1 0 0 1 1 0 1 1]"
14,0.25230634344722014,"[1 1 0 1 1 1 1 1 0 0 0 1 0 0 0 0 1 1 0 1 0 0 0 1 0 1 0 0 0 1 0 0 1 1 0 0 1 0 1 1]"
14,0.9695751988402046,"[1 1 1 1 1 1 1 1 0 0 1 1 0 1 0 1 1 1 0 1 0 0 1 1 0 0 0 0 0 1 1 0 1 1 1 0 1 0 1 0]"
14,0.9945546689625113,"[1 1 1 1 1 1 1 1 1 1 0 1 1 1 0 0 0 0 1 1 1 0 0 1 1 1 0 0 1 0 0 1 0 1 1 0 1 0 0 0]"
14,0.985290728116574,"[1 1 1 1 1 1 1 1 1 0 0 1 1 1 1 0 1 1 1 1 0 1 0 1 0 0 0 0 1 1 0 0 1 1 1 0 0 0 1 0]"
14,0.9854462953518925,"[1 1 1 1 1 1 1 1 1 0 0 1 1 1 1 1 1 1 1 1 1 1 0 1 1 0 0 0 1 0 0 0 1 1 0 0 0 0 1 0]"
14,0.9936776440098988,"[1 1 1 1 1 1 1 1 1 1 0 1 0 1 1 0 0 1 1 1 0 0 1 0 1 0 0 0 1 1 0 0 0 0 1 0 0 0 1 0]"
14,0.2615983264122787,"[1 1 0 1 1 1 1 1 1 1 0 1 1 1 1 1 1 0 1 1 0 1 1 1 1 1 0 0 1 0 1 0 1 0 0 0 1 0 1 0]"
14,0.980632951502759,"[1 1 1 1 1 1 1 1 0 1 1 1 1 1 1 1 1 1 1 1 0 1 0 0 1 1 0 0 1 0 0 0 1 0 0 1 1 0 1 1]"
14,0.9753983631031646,"[1 1 1 1 1 1 1 1 0 1 0 1 1 1 0 0 1 1 1 1 0 1 0 1 0 0 0 1 1 1 0 0 1 0 1 0 1 0 1 0]"
14,0.9648367480139145,"[1 1 1 1 1 1 1 1 0 0 0 1 0 1 0 1 1 1 0 1 0 0 1 1 0 0 0 0 0 1 1 0 1 1 1 0 1 0 1 0]"
14,0.9756778080135238,"[1 1 1 1 1 1 1 1 0 1 0 1 1 1 1 0 1 1 0 1 0 1 0 0 1 0 0 0 0 0 1 0 1 0 0 1 0 0 1 1]"
14,0.9947811157371638,"[1 1 1 1 1 1 1 1 1 1 0 1 1 1 0 1 1 0 1 1 0 1 1 1 1 0 0 0 1 0 0 0 1 0 1 0 1 0 1 0]"
14,0.9923917623019973,"[1 1 1 1 1 1 1 1 1 1 0 0 1 1 0 1 1 1 1 1 0 1 1 1 1 0 0 1 0 1 0 0 1 1 1 0 0 0 1 1]"
14,0.8319103795501357,"[1 1 1 1 1 0 1 1 0 1 0 1 0 1 0 0 1 1 1 1 0 1 1 1 1 0 0 1 1 0 0 0 1 0 0 0 1 0 1 0]"
14,0.9948583950962088,"[1 1 1 1 1 1 1 1 1 1 0 1 1 1 1 0 0 0 1 1 1 0 0 1 1 1 0 0 1 0 1 1 0 1 1 0 1 0 0 0]"
14,0.9743555945322537,"[1 1 1 1 1 1 1 1 0 1 0 1 0 1 0 1 1 1 1 1 0 1 1 1 0 0 0 1 1 1 0 0 1 0 1 0 1 0 1 0]"
14,0.213420551666709,"[1 1 0 1 1 0 1 1 0 1 0 1 1 1 0 0 1 1 1 1 0 1 0 0 1 0 0 1 1 0 0 0 0 0 0 0 1 0 1 0]"
14,0.836057160758769,"[1 1 1 1 1 0 1 1 0 1 1 1 0 1 0 0 1 1 1 1 0 1 1 1 1 0 0 1 1 0 0 0 1 0 0 0 1 0 1 0]"
14,0.8236550036945633,"[1 1 1 1 1 0 1 1 0 0 0 1 0 1 0 0 1 1 0 1 0 1 0 1 0 0 0 0 1 0 0 0 1 0 1 0 1 0 1 1]"
14,0.9946277716639719,"[1 1 1 1 1 1 1 1 1 1 0 1 1 1 0 0 1 0 1 1 0 1 0 1 0 0 0 0 1 0 0 0 0 1 1 0 1 0 0 0]"
14,0.9648549193689508,"[1 1 1 1 1 1 1 1 0 0 0 1 0 1 0 1 1 1 1 1 0 0 1 0 1 0 0 0 0 0 1 0 1 1 1 0 1 0 1 0]"
14,0.9937203194167694,"[1 1 1 1 1 1 1 1 1 1 0 1 0 1 1 0 1 0 1 1 1 0 1 0 1 0 0 0 1 1 0 1 1 0 1 0 0 1 1 0]"
14,0.9750735879744152,"[1 1 1 1 1 1 1 1 0 1 0 1 1 0 1 0 1 1 0 0 0 1 1 1 1 1 0 0 1 0 1 0 1 1 1 1 1 0 1 0]"
14,0.9946478101937336,"[1 1 1 1 1 1 1 1 1 1 0 1 1 1 0 0 1 1 0 1 0 1 1 0 1 1 0 1 0 0 0 0 1 0 1 0 0 0 1 1]"
14,0.9947808188244887,"[1 1 1 1 1 1 1 1 1 1 0 1 1 1 0 1 1 0 1 1 0 1 1 1 0 0 0 0 1 0 0 0 1 0 0 0 1 0 1 0]"
14,0.994664419196593,"[1 1 1 1 1 1 1 1 1 1 0 1 1 1 0 0 1 1 1 1 0 0 1 0 1 1 0 1 0 0 0 0 1 0 1 0 0 0 1 0]"
14,0.9199851037841752,"[1 1 1 1 1 1 0 1 1 1 0 1 1 1 1 1 1 0 1 1 0 1 1 1 1 0 0 0 1 0 0 0 1 0 1 0 1 0 1 0]"
14,0.9945521458691715,"[1 1 1 1 1 1 1 1 1 1 0 1 1 1 0 0 0 0 1 1 0 1 0 1 1 0 0 0 1 0 0 0 0 1 1 0 1 0 0 0]"
14,0.9934430075589711,"[1 1 1 1 1 1 1 1 1 1 0 1 0 1 0 0 1 1 1 0 0 1 1 0 1 0 0 1 1 0 0 0 1 1 1 0 0 0 1 0]"
14,0.9207051923041468,"[1 1 1 1 1 1 0 1 1 1 1 0 0 1 0 0 1 1 0 0 1 1 0 1 0 1 0 1 1 0 0 1 1 1 1 1 1 0 1 0]"
14,0.9756109408781833,"[1 1 1 1 1 1 1 1 0 1 0 1 1 1 1 0 0 1 1 0 0 0 0 1 1 1 0 0 1 1 1 0 1 1 1 0 1 0 1 0]"
14,0.9945521458691715,"[1 1 1 1 1 1 1 1 1 1 0 1 1 1 0 0 0 0 1 1 0 1 0 1 1 0 0 0 1 0 0 0 0 1 1 0 1 0 0 0]"
14,0.9695751988402046,"[1 1 1 1 1 1 1 1 0 0 1 1 0 1 0 1 1 1 0 1 0 0 1 1 0 0 0 0 0 1 1 0 1 1 1 0 1 0 1 0]"
14,0.9756778034589692,"[1 1 1 1 1 1 1 1 0 1 0 1 1 1 1 0 1 1 0 1 0 1 0 0 1 0 0 0 0 0 0 0 1 0 0 1 0 0 1 1]"
14,0.975091076819113,"[1 1 1 1 1 1 1 1 0 1 0 1 1 0 1 0 1 1 1 0 0 1 0 1 1 1 0 0 1 1 1 0 1 1 1 0 1 0 1 0]"
14,0.0009669839054086578,"[0 1 1 1 1 1 1 1 1 1 0 1 1 1 1 1 1 0 1 1 0 1 1 1 1 0 0 0 0 0 0 1 1 0 0 0 1 0 1 0]"
14,0.9664622180617761,"[1 1 1 1 1 1 1 1 0 0 1 0 0 0 0 0 1 1 0 1 0 0 0 1 0 1 0 0 0 1 0 0 1 1 0 0 1 0 1 0]"
14,0.9654279213738854,"[1 1 1 1 1 1 1 1 0 0 0 1 1 0 0 1 1 1 0 1 0 0 1 1 0 0 0 0 1 0 1 0 1 1 1 0 1 0 1 0]"
14,0.9947810971982237,"[1 1 1 1 1 1 1 1 1 1 0 1 1 1 0 1 1 0 1 1 0 1 1 1 1 0 0 0 0 0 0 0 1 0 1 0 1 0 1 0]"
15,0.261188304276221,"[1 1 0 1 1 1 1 1 1 1 0 1 0 1 1 0 1 0 1 1 1 0 1 0 1 0 0 0 1 1 0 0 1 0 1 0 0 1 1 0]"
15,0.9945521458691715,"[1 1 1 1 1 1 1 1 1 1 0 1 1 1 0 0 0 0 1 1 0 1 0 1 1 0 0 0 1 0 0 0 0 1 1 0 1 0 0 0]"
15,0.513548976561953,"[1 1 1 0 1 1 1 1 0 1 1 1 1 1 1 0 1 1 1 1 0 1 0 1 1 1 0 0 1 1 0 0 1 1 1 0 0 0 1 0]"
15,0.7128577821353365,"[1 1 1 1 0 1 1 1 0 1 1 1 1 0 1 0 1 1 1 0 0 1 1 0 1 1 0 0 1 0 0 1 1 0 0 1 0 0 0 0]"
15,0.9648368145214141,"[1 1 1 1 1 1 1 1 0 0 0 1 0 1 0 1 1 1 0 1 0 0 1 1 0 0 1 0 0 1 0 0 0 1 1 0 1 0 1 0]"
15,0.9946182810841749,"[1 1 1 1 1 1 1 1 1 1 0 1 1 1 0 0 1 0 1 0 0 1 0 1 0 0 0 0 1 0 0 0 0 1 1 0 1 0 0 0]"
15,0.9852969309909106,"[1 1 1 1 1 1 1 1 1 0 0 1 1 1 1 0 1 1 1 1 1 1 1 1 1 0 0 1 1 0 0 0 1 1 0 0 0 0 1 0]"
15,0.9947983014050156,"[1 1 1 1 1 1 1 1 1 1 0 1 1 1 0 1 1 1 0 1 0 1 0 0 1 0 0 0 0 0 0 0 1 0 1 0 0 0 1 1]"
15,0.9757624083865976,"[1 1 1 1 1 1 1 1 0 1 0 1 1 1 1 1 0 1 1 0 0 1 0 1 1 0 0 1 1 1 1 0 1 1 1 0 1 0 1 0]"
15,0.520118476444849,"[1 1 1 0 1 1 1 1 1 1 0 0 1 1 0 0 1 1 1 1 0 0 0 1 1 0 0 0 0 1 0 0 1 1 1 0 0 0 1 1]"
15,0.9945521458872721,"[1 1 1 1 1 1 1 1 1 1 0 1 1 1 0 0 0 0 1 1 0 1 0 1 1 0 0 0 1 0 0 0 0 1 1 0 1 0 1 0]"
15,0.919702017294142,"[1 1 1 1 1 1 0 1 1 1 0 1 1 1 0 1 1 0 1 1 0 1 1 1 1 0 0 0 0 0 0 0 1 0 1 0 1 0 1 0]"
15,0.9937155756981809,"[1 1 1 1 1 1 1 1 1 1 0 1 0 1 1 0 1 0 1 1 0 0 1 0 1 0 0 0 1 1 0 0 1 0 1 0 0 1 1 0]"
15,0.9946715374300167,"[1 1 1 1 1 1 1 1 1 1 0 1 1 1 0 0 1 1 1 1 1 1 1 0 1 1 0 1 0 0 0 0 1 0 1 0 0 0 1 1]"
15,0.0009294516964034425,"[0 1 1 1 1 1 1 1 0 1 0 1 1 1 1 0 0 1 1 0 0 0 0 1 1 1 0 0 1 1 1 0 1 1 1 0 1 0 1 0]"
15,0.9934430816972845,"[1 1 1 1 1 1 1 1 1 1 0 1 0 1 0 0 1 1 1 0 0 1 1 0 1 0 1 1 1 0 0 0 1 1 1 0 1 0 1 0]"
15,0.9756778034945516,"[1 1 1 1 1 1 1 1 0 1 0 1 1 1 1 0 1 1 0 1 0 1 0 0 1 0 0 0 0 0 0 0 1 0 0 1 0 1 1 1]"
15,0.25559336450104314,"[1 1 0 1 1 1 1 1 0 1 0 1 1 0 1 0 1 1 0 0 0 1 1 1 1 1 0 0 1 0 1 0 1 1 1 1 1 0 1 0]"
15,0.8994029853486653,"[1 1 1 1 1 1 0 1 0 1 0 0 1 1 0 0 1 1 0 1 0 1 0 0 1 1 0 0 0 0 0 0 0 0 0 1 1 0 1 1]"
15,0.9946277757188025,"[1 1 1 1 1 1 1 1 1 1 0 1 1 1 0 0 1 0 1 1 0 1 0 1 0 0 0 0 1 0 1 0 0 0 1 0 1 0 0 0]"
15,0.9695682334024743,"[1 1 1 1 1 1 1 1 0 0 1 1 0 1 0 1 1 1 0 0 0 1 1 1 0 0 0 0 0 0 1 0 1 1 1 0 1 0 1 0]"
15,0.9947228030388471,"[1 1 1 1 1 1 1 1 1 1 0 1 1 1 0 1 0 1 0 1 0 1 0 1 0 0 1 1 1 1 0 0 1 0 1 0 1 0 1 0]"
15,0.9947808188244887,"[1 1 1 1 1 1 1 1 1 1 0 1 1 1 0 1 1 0 1 1 0 1 1 1 0 0 0 0 1 0 0 0 1 0 0 0 1 0 1 0]"
15,0.9937203194167694,"[1 1 1 1 1 1 1 1 1 1 0 1 0 1 1 0 1 0 1 1 1 0 1 0 1 0 0 0 1 1 0 1 1 0 1 0 0 1 1 0]"
15,5.4275330996453205e-05,"[0 1 0 1 1 1 1 1 1 1 0 1 1 1 1 1 1 0 1 1 0 1 0 1 0 1 0 0 1 0 1 1 1 0 0 0 1 0 1 0]"
15,0.9753795030313497,"[1 1 1 1 1 1 1 1 0 1 0 1 1 1 0 0 1 1 0 1 0 1 0 0 1 1 0 0 0 0 0 0 1 0 0 1 1 0 1 1]"
15,0.992391762338128,"[1 1 1 1 1 1 1 1 1 1 0 0 1 1 0 1 1 1 1 1 0 1 1 1 1 0 0 1 0 1 0 0 1 1 1 0 0 1 1 1]"
15,0.9782367801550909,"[1 1 1 1 1 1 1 1 0 1 1 0 1 1 1 1 1 1 1 1 0 1 0 0 1 1 0 0 1 0 0 0 1 0 0 1 1 0 1 1]"
15,0.0009284589455545232,"[0 1 1 1 1 1 1 1 0 1 0 1 1 0 1 0 1 1 1 0 0 1 0 1 1 1 0 0 1 1 1 0 1 1 1 0 1 0 1 0]"
15,0.9947016253397641,"[1 1 1 1 1 1 1 1 1 1 0 1 1 1 0 1 0 0 1 1 0 0 0 1 1 0 0 0 1 0 0 1 0 1 1 0 1 0 0 0]"
15,0.7094815275820715,"[1 1 1 1 0 1 1 1 0 1 0 1 1 1 0 0 1 1 0 1 0 1 0 0 1 1 0 0 0 0 0 0 1 0 0 1 1 0 1 1]"
15,0.9947808187520709,"[1 1 1 1 1 1 1 1 1 1 0 1 1 1 0 1 1 0 1 1 0 1 1 1 0 0 0 0 1 0 0 0 1 0 0 0 0 0 1 0]"
15,0.995006732154016,"[1 1 1 1 1 1 1 1 1 1 0 1 1 1 1 1 0 0 1 1 0 0 1 1 1 1 0 0 1 1 0 1 1 0 1 0 1 0 0 0]"
15,0.9949362642245514,"[1 1 1 1 1 1 1 1 1 1 0 1 1 1 1 0 1 0 1 1 1 1 0 1 0 0 0 0 1 0 1 0 0 1 0 0 1 0 0 0]"
15,0.9946472167297173,"[1 1 1 1 1 1 1 1 1 1 0 1 1 1 0 0 1 1 0 1 0 1 0 1 1 1 0 1 0 0 0 0 1 0 0 0 0 0 1 1]"
15,0.9730142712356267,"[1 1 1 1 1 1 1 1 0 1 0 0 1 1 0 0 1 1 1 1 0 1 1 0 0 0 0 1 0 1 0 0 1 0 1 0 1 0 1 0]"
15,0.9741322985790494,"[1 1 1 1 1 1 1 1 0 1 0 1 0 1 0 0 0 1 1 1 0 1 1 1 1 0 0 1 0 1 0 0 1 1 1 0 0 0 0 1]"
15,0.8508497433523767,"[1 1 1 1 1 0 1 1 1 1 1 0 0 1 0 1 1 1 1 1 0 1 1 1 1 0 0 1 1 0 0 0 1 0 0 0 1 0 1 0]"
15,0.7241128225489966,"[1 1 1 1 0 1 1 1 1 1 0 1 1 1 1 0 0 0 1 1 1 0 0 1 1 1 1 1 1 0 1 1 0 1 1 0 1 0 0 0]"
15,0.9695751989640419,"[1 1 1 1 1 1 1 1 0 0 1 1 0 1 0 1 1 1 0 1 0 0 1 1 0 0 0 0 0 1 1 0 1 1 1 1 1 0 0 0]"
15,0.9198435681501647,"[1 1 1 1 1 1 0 1 1 1 0 1 1 1 1 0 1 0 1 1 0 1 1 1 1 0 0 0 1 1 0 0 1 0 1 1 1 0 1 0]"
15,0.2364720248143994,"[1 1 0 1 1 1 0 1 1 0 0 1 1 1 1 1 1 1 1 0 0 1 0 1 0 0 0 0 1 0 0 0 1 1 1 0 0 0 1 0]"
15,0.9950102871476715,"[1 1 1 1 1 1 1 1 1 1 0 1 1 1 1 1 0 0 1 1 1 0 0 1 1 1 0 0 1 0 1 1 0 1 1 0 1 0 0 0]"
15,0.9923917623019973,"[1 1 1 1 1 1 1 1 1 1 0 0 1 1 0 1 1 1 1 1 0 1 1 1 1 0 0 1 0 1 0 0 1 1 1 0 0 0 1 1]"
15,0.9282480904432255,"[1 1 1 1 1 1 1 0 0 0 0 1 1 0 0 1 1 1 0 1 1 0 1 1 0 0 0 0 1 0 1 0 1 1 1 0 1 0 1 0]"
15,0.9947810971982237,"[1 1 1 1 1 1 1 1 1 1 0 1 1 1 0 1 1 0 1 1 0 1 1 1 1 0 0 0 0 0 0 0 1 0 1 0 1 0 1 0]"
15,0.9753983631031646,"[1 1 1 1 1 1 1 1 0 1 0 1 1 1 0 0 1 1 1 1 0 1 0 1 0 0 0 1 1 1 0 0 1 0 1 0 1 0 1 0]"
15,0.9923917623019973,"[1 1 1 1 1 1 1 1 1 1 0 0 1 1 0 1 1 1 1 1 0 1 1 1 1 0 0 1 0 1 0 0 1 1 1 0 0 0 1 1]"
15,0.05449383579526227,"[1 0 1 1 1 1 1 1 0 1 0 1 1 1 1 0 1 1 0 1 0 0 0 0 1 1 0 0 0 0 1 0 1 0 0 1 0 1 1 1]"
15,0.9948843615997871,"[1 1 1 1 1 1 1 1 1 1 0 1 1 1 1 0 0 1 1 0 0 1 0 1 1 0 0 0 1 1 1 1 1 0 1 0 1 0 1 0]"
16,0.9946325224874418,"[1 1 1 1 1 1 1 1 1 1 0 1 1 1 0 0 1 0 1 1 1 1 0 1 0 0 0 0 1 0 1 0 1 1 0 0 1 0 0 0]"
16,0.9381245356507981,"[1 1 1 1 1 1 1 0 0 1 0 1 1 1 1 0 1 0 1 1 1 1 0 1 0 0 0 1 1 1 0 0 0 0 1 0 1 0 1 1]"
16,0.9852969309909106,"[1 1 1 1 1 1 1 1 1 0 0 1 1 1 1 0 1 1 1 1 1 1 1 1 1 0 0 1 1 0 0 0 1 1 0 0 0 0 1 0]"
16,0.9946277571824343,"[1 1 1 1 1 1 1 1 1 1 0 1 1 1 0 0 1 0 1 1 0 1 0 1 0 0 0 0 0 0 1 0 0 0 1 0 1 0 0 0]"
16,0.05403959309669419,"[1 0 1 1 1 1 1 1 0 0 1 1 0 1 0 1 1 1 0 1 0 0 1 1 0 0 0 0 0 1 1 1 1 1 1 1 1 0 0 0]"
16,0.9757368658726292,"[1 1 1 1 1 1 1 1 0 1 0 1 1 1 1 1 0 0 1 1 1 0 0 1 1 1 0 0 1 1 1 1 0 1 1 0 1 0 0 0]"
16,0.995006732298881,"[1 1 1 1 1 1 1 1 1 1 0 1 1 1 1 1 0 0 1 1 0 0 1 1 1 1 0 0 1 1 0 1 1 0 1 1 1 0 0 0]"
16,0.9406079017997576,"[1 1 1 1 1 1 1 0 0 1 1 0 1 1 1 1 1 1 1 1 0 1 0 0 1 1 0 0 1 0 0 0 1 0 0 1 1 0 1 1]"
16,0.9945713104144532,"[1 1 1 1 1 1 1 1 1 1 0 1 1 1 0 0 0 1 0 1 0 1 0 1 1 1 0 1 1 0 0 0 0 0 0 0 0 0 1 1]"
16,0.9950102883065954,"[1 1 1 1 1 1 1 1 1 1 0 1 1 1 1 1 0 0 1 1 1 0 0 1 1 1 0 0 1 0 1 1 1 1 1 0 1 0 0 0]"
16,0.9945518493076145,"[1 1 1 1 1 1 1 1 1 1 0 1 1 1 0 0 0 0 1 1 0 1 0 1 0 0 0 0 1 0 0 0 0 1 1 0 1 0 0 0]"
16,0.994723099646282,"[1 1 1 1 1 1 1 1 1 1 0 1 1 1 0 1 0 1 0 1 0 1 0 1 1 0 1 1 1 1 0 0 1 0 1 0 1 0 1 0]"
16,0.25523598230619876,"[1 1 0 1 1 1 1 1 0 1 0 1 0 0 1 0 1 1 0 0 0 1 1 1 1 1 0 0 1 0 0 0 1 1 1 1 1 0 1 0]"
16,0.9946715420642923,"[1 1 1 1 1 1 1 1 1 1 0 1 1 1 0 0 1 1 1 1 1 1 1 0 1 1 0 1 0 0 1 0 1 0 1 0 0 0 1 1]"
16,0.9947133116429567,"[1 1 1 1 1 1 1 1 1 1 0 1 1 1 0 1 0 1 0 0 0 1 0 1 0 0 1 1 1 1 0 0 1 0 1 0 1 0 1 0]"
16,0.9564216437168895,"[1 1 1 1 1 1 1 0 1 1 0 1 1 1 0 0 1 0 1 0 0 1 0 1 0 0 0 0 1 0 0 0 0 1 1 0 1 0 0 0]"
16,0.9945902558680241,"[1 1 1 1 1 1 1 1 1 1 0 1 1 1 0 0 0 1 1 1 0 1 0 1 1 1 0 0 1 0 0 0 1 1 1 0 1 0 1 0]"
16,0.9946088082077984,"[1 1 1 1 1 1 1 1 1 1 0 1 1 1 0 0 1 0 0 1 0 1 0 1 0 0 0 1 0 0 0 0 0 0 0 0 0 0 1 1]"
16,0.9947808188244887,"[1 1 1 1 1 1 1 1 1 1 0 1 1 1 0 1 1 0 1 1 0 1 1 1 0 0 0 0 1 0 0 0 1 0 0 0 1 0 1 0]"
16,0.8497450734300572,"[1 1 1 1 1 0 1 1 1 1 0 1 1 1 0 1 1 0 0 1 0 1 1 1 0 0 0 0 1 0 0 0 1 0 0 0 1 0 1 0]"
16,0.9949362642607653,"[1 1 1 1 1 1 1 1 1 1 0 1 1 1 1 0 1 0 1 1 1 1 0 1 0 0 0 0 1 0 1 0 0 1 0 0 1 1 0 0]"
16,0.8035047830141961,"[1 1 1 1 1 0 1 0 0 1 1 1 0 1 0 1 1 1 0 1 0 0 1 1 0 0 0 0 0 1 1 0 1 1 1 1 1 0 0 0]"
16,0.975528998358871,"[1 1 1 1 1 1 1 1 0 1 0 1 1 1 0 1 1 1 0 1 0 1 0 1 0 0 1 1 1 1 0 0 1 0 1 0 1 0 1 0]"
16,0.9948746022966728,"[1 1 1 1 1 1 1 1 1 1 0 1 1 1 1 0 0 1 0 1 0 1 0 1 0 0 0 1 1 1 0 0 1 0 1 0 1 0 1 0]"
16,0.5221554600335903,"[1 1 1 0 1 1 1 1 1 1 1 0 0 1 0 0 1 1 1 1 0 0 0 1 1 0 0 0 0 1 0 0 1 1 1 0 0 0 0 1]"
16,0.8476883839988991,"[1 1 1 1 1 0 1 1 1 1 0 0 1 1 0 1 1 1 1 1 0 1 1 1 1 0 0 1 0 0 0 0 1 0 0 0 1 0 1 0]"
16,0.9923917623019973,"[1 1 1 1 1 1 1 1 1 1 0 0 1 1 0 1 1 1 1 1 0 1 1 1 1 0 0 1 0 1 0 0 1 1 1 0 0 0 1 1]"
16,0.0009663910145950746,"[0 1 1 1 1 1 1 1 1 1 0 1 1 1 0 1 1 0 1 1 0 1 0 1 1 0 0 0 1 0 0 1 0 1 1 0 1 0 0 0]"
16,0.37154366410501655,"[1 1 1 0 0 1 1 1 1 1 0 1 1 1 1 0 0 0 1 1 1 0 0 1 1 1 1 1 1 0 1 1 0 1 1 0 1 0 0 0]"
16,0.9949362642245514,"[1 1 1 1 1 1 1 1 1 1 0 1 1 1 1 0 1 0 1 1 1 1 0 1 0 0 0 0 1 0 1 0 0 1 0 0 1 0 0 0]"
16,0.9947810971982237,"[1 1 1 1 1 1 1 1 1 1 0 1 1 1 0 1 1 0 1 1 0 1 1 1 1 0 0 0 0 0 0 0 1 0 1 0 1 0 1 0]"
16,0.9945521458691715,"[1 1 1 1 1 1 1 1 1 1 0 1 1 1 0 0 0 0 1 1 0 1 0 1 1 0 0 0 1 0 0 0 0 1 1 0 1 0 0 0]"
16,0.9757635744442079,"[1 1 1 1 1 1 1 1 0 1 0 1 1 1 1 1 0 1 1 0 0 1 1 1 1 0 0 1 1 1 1 0 1 1 1 0 1 0 1 0]"
16,0.9923917530435349,"[1 1 1 1 1 1 1 1 1 1 0 0 1 1 0 1 1 1 1 1 0 1 1 1 1 0 0 1 0 0 0 0 1 1 1 0 0 0 1 0]"
16,0.9947026698185515,"[1 1 1 1 1 1 1 1 1 1 0 1 1 1 0 1 0 0 1 1 0 0 1 1 0 1 0 0 1 1 0 0 0 0 1 0 1 0 0 0]"
16,0.9756609174990801,"[1 1 1 1 1 1 1 1 0 1 0 1 1 1 1 0 1 0 1 1 0 1 1 1 1 0 0 0 1 0 0 1 1 0 0 0 1 0 1 0]"
16,0.5215087499835693,"[1 1 1 0 1 1 1 1 1 1 0 1 1 1 0 1 0 1 0 1 0 1 0 1 0 0 1 1 1 1 0 0 1 0 1 0 1 0 1 0]"
16,0.7025842557723593,"[1 1 1 1 0 1 1 1 0 0 0 1 1 1 1 0 1 1 1 1 1 1 1 1 1 0 0 1 1 0 0 0 1 1 0 0 0 0 1 0]"
16,0.9948891081668444,"[1 1 1 1 1 1 1 1 1 1 0 1 1 1 1 0 0 1 1 0 1 1 0 1 1 0 0 0 1 1 1 1 1 0 1 1 1 0 1 0]"
16,0.9947016253397641,"[1 1 1 1 1 1 1 1 1 1 0 1 1 1 0 1 0 0 1 1 0 0 0 1 1 0 0 0 1 0 0 1 0 1 1 0 1 0 0 0]"
16,0.9946715374300167,"[1 1 1 1 1 1 1 1 1 1 0 1 1 1 0 0 1 1 1 1 1 1 1 0 1 1 0 1 0 0 0 0 1 0 1 0 0 0 1 1]"
16,0.9378679548898933,"[1 1 1 1 1 1 1 0 0 1 0 1 1 1 0 0 1 1 1 1 0 1 0 1 0 0 0 1 1 1 0 0 1 0 1 0 1 0 1 0]"
16,0.9197020170242235,"[1 1 1 1 1 1 0 1 1 1 0 1 1 1 0 1 1 0 1 1 0 1 1 1 1 0 0 0 0 0 0 0 1 0 0 0 1 0 1 0]"
16,0.26148948492550894,"[1 1 0 1 1 1 1 1 1 1 0 1 1 1 0 1 0 1 0 1 0 1 0 1 0 0 1 1 1 1 0 0 1 0 1 0 1 0 1 0]"
16,0.985292225774806,"[1 1 1 1 1 1 1 1 1 0 0 1 1 1 1 0 1 1 1 1 0 1 1 1 1 0 0 1 1 0 0 0 1 1 0 0 0 0 1 0]"
16,0.9948843615997871,"[1 1 1 1 1 1 1 1 1 1 0 1 1 1 1 0 0 1 1 0 0 1 0 1 1 0 0 0 1 1 1 1 1 0 1 0 1 0 1 0]"
16,0.9848770325311867,"[1 1 1 1 1 1 1 1 1 0 0 1 1 1 0 0 0 0 1 1 0 1 0 1 1 0 0 0 1 0 0 0 0 1 1 0 1 0 0 0]"
16,0.9946182811203784,"[1 1 1 1 1 1 1 1 1 1 0 1 1 1 0 0 1 0 1 0 0 1 0 1 0 0 0 0 1 0 0 0 0 1 1 0 1 1 0 0]"
16,0.9945521458872721,"[1 1 1 1 1 1 1 1 1 1 0 1 1 1 0 0 0 0 1 1 0 1 0 1 1 0 0 0 1 0 0 0 0 1 1 0 1 0 1 0]"
16,0.9948190655993341,"[1 1 1 1 1 1 1 1 1 1 0 1 1 1 0 1 1 1 1 1 0 1 1 1 1 0 0 0 0 0 0 0 1 0 1 0 1 0 1 0]"
17,0.055909756724923564,"[1 0 1 1 1 1 1 1 1 1 0 1 1 1 0 0 1 0 1 0 0 1 0 1 0 0 0 0 1 0 0 0 0 1 1 0 1 1 0 0]"
17,0.0559076565662869,"[1 0 1 1 1 1 1 1 1 1 0 1 1 1 0 0 0 1 1 1 0 1 0 1 1 1 0 0 1 1 0 0 1 1 1 0 1 0 1 0]"
17,0.8036917988108939,"[1 1 1 1 1 0 1 0 0 1 1 1 0 1 1 1 0 1 0 1 0 0 0 1 0 0 0 0 0 1 1 0 1 1 1 0 1 0 0 0]"
17,0.994657743803002,"[1 1 1 1 1 1 1 1 1 1 0 1 1 1 0 0 1 1 1 0 0 1 1 1 1 0 0 0 1 1 1 1 1 0 1 1 1 0 1 0]"
17,0.9948888120942576,"[1 1 1 1 1 1 1 1 1 1 0 1 1 1 1 0 0 1 1 0 1 1 0 1 0 0 0 0 1 1 1 1 1 1 1 1 1 0 1 0]"
17,0.9947037003950945,"[1 1 1 1 1 1 1 1 1 1 0 1 1 1 0 1 0 0 1 1 0 1 0 1 0 0 0 0 1 0 0 0 1 1 1 0 1 0 0 0]"
17,0.2614580811906508,"[1 1 0 1 1 1 1 1 1 1 0 1 1 1 0 0 1 0 1 0 0 1 0 1 0 0 0 0 1 0 0 0 0 1 1 0 1 1 1 0]"
17,0.9755862993885082,"[1 1 1 1 1 1 1 1 0 1 0 1 1 1 1 0 0 0 1 1 0 1 1 1 1 0 0 0 1 0 0 1 1 0 0 0 1 0 0 0]"
17,0.9945854244223641,"[1 1 1 1 1 1 1 1 1 1 0 1 1 1 0 0 0 1 1 0 1 1 0 1 1 0 1 0 0 0 1 1 1 0 1 0 1 0 1 0]"
17,0.9949569253000473,"[1 1 1 1 1 1 1 1 1 1 0 1 1 1 1 0 1 1 0 1 1 1 1 1 1 1 0 1 1 1 0 0 1 0 1 1 0 0 1 1]"
17,0.8476521541985502,"[1 1 1 1 1 0 1 1 1 1 0 0 1 1 0 1 1 0 1 1 0 0 0 1 0 0 0 0 1 0 0 0 1 0 0 0 1 0 1 0]"
17,0.9947808188244887,"[1 1 1 1 1 1 1 1 1 1 0 1 1 1 0 1 1 0 1 1 0 1 1 1 0 0 0 0 1 0 0 0 1 0 0 0 1 0 1 0]"
17,0.9947228030388471,"[1 1 1 1 1 1 1 1 1 1 0 1 1 1 0 1 0 1 0 1 0 1 0 1 0 0 1 1 1 1 0 0 1 0 1 0 1 0 1 0]"
17,0.9997598558619976,"[1 1 1 1 1 1 1 1 1 1 1 1 1 1 1 0 0 1 1 0 1 1 0 1 0 0 0 0 1 1 1 1 1 0 1 1 1 0 1 0]"
17,0.995006732298881,"[1 1 1 1 1 1 1 1 1 1 0 1 1 1 1 1 0 0 1 1 0 0 1 1 1 1 0 0 1 1 0 1 1 0 1 1 1 0 0 0]"
17,0.9851970948105016,"[1 1 1 1 1 1 1 1 1 0 0 1 1 1 1 0 0 1 0 1 0 1 0 1 1 1 0 1 1 0 0 0 0 0 0 0 0 0 1 1]"
17,0.9948890894812434,"[1 1 1 1 1 1 1 1 1 1 0 1 1 1 1 0 0 1 1 0 1 1 0 1 1 0 0 0 0 1 1 1 1 0 1 0 1 0 1 0]"
17,0.9753241552157117,"[1 1 1 1 1 1 1 1 0 1 0 1 1 1 0 0 0 1 1 1 0 1 0 1 1 1 0 0 1 0 0 0 1 1 1 0 1 0 1 0]"
17,0.9850252026351719,"[1 1 1 1 1 1 1 1 1 0 0 1 1 1 0 1 0 0 1 1 0 0 0 1 1 0 0 0 1 0 0 1 0 1 1 0 1 0 0 0]"
17,0.0009659855078028241,"[0 1 1 1 1 1 1 1 1 1 0 1 1 1 0 0 0 1 0 1 0 1 0 1 1 1 0 1 1 0 0 0 0 1 0 0 0 0 1 1]"
17,0.9950102883065954,"[1 1 1 1 1 1 1 1 1 1 0 1 1 1 1 1 0 0 1 1 1 0 0 1 1 1 0 0 1 0 1 1 1 1 1 0 1 0 0 0]"
17,0.9947016994901946,"[1 1 1 1 1 1 1 1 1 1 0 1 1 1 0 1 0 0 1 1 0 0 0 1 1 0 1 0 1 0 0 1 0 1 1 0 1 0 0 0]"
17,0.9406056454794081,"[1 1 1 1 1 1 1 0 0 1 1 0 1 1 1 1 1 1 1 1 0 0 0 0 1 1 0 0 1 0 0 0 1 0 0 1 1 1 1 1]"
17,0.9947808188244887,"[1 1 1 1 1 1 1 1 1 1 0 1 1 1 0 1 1 0 1 1 0 1 1 1 0 0 0 0 1 0 0 0 1 0 0 0 1 0 1 0]"
17,0.9946088082077984,"[1 1 1 1 1 1 1 1 1 1 0 1 1 1 0 0 1 0 0 1 0 1 0 1 0 0 0 1 0 0 0 0 0 0 0 0 0 0 1 1]"
17,0.5214131451352728,"[1 1 1 0 1 1 1 1 1 1 0 1 1 1 0 0 0 0 1 1 0 1 0 1 0 0 0 0 1 0 0 0 0 1 1 0 1 0 0 0]"
17,0.9851968114483806,"[1 1 1 1 1 1 1 1 1 0 0 1 1 1 1 0 0 1 0 1 0 1 0 1 0 1 0 1 1 1 0 0 1 0 1 0 1 0 1 0]"
17,0.25570469186604666,"[1 1 0 1 1 1 1 1 0 1 0 1 1 1 0 1 0 1 0 0 0 1 0 1 0 0 1 1 1 1 0 0 1 0 1 0 1 0 1 0]"
17,0.9945423594341171,"[1 1 1 1 1 1 1 1 1 1 0 1 1 1 0 0 0 0 1 0 0 1 0 1 0 0 0 0 1 0 0 0 0 1 1 0 1 1 1 0]"
17,0.9709328823289635,"[1 1 1 1 1 1 1 1 0 0 1 1 1 1 1 0 1 1 1 1 0 1 1 1 1 0 0 1 1 0 0 0 1 1 0 0 0 0 1 0]"
17,0.9194884018845584,"[1 1 1 1 1 1 0 1 1 1 0 1 1 1 0 0 0 0 1 1 0 1 0 1 0 0 0 0 1 0 0 0 0 1 1 0 1 1 0 0]"
17,0.994703998156006,"[1 1 1 1 1 1 1 1 1 1 0 1 1 1 0 1 0 0 1 1 0 1 0 1 1 0 0 0 1 0 0 1 0 1 1 0 1 0 0 0]"
17,0.9849148844935129,"[1 1 1 1 1 1 1 1 1 0 0 1 1 1 0 0 0 1 1 1 0 1 0 1 1 1 1 0 1 0 0 1 1 1 1 0 1 0 1 0]"
17,0.9198026620201595,"[1 1 1 1 1 1 0 1 1 1 0 1 1 1 1 0 0 1 1 0 1 1 0 1 1 0 0 0 1 1 1 1 0 0 1 1 1 0 1 0]"
17,0.2615536209336506,"[1 1 0 1 1 1 1 1 1 1 0 1 1 1 1 0 1 0 1 1 1 1 0 1 0 0 0 0 1 0 1 0 0 1 0 0 1 1 0 0]"
17,0.9949363013076369,"[1 1 1 1 1 1 1 1 1 1 0 1 1 1 1 0 1 0 1 1 1 1 0 1 0 0 0 1 1 0 1 0 0 1 0 0 1 0 0 0]"
17,0.9945318773623061,"[1 1 1 1 1 1 1 1 1 1 0 1 1 1 0 0 0 0 0 1 0 0 1 1 0 1 0 1 1 1 0 0 0 0 1 0 1 0 1 0]"
17,0.994883768298444,"[1 1 1 1 1 1 1 1 1 1 0 1 1 1 1 0 0 1 1 0 0 1 0 0 1 0 0 0 1 1 1 1 1 0 1 0 1 0 1 0]"
17,0.0009660583966804363,"[0 1 1 1 1 1 1 1 1 1 0 1 1 1 0 0 1 0 0 1 0 1 0 1 0 0 0 1 0 0 1 0 0 0 0 0 0 0 1 1]"
17,0.9406079017825429,"[1 1 1 1 1 1 1 0 0 1 1 0 1 1 1 1 1 1 1 1 0 1 0 0 1 1 0 0 1 0 0 0 1 0 0 1 1 0 0 1]"
17,0.9949362643694072,"[1 1 1 1 1 1 1 1 1 1 0 1 1 1 1 0 1 0 1 1 1 1 0 1 0 0 0 0 1 0 1 0 0 1 0 1 1 0 0 0]"
17,0.9923914663202801,"[1 1 1 1 1 1 1 1 1 1 0 0 1 1 0 1 1 1 1 1 0 1 1 1 0 0 0 1 0 1 0 0 1 1 1 0 0 0 1 1]"
17,0.9942577463616898,"[1 1 1 1 1 1 1 1 1 1 0 1 1 0 1 0 0 1 0 0 0 1 0 1 0 0 0 1 1 1 0 0 1 0 1 0 1 0 1 0]"
17,0.9923917530435349,"[1 1 1 1 1 1 1 1 1 1 0 0 1 1 0 1 1 1 1 1 0 1 1 1 1 0 0 1 0 0 0 0 1 1 1 0 0 0 1 0]"
17,0.9945902558680241,"[1 1 1 1 1 1 1 1 1 1 0 1 1 1 0 0 0 1 1 1 0 1 0 1 1 1 0 0 1 0 0 0 1 1 1 0 1 0 1 0]"
17,0.9947016264259521,"[1 1 1 1 1 1 1 1 1 1 0 1 1 1 0 1 0 0 1 1 0 0 0 1 1 0 0 0 1 0 0 1 1 1 1 0 0 0 0 0]"
17,0.9949362642607653,"[1 1 1 1 1 1 1 1 1 1 0 1 1 1 1 0 1 0 1 1 1 1 0 1 0 0 0 0 1 0 1 0 0 1 0 0 1 1 0 0]"
17,0.9947808280939563,"[1 1 1 1 1 1 1 1 1 1 0 1 1 1 0 1 1 0 1 1 0 1 1 1 0 0 0 0 1 1 0 0 1 0 0 0 1 0 1 0]"
17,0.9946182811203784,"[1 1 1 1 1 1 1 1 1 1 0 1 1 1 0 0 1 0 1 0 0 1 0 1 0 0 0 0 1 0 0 0 0 1 1 0 1 1 0 0]"
17,0.994571319682164,"[1 1 1 1 1 1 1 1 1 1 0 1 1 1 0 0 0 1 0 1 0 1 0 1 1 1 0 1 1 1 0 0 0 0 0 0 0 0 1 1]"
18,0.9950837143748907,"[1 1 1 1 1 1 1 1 1 1 0 1 1 1 1 1 1 0 1 1 0 1 0 1 1 0 0 0 1 0 0 1 0 1 1 0 1 0 0 0]"
18,0.9947052659760861,"[1 1 1 1 1 1 1 1 1 1 0 1 1 1 0 1 0 0 1 1 0 1 1 1 1 0 1 0 1 1 0 0 1 0 0 0 1 0 1 0]"
18,0.9942577463616898,"[1 1 1 1 1 1 1 1 1 1 0 1 1 0 1 0 0 1 0 0 0 1 0 1 0 0 0 1 1 1 0 0 1 0 1 0 1 0 1 0]"
18,0.9564597398325004,"[1 1 1 1 1 1 1 0 1 1 0 1 1 1 0 0 1 1 1 0 0 1 1 1 1 0 0 0 1 1 1 1 1 0 1 1 1 0 1 0]"
18,0.9950096949376659,"[1 1 1 1 1 1 1 1 1 1 0 1 1 1 1 1 0 0 1 1 1 0 0 0 1 1 0 0 1 0 1 1 1 1 1 0 1 0 0 0]"
18,0.2615650306084503,"[1 1 0 1 1 1 1 1 1 1 0 1 1 1 1 0 1 1 1 1 1 1 0 1 0 0 0 0 1 0 1 0 0 1 0 0 1 1 0 0]"
18,0.9997598558619976,"[1 1 1 1 1 1 1 1 1 1 1 1 1 1 1 0 0 1 1 0 1 1 0 1 0 0 0 0 1 1 1 1 1 0 1 1 1 0 1 0]"
18,0.0009617529988675121,"[0 1 1 1 1 1 1 1 1 1 0 0 1 1 0 1 1 1 1 1 0 1 1 1 0 0 0 1 0 1 0 0 0 1 1 0 0 0 1 1]"
18,0.2586291381396955,"[1 1 0 1 1 1 1 1 1 0 0 1 1 1 1 0 0 1 0 1 0 1 0 1 0 1 0 1 1 1 0 0 1 0 0 0 1 0 1 1]"
18,0.9194884018845584,"[1 1 1 1 1 1 0 1 1 1 0 1 1 1 0 0 0 0 1 1 0 1 0 1 0 0 0 0 1 0 0 0 0 1 1 0 1 1 0 0]"
18,0.9946471023869203,"[1 1 1 1 1 1 1 1 1 1 0 1 1 1 0 0 1 1 0 1 0 1 0 1 1 0 0 1 1 1 1 1 0 0 1 0 1 0 1 0]"
18,0.9852073606773709,"[1 1 1 1 1 1 1 1 1 0 0 1 1 1 1 0 0 1 1 0 0 1 1 1 0 1 0 0 1 1 0 0 1 0 1 1 1 0 1 0]"
18,0.9848960703543751,"[1 1 1 1 1 1 1 1 1 0 0 1 1 1 0 0 0 1 0 1 0 1 0 1 1 1 1 0 1 0 0 1 1 1 1 0 1 1 1 0]"
18,0.9948890894812434,"[1 1 1 1 1 1 1 1 1 1 0 1 1 1 1 0 0 1 1 0 1 1 0 1 1 0 0 0 0 1 1 1 1 0 1 0 1 0 1 0]"
18,0.9947228036181583,"[1 1 1 1 1 1 1 1 1 1 0 1 1 1 0 1 0 1 0 1 0 1 0 1 0 0 1 1 1 1 0 0 1 1 1 0 1 0 1 0]"
18,0.994542361750984,"[1 1 1 1 1 1 1 1 1 1 0 1 1 1 0 0 0 0 1 0 0 1 0 1 0 0 0 0 1 0 0 1 0 1 1 0 1 1 1 0]"
18,0.9946088082077984,"[1 1 1 1 1 1 1 1 1 1 0 1 1 1 0 0 1 0 0 1 0 1 0 1 0 0 0 1 0 0 0 0 0 0 0 0 0 0 1 1]"
18,0.9950265707473636,"[1 1 1 1 1 1 1 1 1 1 0 1 1 1 1 1 0 1 0 1 0 1 0 1 0 0 1 1 1 1 0 0 1 0 1 0 1 0 1 0]"
18,0.04968663490308079,"[1 0 1 1 1 1 0 1 1 0 0 1 1 1 0 0 0 1 1 1 0 1 0 1 1 1 0 0 1 1 0 0 1 1 1 0 1 0 1 0]"
18,0.9753904654355516,"[1 1 1 1 1 1 1 1 0 1 0 1 1 1 0 0 1 1 1 0 0 1 1 1 1 0 0 0 1 1 1 1 1 0 1 1 1 0 1 0]"
18,0.5214927583439674,"[1 1 1 0 1 1 1 1 1 1 0 1 1 1 0 1 0 0 1 0 0 1 0 1 0 0 0 0 1 0 0 0 0 1 1 0 1 1 1 0]"
18,0.9949362642969792,"[1 1 1 1 1 1 1 1 1 1 0 1 1 1 1 0 1 0 1 1 1 1 0 1 0 0 0 0 1 0 1 0 0 1 0 1 0 0 0 0]"
18,0.5201946171815969,"[1 1 1 0 1 1 1 1 1 1 0 0 1 1 0 1 1 1 0 1 0 1 1 1 1 0 0 1 0 0 0 0 1 1 1 0 0 0 1 0]"
18,0.9849148844935129,"[1 1 1 1 1 1 1 1 1 0 0 1 1 1 0 0 0 1 1 1 0 1 0 1 1 1 1 0 1 0 0 1 1 1 1 0 1 0 1 0]"
18,0.9971340602260514,"[1 1 1 1 1 1 1 1 1 1 1 0 1 1 0 1 0 0 1 1 0 0 0 1 1 0 0 0 1 0 0 1 1 1 1 0 0 0 0 0]"
18,0.9945508571193661,"[1 1 1 1 1 1 1 1 1 1 0 1 1 1 0 0 0 0 1 1 0 0 1 1 0 1 0 1 1 1 0 0 0 0 1 0 1 0 1 0]"
18,0.0009660222927284366,"[0 1 1 1 1 1 1 1 1 1 0 1 1 1 0 0 0 1 1 1 0 1 0 1 1 1 0 0 0 0 0 0 1 1 1 0 0 0 1 0]"
18,0.7239074114234748,"[1 1 1 1 0 1 1 1 1 1 0 1 1 1 0 0 0 1 1 0 1 1 0 1 0 0 0 1 1 1 0 1 1 1 1 1 1 0 1 0]"
18,0.9755862993885082,"[1 1 1 1 1 1 1 1 0 1 0 1 1 1 1 0 0 0 1 1 0 1 1 1 1 0 0 0 1 0 0 1 1 0 0 0 1 0 0 0]"
18,0.9947016994901946,"[1 1 1 1 1 1 1 1 1 1 0 1 1 1 0 1 0 0 1 1 0 0 0 1 1 0 1 0 1 0 0 1 0 1 1 0 1 0 0 0]"
18,0.9416713239612778,"[1 1 1 1 1 1 1 0 0 1 1 1 0 1 1 1 0 1 0 1 0 0 0 1 0 0 0 0 0 1 1 0 1 1 1 0 1 0 0 0]"
18,0.9946182811203784,"[1 1 1 1 1 1 1 1 1 1 0 1 1 1 0 0 1 0 1 0 0 1 0 1 0 0 0 0 1 0 0 0 0 1 1 0 1 1 0 0]"
18,0.994552148186059,"[1 1 1 1 1 1 1 1 1 1 0 1 1 1 0 0 0 0 1 1 0 1 0 1 1 0 0 0 1 0 0 1 0 1 1 0 1 0 0 0]"
18,0.9950406890576204,"[1 1 1 1 1 1 1 1 1 1 0 1 1 1 1 1 0 1 1 0 1 1 0 1 0 0 0 0 0 1 1 1 1 0 1 0 1 0 1 0]"
18,0.0009666032228968069,"[0 1 1 1 1 1 1 1 1 1 0 1 1 1 1 0 0 1 1 0 1 1 0 1 1 0 0 0 0 1 1 1 1 0 1 0 1 0 1 0]"
18,0.0009662434107003853,"[0 1 1 1 1 1 1 1 1 1 0 1 1 1 0 1 0 0 1 1 0 1 0 1 1 0 0 0 1 0 0 1 0 1 1 0 1 0 0 0]"
18,0.9946837245467849,"[1 1 1 1 1 1 1 1 1 1 0 1 1 1 0 1 0 0 0 1 0 0 1 1 0 1 0 1 1 1 0 0 0 0 1 0 1 0 1 0]"
18,0.994889089626093,"[1 1 1 1 1 1 1 1 1 1 0 1 1 1 1 0 0 1 1 0 1 1 0 1 1 0 0 0 0 1 1 1 1 0 1 1 1 0 1 0]"
18,0.2614580811906508,"[1 1 0 1 1 1 1 1 1 1 0 1 1 1 0 0 1 0 1 0 0 1 0 1 0 0 0 0 1 0 0 0 0 1 1 0 1 1 1 0]"
18,0.0009271223887519085,"[0 1 1 1 1 1 1 1 0 1 0 1 0 1 1 0 0 0 1 1 0 0 1 1 1 0 0 0 1 0 0 1 1 0 0 0 1 0 0 0]"
18,0.9946325236821738,"[1 1 1 1 1 1 1 1 1 1 0 1 1 1 0 0 1 0 1 1 1 1 0 1 0 0 0 0 1 0 1 1 0 1 0 0 1 1 0 0]"
18,0.7239430369918545,"[1 1 1 1 0 1 1 1 1 1 0 1 1 1 0 0 1 0 1 1 1 1 0 1 0 0 0 0 1 1 1 0 0 1 0 0 1 1 0 0]"
18,0.5216281282757236,"[1 1 1 0 1 1 1 1 1 1 0 1 1 1 1 0 1 0 1 1 1 1 0 1 0 0 0 0 1 0 1 0 0 1 0 0 1 1 0 0]"
18,0.9852954641087586,"[1 1 1 1 1 1 1 1 1 0 0 1 1 1 1 0 1 1 1 1 1 1 0 1 0 0 0 1 1 0 1 0 0 1 0 0 1 0 0 0]"
18,0.9948888120942576,"[1 1 1 1 1 1 1 1 1 1 0 1 1 1 1 0 0 1 1 0 1 1 0 1 0 0 0 0 1 1 1 1 1 1 1 1 1 0 1 0]"
18,0.9923500014380607,"[1 1 1 1 1 1 1 1 1 1 0 0 1 1 0 1 1 0 1 1 0 0 0 1 0 0 0 0 1 0 0 0 1 0 1 0 1 1 1 0]"
18,0.9947037003950945,"[1 1 1 1 1 1 1 1 1 1 0 1 1 1 0 1 0 0 1 1 0 1 0 1 0 0 0 0 1 0 0 0 1 1 1 0 1 0 0 0]"
18,0.05552146289273681,"[1 0 1 1 1 1 1 1 1 0 1 1 1 0 1 0 0 1 1 0 1 1 0 1 0 0 0 0 1 1 1 1 1 0 1 1 1 0 1 0]"
18,0.9840121278011631,"[1 1 1 1 1 1 1 1 1 0 0 1 0 1 1 0 0 1 1 1 0 1 0 1 1 1 0 1 1 0 0 0 0 0 0 0 0 1 0 1]"
18,0.9194707508845611,"[1 1 1 1 1 1 0 1 1 1 0 1 1 1 0 0 0 0 0 1 0 1 0 1 0 0 0 1 1 0 0 0 0 1 1 0 1 0 1 0]"
19,0.9948891603127094,"[1 1 1 1 1 1 1 1 1 1 0 1 1 1 1 0 0 1 1 0 1 1 0 1 1 0 1 0 0 1 1 0 0 0 1 1 1 0 1 0]"
19,0.0009480330302816911,"[0 1 1 1 1 1 1 1 1 0 0 1 1 1 1 0 1 1 1 1 1 1 0 1 0 0 0 1 1 0 1 1 1 1 0 0 1 0 0 0]"
19,0.9948746810938357,"[1 1 1 1 1 1 1 1 1 1 0 1 1 1 1 0 0 1 0 1 0 1 0 1 0 0 1 1 1 1 1 0 1 0 1 0 1 0 1 0]"
19,0.9999124212492402,"[1 1 1 1 1 1 1 1 1 1 1 1 1 1 1 1 0 1 1 0 1 1 0 1 0 0 0 0 1 1 1 1 1 0 1 1 1 0 1 0]"
19,0.0008252794595443068,"[0 1 1 1 1 1 0 1 1 1 0 1 1 1 0 1 0 0 0 1 0 0 1 1 0 1 0 1 1 1 0 0 0 0 1 0 1 0 1 0]"
19,0.9564836755576231,"[1 1 1 1 1 1 1 0 1 1 0 1 1 1 0 1 0 0 0 1 0 0 0 1 0 1 0 1 1 1 0 0 0 0 1 0 1 0 1 0]"
19,0.9924612919437961,"[1 1 1 1 1 1 1 1 1 1 0 0 1 1 1 0 0 1 1 0 1 1 0 1 0 0 0 0 1 0 0 0 1 0 1 0 1 0 1 0]"
19,0.9946185753827367,"[1 1 1 1 1 1 1 1 1 1 0 1 1 1 0 0 1 0 1 0 0 1 0 1 1 0 0 0 0 1 1 1 0 1 1 0 1 1 0 0]"
19,0.9852766433908923,"[1 1 1 1 1 1 1 1 1 0 0 1 1 1 1 0 1 1 0 1 1 1 0 1 0 0 0 1 1 0 1 0 0 1 0 0 1 0 0 0]"
19,0.9900391367909107,"[1 1 1 1 1 1 1 1 1 0 1 1 1 1 1 0 0 1 1 0 1 1 0 1 0 0 0 0 1 1 1 1 1 0 0 1 1 0 1 0]"
19,0.9950311949319025,"[1 1 1 1 1 1 1 1 1 1 0 1 1 1 1 1 0 1 0 1 1 1 0 1 0 0 0 0 0 1 1 1 1 0 1 0 1 0 1 0]"
19,0.03653927264358837,"[1 0 1 1 0 1 1 1 1 1 0 1 1 1 1 1 0 1 0 0 0 1 0 1 0 0 1 1 1 1 1 0 1 1 1 0 1 0 1 0]"
19,0.2615992553448404,"[1 1 0 1 1 1 1 1 1 1 0 1 1 1 1 1 1 0 1 1 1 1 0 1 0 0 0 0 0 0 0 0 0 1 0 0 1 0 0 0]"
19,0.9948935468208144,"[1 1 1 1 1 1 1 1 1 1 0 1 1 1 1 0 0 1 1 1 0 1 0 1 0 0 0 0 1 0 1 0 1 1 1 0 1 1 0 0]"
19,0.9950645289644449,"[1 1 1 1 1 1 1 1 1 1 0 1 1 1 1 1 1 0 0 1 0 1 0 1 0 0 1 1 0 1 0 0 1 0 1 0 0 0 1 0]"
19,0.9945329068474219,"[1 1 1 1 1 1 1 1 1 1 0 1 1 1 0 0 0 0 0 1 0 1 0 1 0 0 0 1 1 0 0 0 1 0 0 0 0 0 1 1]"
19,0.994884053361159,"[1 1 1 1 1 1 1 1 1 1 0 1 1 1 1 0 0 1 1 0 0 1 0 1 0 0 0 0 1 0 1 0 1 0 1 0 1 0 1 0]"
19,0.994623317188156,"[1 1 1 1 1 1 1 1 1 1 0 1 1 1 0 0 1 0 1 0 1 1 0 1 1 0 0 0 0 1 0 1 1 1 1 0 1 1 0 0]"
19,0.72390738344789,"[1 1 1 1 0 1 1 1 1 1 0 1 1 1 0 0 0 1 1 0 1 1 0 1 0 0 0 0 1 1 0 1 1 1 1 0 1 0 0 0]"
19,0.2557815260727241,"[1 1 0 1 1 1 1 1 0 1 0 1 1 1 1 0 1 1 1 1 1 1 0 1 0 0 0 0 1 0 0 0 0 1 0 1 1 1 0 0]"
19,0.9946182811203784,"[1 1 1 1 1 1 1 1 1 1 0 1 1 1 0 0 1 0 1 0 0 1 0 1 0 0 0 0 1 0 0 0 0 1 1 0 1 1 0 0]"
19,0.9950096949376659,"[1 1 1 1 1 1 1 1 1 1 0 1 1 1 1 1 0 0 1 1 1 0 0 0 1 1 0 0 1 0 1 1 1 1 1 0 1 0 0 0]"
19,0.5210072870899165,"[1 1 1 0 1 1 1 1 1 1 0 1 0 1 1 1 0 1 1 0 1 1 0 1 0 0 0 0 0 1 1 1 1 0 1 0 1 0 1 0]"
19,0.9567286152481507,"[1 1 1 1 1 1 1 0 1 1 0 1 1 1 1 0 1 0 1 1 1 1 0 1 0 0 0 0 1 0 1 0 0 1 0 1 0 0 0 0]"
19,0.9946471023688181,"[1 1 1 1 1 1 1 1 1 1 0 1 1 1 0 0 1 1 0 1 0 1 0 1 1 0 0 1 1 1 1 1 0 0 1 0 1 0 0 0]"
19,0.9945566010174562,"[1 1 1 1 1 1 1 1 1 1 0 1 1 1 0 0 0 0 1 1 1 1 0 1 0 0 0 0 1 0 1 1 0 1 0 0 1 1 1 0]"
19,0.9948840656733206,"[1 1 1 1 1 1 1 1 1 1 0 1 1 1 1 0 0 1 1 0 0 1 0 1 0 0 0 0 1 1 1 1 1 1 1 1 1 0 1 0]"
19,0.9948890894812434,"[1 1 1 1 1 1 1 1 1 1 0 1 1 1 1 0 0 1 1 0 1 1 0 1 1 0 0 0 0 1 1 1 1 0 1 0 1 0 1 0]"
19,0.9948403388096588,"[1 1 1 1 1 1 1 1 1 1 0 1 1 1 1 0 0 0 0 1 1 0 1 1 0 1 0 1 1 1 0 0 0 0 1 0 1 0 1 0]"
19,0.9948884962135752,"[1 1 1 1 1 1 1 1 1 1 0 1 1 1 1 0 0 1 1 0 1 1 0 0 1 0 0 0 0 1 1 1 1 0 1 0 1 1 1 0]"
19,0.9753904654355516,"[1 1 1 1 1 1 1 1 0 1 0 1 1 1 0 0 1 1 1 0 0 1 1 1 1 0 0 0 1 1 1 1 1 0 1 1 1 0 1 0]"
19,0.9194972792875753,"[1 1 1 1 1 1 0 1 1 1 0 1 1 1 0 0 0 1 0 0 0 1 0 1 0 0 0 1 1 0 0 0 0 1 1 0 1 0 1 0]"
19,0.0009666216705719067,"[0 1 1 1 1 1 1 1 1 1 0 1 1 1 1 0 0 1 1 1 1 1 0 1 1 0 0 0 0 1 0 1 1 1 1 0 1 0 1 0]"
19,0.9950742239361707,"[1 1 1 1 1 1 1 1 1 1 0 1 1 1 1 1 1 0 1 0 0 1 0 1 1 0 0 0 1 0 1 1 0 0 1 0 1 0 0 0]"
19,0.9972098599172083,"[1 1 1 1 1 1 1 1 1 1 1 0 1 1 0 1 1 0 1 1 0 0 0 1 0 0 0 0 1 0 0 0 1 0 1 0 1 1 1 0]"
19,0.9194884018845584,"[1 1 1 1 1 1 0 1 1 1 0 1 1 1 0 0 0 0 1 1 0 1 0 1 0 0 0 0 1 0 0 0 0 1 1 0 1 1 0 0]"
19,0.8498964408638309,"[1 1 1 1 1 0 1 1 1 1 0 1 1 1 1 0 1 0 1 1 1 1 0 1 0 0 0 0 1 0 1 0 0 1 0 1 1 0 0 0]"
19,0.9946325236821738,"[1 1 1 1 1 1 1 1 1 1 0 1 1 1 0 0 1 0 1 1 1 1 0 1 0 0 0 0 1 0 1 1 0 1 0 0 1 1 0 0]"
19,0.956394643823677,"[1 1 1 1 1 1 1 0 1 1 0 1 1 1 0 0 0 1 1 1 0 1 0 1 1 1 1 0 0 0 0 1 0 1 1 0 1 0 1 0]"
19,0.9950406890576204,"[1 1 1 1 1 1 1 1 1 1 0 1 1 1 1 1 0 1 1 0 1 1 0 1 0 0 0 0 0 1 1 1 1 0 1 0 1 0 1 0]"
19,0.9196476987624946,"[1 1 1 1 1 1 0 1 1 1 0 1 1 1 0 1 0 1 0 1 0 1 0 1 0 0 1 1 1 1 0 0 1 1 1 0 1 1 1 0]"
19,0.724281816475758,"[1 1 1 1 0 1 1 1 1 1 0 1 1 1 1 1 1 0 1 1 0 1 0 1 0 0 0 0 1 1 0 1 0 1 1 0 1 0 0 0]"
19,0.994860652372298,"[1 1 1 1 1 1 1 1 1 1 0 1 1 1 1 0 0 0 1 1 1 1 0 1 1 0 0 1 1 0 0 1 0 1 1 0 1 0 0 0]"
19,0.9948843436385113,"[1 1 1 1 1 1 1 1 1 1 0 1 1 1 1 0 0 1 1 0 0 1 0 1 1 0 0 0 0 1 1 1 1 1 1 0 1 0 1 0]"
19,0.9950406890576204,"[1 1 1 1 1 1 1 1 1 1 0 1 1 1 1 1 0 1 1 0 1 1 0 1 0 0 0 0 0 1 1 1 1 0 1 0 1 0 1 0]"
19,0.9947016994901946,"[1 1 1 1 1 1 1 1 1 1 0 1 1 1 0 1 0 0 1 1 0 0 0 1 1 0 1 0 1 0 0 1 0 1 1 0 1 0 0 0]"
19,0.9016392060031163,"[1 1 1 1 1 1 0 1 0 1 0 1 1 1 0 0 1 1 1 0 1 1 1 1 1 0 0 0 0 1 1 1 1 1 1 1 1 0 1 0]"
19,0.994552148186059,"[1 1 1 1 1 1 1 1 1 1 0 1 1 1 0 0 0 0 1 1 0 1 0 1 1 0 0 0 1 0 0 1 0 1 1 0 1 0 0 0]"
19,0.05593005752853603,"[1 0 1 1 1 1 1 1 1 1 0 1 1 1 1 0 0 1 1 0 1 1 0 1 1 0 0 0 0 0 1 1 1 0 1 1 1 0 1 0]"
19,0.9945502639970236,"[1 1 1 1 1 1 1 1 1 1 0 1 1 1 0 0 0 0 1 1 0 0 1 0 0 1 0 1 1 1 0 0 0 0 1 0 1 0 1 0]"
20,0.9945312842501507,"[1 1 1 1 1 1 1 1 1 1 0 1 1 1 0 0 0 0 0 1 0 0 1 0 0 1 0 1 1 1 0 0 0 0 1 0 1 0 1 0]"
20,0.9948887928292633,"[1 1 1 1 1 1 1 1 1 1 0 1 1 1 1 0 0 1 1 0 1 1 0 1 0 0 0 0 0 1 1 1 1 0 1 0 1 0 1 0]"
20,0.9566783671356631,"[1 1 1 1 1 1 1 0 1 1 0 1 1 1 1 0 0 1 1 0 0 1 0 1 0 1 0 0 1 1 1 1 1 1 0 1 1 0 1 0]"
20,0.9946325236821738,"[1 1 1 1 1 1 1 1 1 1 0 1 1 1 0 0 1 0 1 1 1 1 0 1 0 0 0 0 1 0 1 1 0 1 0 0 1 1 0 0]"
20,0.9756178345050038,"[1 1 1 1 1 1 1 1 0 1 0 1 1 1 1 0 0 1 1 0 1 1 0 1 1 0 1 0 0 0 1 0 0 0 1 1 1 0 1 0]"
20,0.9950645291817538,"[1 1 1 1 1 1 1 1 1 1 0 1 1 1 1 1 1 0 0 1 0 1 0 1 0 0 1 1 0 1 0 0 1 0 1 1 1 0 1 0]"
20,0.9756935609715244,"[1 1 1 1 1 1 1 1 0 1 0 1 1 1 1 0 1 1 1 0 1 1 1 1 1 0 0 0 0 1 1 1 1 1 1 1 1 0 1 0]"
20,0.9173903833046874,"[1 1 1 1 1 1 0 1 1 1 0 0 1 1 0 1 0 1 0 1 1 1 0 1 0 0 0 0 0 1 1 1 1 0 1 0 1 0 1 0]"
20,0.9998730865627986,"[1 1 1 1 1 1 1 1 1 1 1 1 1 1 1 1 0 0 1 0 1 0 1 1 0 0 0 0 1 1 1 1 1 1 1 1 1 0 1 0]"
20,0.993376017545029,"[1 1 1 1 1 1 1 1 1 1 0 1 0 1 0 0 0 1 1 1 0 1 0 1 1 0 0 0 1 0 0 1 0 0 1 0 1 0 0 0]"
20,0.9948935468208144,"[1 1 1 1 1 1 1 1 1 1 0 1 1 1 1 0 0 1 1 1 0 1 0 1 0 0 0 0 1 0 1 0 1 1 1 0 1 1 0 0]"
20,0.9946182811294293,"[1 1 1 1 1 1 1 1 1 1 0 1 1 1 0 0 1 0 1 0 0 1 0 1 0 0 0 0 1 0 0 0 0 1 1 0 1 1 0 1]"
20,0.9948884962135752,"[1 1 1 1 1 1 1 1 1 1 0 1 1 1 1 0 0 1 1 0 1 1 0 0 1 0 0 0 0 1 1 1 1 0 1 0 1 1 1 0]"
20,0.9948843436475644,"[1 1 1 1 1 1 1 1 1 1 0 1 1 1 1 0 0 1 1 0 0 1 0 1 1 0 0 0 0 1 1 1 1 1 1 0 1 0 1 1]"
20,0.9948891556775213,"[1 1 1 1 1 1 1 1 1 1 0 1 1 1 1 0 0 1 1 0 1 1 0 1 1 0 1 0 0 1 0 0 0 0 1 1 1 0 1 0]"
20,0.956394643823677,"[1 1 1 1 1 1 1 0 1 1 0 1 1 1 0 0 0 1 1 1 0 1 0 1 1 1 1 0 0 0 0 1 0 1 1 0 1 0 1 0]"
20,0.9947516143222759,"[1 1 1 1 1 1 1 1 1 1 0 1 1 1 0 1 1 0 0 0 0 1 0 1 1 1 0 0 1 1 0 1 1 1 1 0 1 1 0 0]"
20,0.9540165397255428,"[1 1 1 1 1 1 1 0 1 1 0 0 1 1 0 0 0 0 1 1 1 0 0 0 0 0 0 1 0 1 0 0 0 0 1 0 1 0 1 0]"
20,0.9948947334343154,"[1 1 1 1 1 1 1 1 1 1 0 1 1 1 1 0 0 1 1 1 0 1 1 1 0 0 0 0 1 0 1 0 1 1 1 0 1 1 0 0]"
20,0.9999028665283684,"[1 1 1 1 1 1 1 1 1 1 1 1 1 1 1 1 0 1 0 1 1 1 0 1 0 0 0 0 0 1 1 1 1 0 1 0 1 0 1 0]"
20,0.9950359414050949,"[1 1 1 1 1 1 1 1 1 1 0 1 1 1 1 1 0 1 1 0 0 1 0 1 0 0 0 0 0 1 1 1 0 1 1 0 1 0 1 0]"
20,0.9924612919437961,"[1 1 1 1 1 1 1 1 1 1 0 0 1 1 1 0 0 1 1 0 1 1 0 1 0 0 0 0 1 0 0 0 1 0 1 0 1 0 1 0]"
20,0.05590688848903248,"[1 0 1 1 1 1 1 1 1 1 0 1 1 1 0 0 0 1 1 0 0 1 0 0 1 0 0 0 0 1 1 0 1 0 1 0 1 0 1 0]"
20,0.9948581025262472,"[1 1 1 1 1 1 1 1 1 1 0 1 1 1 1 0 0 0 1 1 1 0 0 1 0 1 0 0 1 1 0 1 0 0 1 0 1 0 1 0]"
20,0.9566831603752272,"[1 1 1 1 1 1 1 0 1 1 0 1 1 1 1 0 0 1 1 0 1 1 0 1 1 0 1 0 1 1 1 0 0 0 1 1 1 1 1 0]"
20,0.9949365959443844,"[1 1 1 1 1 1 1 1 1 1 0 1 1 1 1 0 1 0 1 1 1 1 0 1 1 0 0 1 1 0 0 1 0 1 1 0 1 0 0 0]"
20,0.9948840656733206,"[1 1 1 1 1 1 1 1 1 1 0 1 1 1 1 0 0 1 1 0 0 1 0 1 0 0 0 0 1 1 1 1 1 1 1 1 1 0 1 0]"
20,0.997438189283171,"[1 1 1 1 1 1 1 1 1 1 1 0 1 1 1 1 0 0 1 1 0 0 0 1 0 0 0 0 1 0 0 0 0 0 1 0 1 1 1 0]"
20,0.9946325607550703,"[1 1 1 1 1 1 1 1 1 1 0 1 1 1 0 0 1 0 1 1 1 1 0 1 0 0 0 1 1 0 1 1 0 1 0 0 1 1 0 0]"
20,0.987511469233099,"[1 1 1 1 1 1 1 1 1 0 1 0 1 1 0 1 1 0 1 1 0 0 0 1 0 0 0 0 1 0 0 0 1 0 1 0 1 1 1 0]"
20,0.9999124212492402,"[1 1 1 1 1 1 1 1 1 1 1 1 1 1 1 1 0 1 1 0 1 1 0 1 0 0 0 0 1 1 1 1 1 0 1 1 1 0 1 0]"
20,0.18180393780805992,"[1 1 0 1 0 1 1 1 1 1 0 1 1 1 1 1 1 0 1 1 1 1 0 1 0 0 0 0 0 0 0 0 0 1 0 0 1 0 0 0]"
20,0.994623317188156,"[1 1 1 1 1 1 1 1 1 1 0 1 1 1 0 0 1 0 1 0 1 1 0 1 1 0 0 0 0 1 0 1 1 1 1 0 1 1 0 0]"
20,0.9378364110948267,"[1 1 1 1 1 1 1 0 0 1 0 1 1 1 0 0 1 0 1 1 1 1 0 1 0 0 0 0 1 0 1 1 0 1 0 1 0 1 0 0]"
20,0.9948867788244286,"[1 1 1 1 1 1 1 1 1 1 0 1 1 1 1 0 0 1 1 0 1 0 0 1 1 0 1 0 0 0 1 0 1 0 1 0 1 0 0 0]"
20,0.9924660414383105,"[1 1 1 1 1 1 1 1 1 1 0 0 1 1 1 0 0 1 1 1 0 1 0 1 0 0 0 0 1 1 1 0 0 1 1 1 1 1 1 0]"
20,0.9950409857503628,"[1 1 1 1 1 1 1 1 1 1 0 1 1 1 1 1 0 1 1 0 1 1 0 1 1 0 0 0 0 1 1 1 1 0 1 0 1 0 1 0]"
20,0.8498552456417241,"[1 1 1 1 1 0 1 1 1 1 0 1 1 1 1 0 0 1 1 0 1 1 0 1 0 0 0 0 0 1 1 1 1 0 1 0 1 0 1 0]"
20,9.348824332835688e-07,"[0 0 1 1 1 1 1 1 1 1 0 1 1 1 1 1 0 1 1 0 1 1 0 1 0 0 0 0 0 1 1 1 1 0 1 0 1 0 1 0]"
20,0.9900391367909107,"[1 1 1 1 1 1 1 1 1 0 1 1 1 1 1 0 0 1 1 0 1 1 0 1 0 0 0 0 1 1 1 1 1 0 0 1 1 0 1 0]"
20,0.9948745611780269,"[1 1 1 1 1 1 1 1 1 1 0 1 1 1 1 0 0 1 0 1 0 1 0 1 0 0 0 0 1 0 1 0 1 1 1 0 1 1 0 0]"
20,0.9948891603127094,"[1 1 1 1 1 1 1 1 1 1 0 1 1 1 1 0 0 1 1 0 1 1 0 1 1 0 1 0 0 1 1 0 0 0 1 1 1 0 1 0]"
20,0.9947016994901946,"[1 1 1 1 1 1 1 1 1 1 0 1 1 1 0 1 0 0 1 1 0 0 0 1 1 0 1 0 1 0 0 1 0 1 1 0 1 0 0 0]"
20,0.994094426043559,"[1 1 1 1 1 1 1 1 1 1 0 1 1 0 0 1 0 0 1 1 0 0 0 1 1 0 1 0 1 0 0 1 0 1 1 0 1 0 0 0]"
20,0.9948891069899413,"[1 1 1 1 1 1 1 1 1 1 0 1 1 1 1 0 0 1 1 0 1 1 0 1 1 0 0 0 1 1 1 1 0 0 1 1 1 0 0 0]"
20,0.9950742958117257,"[1 1 1 1 1 1 1 1 1 1 0 1 1 1 1 1 1 0 1 0 0 1 0 1 1 0 1 0 1 0 1 0 0 0 1 0 1 0 1 0]"
20,0.9945518560229664,"[1 1 1 1 1 1 1 1 1 1 0 1 1 1 0 0 0 0 1 1 0 1 0 1 0 0 0 0 1 0 1 1 0 1 0 0 1 1 1 0]"
20,0.26145808118521213,"[1 1 0 1 1 1 1 1 1 1 0 1 1 1 0 0 1 0 1 0 0 1 0 1 0 0 0 0 1 0 0 0 0 1 1 0 1 1 0 0]"
20,0.0009281850534447749,"[0 1 1 1 1 1 1 1 0 1 0 1 1 0 0 1 1 1 1 0 1 1 1 1 1 0 0 0 1 1 1 1 1 0 1 1 1 0 1 0]"
20,0.9999124212492402,"[1 1 1 1 1 1 1 1 1 1 1 1 1 1 1 1 0 1 1 0 1 1 0 1 0 0 0 0 1 1 1 1 1 0 1 1 1 0 1 0]"
21,0.9950742958117257,"[1 1 1 1 1 1 1 1 1 1 0 1 1 1 1 1 1 0 1 0 0 1 0 1 1 0 1 0 1 0 1 0 0 0 1 0 1 0 1 0]"
21,0.9948962718548323,"[1 1 1 1 1 1 1 1 1 1 0 1 1 1 1 0 0 1 1 1 1 0 0 1 1 0 1 0 0 0 1 0 1 0 1 1 1 0 0 0]"
21,0.9996220542587312,"[1 1 1 1 1 1 1 1 1 1 1 1 1 1 0 1 1 0 0 0 0 1 0 1 1 1 0 0 1 1 0 1 1 1 1 0 1 1 0 0]"
21,0.9949644416985877,"[1 1 1 1 1 1 1 1 1 1 0 1 1 1 1 0 1 1 1 0 1 1 0 0 1 0 0 0 0 1 1 1 1 0 1 0 1 1 1 0]"
21,0.7241358508284675,"[1 1 1 1 0 1 1 1 1 1 0 1 1 1 1 0 0 1 1 0 1 1 0 1 1 0 1 0 0 1 0 0 0 0 1 1 1 0 0 0]"
21,0.723866971684725,"[1 1 1 1 0 1 1 1 1 1 0 1 1 1 0 0 0 0 0 1 0 0 1 0 0 1 0 1 1 1 1 1 0 0 1 0 1 0 1 0]"
21,0.9949377826222028,"[1 1 1 1 1 1 1 1 1 1 0 1 1 1 1 0 1 0 1 1 1 1 1 1 1 0 0 1 1 0 0 1 0 1 1 0 1 0 1 0]"
21,0.9993022859761433,"[1 1 1 1 1 1 1 1 1 1 1 1 1 0 1 1 0 1 1 0 1 1 0 1 0 0 0 0 1 1 1 1 1 1 1 1 1 0 1 0]"
21,0.9947016994901946,"[1 1 1 1 1 1 1 1 1 1 0 1 1 1 0 1 0 0 1 1 0 0 0 1 1 0 1 0 1 0 0 1 0 1 1 0 1 0 0 0]"
21,0.9948745611780269,"[1 1 1 1 1 1 1 1 1 1 0 1 1 1 1 0 0 1 0 1 0 1 0 1 0 0 0 0 1 0 1 0 1 1 1 0 1 1 0 0]"
21,0.9948843322044937,"[1 1 1 1 1 1 1 1 1 1 0 1 1 1 1 0 0 1 1 0 0 1 0 1 1 0 0 0 0 0 1 0 1 1 1 1 1 0 1 1]"
21,0.9948935954904837,"[1 1 1 1 1 1 1 1 1 1 0 1 1 1 1 0 0 1 1 1 0 1 0 1 0 0 0 1 1 1 1 1 1 1 1 0 1 1 0 0]"
21,0.9998730865627986,"[1 1 1 1 1 1 1 1 1 1 1 1 1 1 1 1 0 0 1 0 1 0 1 1 0 0 0 0 1 1 1 1 1 1 1 1 1 0 1 0]"
21,0.9948843436475644,"[1 1 1 1 1 1 1 1 1 1 0 1 1 1 1 0 0 1 1 0 0 1 0 1 1 0 0 0 0 1 1 1 1 1 1 0 1 0 1 1]"
21,0.9756178345050038,"[1 1 1 1 1 1 1 1 0 1 0 1 1 1 1 0 0 1 1 0 1 1 0 1 1 0 1 0 0 0 1 0 0 0 1 1 1 0 1 0]"
21,0.2615835702776603,"[1 1 0 1 1 1 1 1 1 1 0 1 1 1 1 1 0 1 1 0 0 1 0 1 0 0 0 0 0 1 1 1 0 1 1 0 1 0 1 0]"
21,0.9948840656733206,"[1 1 1 1 1 1 1 1 1 1 0 1 1 1 1 0 0 1 1 0 0 1 0 1 0 0 0 0 1 1 1 1 1 1 1 1 1 0 1 0]"
21,0.9950645291817538,"[1 1 1 1 1 1 1 1 1 1 0 1 1 1 1 1 1 0 0 1 0 1 0 1 0 0 1 1 0 1 0 0 1 0 1 1 1 0 1 0]"
21,0.9948843436475644,"[1 1 1 1 1 1 1 1 1 1 0 1 1 1 1 0 0 1 1 0 0 1 0 1 1 0 0 0 0 1 1 1 1 1 1 0 1 0 1 1]"
21,0.9947515957838305,"[1 1 1 1 1 1 1 1 1 1 0 1 1 1 0 1 1 0 0 0 0 1 0 1 1 1 0 0 0 1 0 1 1 1 1 0 1 1 0 0]"
21,0.9999791564232168,"[1 1 1 1 1 1 1 1 1 1 1 1 1 1 1 1 1 1 0 1 1 1 0 1 0 0 0 0 0 1 1 1 1 0 1 0 1 0 1 0]"
21,0.9950742958117257,"[1 1 1 1 1 1 1 1 1 1 0 1 1 1 1 1 1 0 1 0 0 1 0 1 1 0 1 0 1 0 1 0 0 0 1 0 1 0 1 0]"
21,0.0007107280114076636,"[0 1 1 1 1 0 1 1 1 1 1 1 1 1 1 1 0 0 1 0 1 0 1 1 0 0 0 1 1 1 1 1 1 1 1 1 1 0 1 0]"
21,0.9901803049173852,"[1 1 1 1 1 1 1 1 1 0 1 1 1 1 1 1 0 1 0 1 1 1 0 0 0 0 0 0 0 1 1 1 1 0 1 0 1 0 1 0]"
21,0.9949270791012509,"[1 1 1 1 1 1 1 1 1 1 0 1 1 1 1 0 1 0 1 0 1 1 0 1 1 0 0 0 1 1 1 1 0 0 1 1 1 0 0 0]"
21,0.9564631537339208,"[1 1 1 1 1 1 1 0 1 1 0 1 1 1 0 0 1 1 1 0 1 1 0 1 1 0 0 0 0 1 0 1 1 1 1 0 1 1 0 0]"
21,0.2614584376135528,"[1 1 0 1 1 1 1 1 1 1 0 1 1 1 0 0 1 0 1 0 0 1 1 1 0 0 0 0 1 0 0 0 0 1 1 0 1 1 0 0]"
21,0.8477528489460069,"[1 1 1 1 1 0 1 1 1 1 0 0 1 1 1 0 0 1 1 1 0 1 0 1 0 0 0 0 1 1 1 0 0 1 1 1 1 1 1 0]"
21,0.9948840452496173,"[1 1 1 1 1 1 1 1 1 1 0 1 1 1 1 0 0 1 1 0 0 1 0 1 0 0 0 0 0 1 1 1 0 0 1 0 1 0 1 0]"
21,0.9199153069784723,"[1 1 1 1 1 1 0 1 1 1 0 1 1 1 1 1 0 0 1 1 1 0 0 1 0 1 0 0 1 1 0 1 0 1 1 0 1 0 1 0]"
21,0.05593001373580373,"[1 0 1 1 1 1 1 1 1 1 0 1 1 1 1 0 0 1 1 0 1 1 0 0 1 0 0 0 0 1 1 1 1 0 1 0 1 1 1 0]"
21,0.9986925218376662,"[1 1 1 1 1 1 1 1 1 1 1 1 0 1 1 1 0 1 1 0 1 1 0 1 0 0 0 1 1 1 1 1 1 0 1 1 1 0 1 0]"
21,0.9951122014102195,"[1 1 1 1 1 1 1 1 1 1 0 1 1 1 1 1 1 1 1 0 0 1 0 1 1 0 0 0 1 0 1 0 1 0 1 1 1 0 1 0]"
21,0.9924237745648546,"[1 1 1 1 1 1 1 1 1 1 0 0 1 1 1 0 0 0 1 0 1 1 0 1 1 0 1 0 1 0 0 0 1 0 1 0 1 1 1 0]"
21,0.9999124212492402,"[1 1 1 1 1 1 1 1 1 1 1 1 1 1 1 1 0 1 1 0 1 1 0 1 0 0 0 0 1 1 1 1 1 0 1 1 1 0 1 0]"
21,0.9948884962135752,"[1 1 1 1 1 1 1 1 1 1 0 1 1 1 1 0 0 1 1 0 1 1 0 0 1 0 0 0 0 1 1 1 1 0 1 0 1 1 1 0]"
21,0.999625336186234,"[1 1 1 1 1 1 1 1 1 1 1 1 1 1 0 1 1 0 0 0 1 0 1 1 0 1 0 0 1 1 1 1 1 1 1 1 1 0 1 0]"
21,0.994998258777122,"[1 1 1 1 1 1 1 1 1 1 0 1 1 1 1 1 0 0 1 0 0 1 0 1 1 0 0 0 0 1 0 1 1 1 1 0 1 1 0 0]"
21,0.9948867824637676,"[1 1 1 1 1 1 1 1 1 1 0 1 1 1 1 0 0 1 1 0 1 0 0 1 1 0 1 0 0 1 0 0 0 0 1 1 1 0 1 0]"
21,0.9950645291817538,"[1 1 1 1 1 1 1 1 1 1 0 1 1 1 1 1 1 0 0 1 0 1 0 1 0 0 1 1 0 1 0 0 1 0 1 1 1 0 1 0]"
21,0.9949461374951526,"[1 1 1 1 1 1 1 1 1 1 0 1 1 1 1 0 1 1 0 0 1 1 0 1 1 0 1 0 1 1 1 0 0 0 1 1 1 0 0 0]"
21,0.9948986555363276,"[1 1 1 1 1 1 1 1 1 1 0 1 1 1 1 0 0 1 1 1 1 1 0 1 1 0 1 0 0 1 1 1 0 0 1 1 1 0 1 0]"
21,0.997438189283171,"[1 1 1 1 1 1 1 1 1 1 1 0 1 1 1 1 0 0 1 1 0 0 0 1 0 0 0 0 1 0 0 0 0 0 1 0 1 1 1 0]"
21,0.17352404680741937,"[1 1 0 1 0 1 1 0 1 1 0 1 1 1 1 0 1 0 1 1 1 1 0 1 0 0 1 0 0 0 0 0 0 1 0 0 1 0 0 0]"
21,0.9756937067194011,"[1 1 1 1 1 1 1 1 0 1 0 1 1 1 1 0 1 1 1 0 1 1 1 1 1 1 0 0 0 1 1 1 1 1 1 1 1 0 1 0]"
21,0.9948935468208144,"[1 1 1 1 1 1 1 1 1 1 0 1 1 1 1 0 0 1 1 1 0 1 0 1 0 0 0 0 1 0 1 0 1 1 1 0 1 1 0 0]"
21,0.997438191751292,"[1 1 1 1 1 1 1 1 1 1 1 0 1 1 1 1 0 0 1 1 0 0 0 1 0 0 0 0 1 0 0 1 0 0 1 1 1 1 1 0]"
21,0.9998730795786771,"[1 1 1 1 1 1 1 1 1 1 1 1 1 1 1 1 0 0 1 0 1 0 1 1 0 0 0 0 1 1 0 0 1 1 1 1 1 0 1 0]"
21,0.8541889784045624,"[1 1 1 1 1 0 1 1 1 1 1 1 1 1 1 1 0 0 1 1 1 0 1 1 0 0 0 0 1 1 0 1 0 1 1 1 1 0 1 0]"
21,0.9949268112832402,"[1 1 1 1 1 1 1 1 1 1 0 1 1 1 1 0 1 0 1 0 1 1 0 1 0 0 0 1 1 0 1 1 1 0 1 0 1 0 1 0]"
22,0.9998754634946824,"[1 1 1 1 1 1 1 1 1 1 1 1 1 1 1 1 0 0 1 0 1 1 1 1 0 0 0 0 1 1 0 0 1 1 1 1 1 0 1 0]"
22,0.9998730795786771,"[1 1 1 1 1 1 1 1 1 1 1 1 1 1 1 1 0 0 1 0 1 0 1 1 0 0 0 0 1 1 0 0 1 1 1 1 1 0 1 0]"
22,0.9948655018596392,"[1 1 1 1 1 1 1 1 1 1 0 1 1 1 1 0 0 1 0 0 0 1 0 1 1 1 0 0 0 1 0 1 1 1 1 0 1 1 0 0]"
22,0.9947535465133549,"[1 1 1 1 1 1 1 1 1 1 0 1 1 1 0 1 1 0 0 0 1 0 0 1 0 0 0 0 1 1 1 1 1 0 1 1 1 0 1 1]"
22,0.9948179023863443,"[1 1 1 1 1 1 1 1 1 1 0 1 1 1 0 1 1 1 1 1 0 1 0 1 1 0 0 0 1 0 1 0 1 0 1 1 1 0 1 0]"
22,0.9950550348513137,"[1 1 1 1 1 1 1 1 1 1 0 1 1 1 1 1 1 0 0 0 0 1 0 1 0 0 1 1 0 1 0 0 1 0 1 1 1 0 1 0]"
22,0.7279604935779002,"[1 1 1 1 0 1 1 1 1 1 1 1 1 1 1 1 1 1 0 1 1 1 0 1 0 0 0 0 0 1 1 1 1 0 1 0 1 0 1 0]"
22,0.9950645291817538,"[1 1 1 1 1 1 1 1 1 1 0 1 1 1 1 1 1 0 0 1 0 1 0 1 0 0 1 1 0 1 0 0 1 0 1 1 1 0 1 0]"
22,0.9758522897225391,"[1 1 1 1 1 1 1 1 0 1 0 1 1 1 1 1 1 1 1 1 1 1 1 1 1 1 0 0 0 1 1 0 1 1 1 1 1 0 0 0]"
22,0.9949032872975321,"[1 1 1 1 1 1 1 1 1 1 0 1 1 1 1 0 1 0 0 0 0 1 0 1 0 1 1 1 0 1 0 1 1 0 1 1 1 0 1 0]"
22,0.05593112695794037,"[1 0 1 1 1 1 1 1 1 1 0 1 1 1 1 0 1 0 0 0 0 1 0 1 1 0 0 0 1 1 1 0 1 0 1 1 1 0 0 0]"
22,0.9950742958117257,"[1 1 1 1 1 1 1 1 1 1 0 1 1 1 1 1 1 0 1 0 0 1 0 1 1 0 1 0 1 0 1 0 0 0 1 0 1 0 1 0]"
22,0.999910033179725,"[1 1 1 1 1 1 1 1 1 1 1 1 1 1 1 1 0 1 1 0 1 0 0 1 0 0 0 0 1 1 0 1 1 1 1 1 1 0 1 0]"
22,0.9980425565590931,"[1 1 1 1 1 1 1 1 1 1 1 1 0 0 1 1 0 0 1 0 1 0 0 1 0 0 0 0 1 1 1 0 1 1 1 1 1 0 1 0]"
22,0.9950790427597055,"[1 1 1 1 1 1 1 1 1 1 0 1 1 1 1 1 1 0 1 0 1 1 0 1 1 0 1 0 1 0 1 0 0 0 0 0 1 0 1 0]"
22,0.992684207557747,"[1 1 1 1 1 1 1 1 1 1 0 0 1 1 1 1 1 1 1 0 0 1 0 1 1 0 0 0 1 0 1 0 1 0 1 1 1 0 1 0]"
22,0.9948881995617543,"[1 1 1 1 1 1 1 1 1 1 0 1 1 1 1 0 0 1 1 0 1 1 0 0 0 0 0 0 0 1 1 1 1 0 1 0 1 1 1 0]"
22,0.9942769698255256,"[1 1 1 1 1 1 1 1 1 1 0 1 1 0 1 0 0 1 1 0 0 1 0 1 1 0 0 0 0 1 1 1 1 1 1 0 1 0 0 1]"
22,0.9948695060224252,"[1 1 1 1 1 1 1 1 1 1 0 1 1 1 1 0 0 1 0 0 1 1 0 0 1 0 0 0 0 1 0 1 1 0 1 0 1 1 1 0]"
22,0.5202231173292606,"[1 1 1 0 1 1 1 1 1 1 0 0 1 1 1 0 0 0 1 0 1 1 0 1 1 0 1 0 1 0 1 0 1 0 1 0 1 1 1 0]"
22,0.009023364013133637,"[1 0 0 1 1 1 1 1 1 1 0 1 1 1 1 1 1 0 1 0 0 1 0 1 1 0 1 0 1 0 1 0 0 0 1 0 1 0 1 0]"
22,0.9948924088782042,"[1 1 1 1 1 1 1 1 1 1 0 1 1 1 1 0 0 1 1 1 0 0 1 1 0 0 0 1 1 1 1 1 1 1 1 0 1 1 0 0]"
22,0.05020049092714752,"[1 0 1 1 1 1 0 1 1 1 0 0 1 1 1 0 0 1 1 0 1 1 0 1 1 0 1 0 0 1 0 0 0 0 1 1 1 0 1 0]"
22,0.994848822056778,"[1 1 1 1 1 1 1 1 1 1 0 1 1 1 1 0 0 0 1 0 1 0 0 1 1 0 1 0 1 0 0 0 1 0 1 0 1 1 1 0]"
22,0.999625336186234,"[1 1 1 1 1 1 1 1 1 1 1 1 1 1 0 1 1 0 0 0 1 0 1 1 0 1 0 0 1 1 1 1 1 1 1 1 1 0 1 0]"
22,0.9733463615866326,"[1 1 1 1 1 1 1 1 0 1 0 0 1 1 1 1 0 0 1 1 0 0 0 1 0 0 0 0 1 0 0 1 0 0 1 1 1 1 1 0]"
22,0.9950739991100445,"[1 1 1 1 1 1 1 1 1 1 0 1 1 1 1 1 1 0 1 0 0 1 0 1 0 0 1 0 1 0 1 0 0 0 1 0 1 0 1 0]"
22,0.9986925218376662,"[1 1 1 1 1 1 1 1 1 1 1 1 0 1 1 1 0 1 1 0 1 1 0 1 0 0 0 1 1 1 1 1 1 0 1 1 1 0 1 0]"
22,0.9567197272927429,"[1 1 1 1 1 1 1 0 1 1 0 1 1 1 1 0 1 0 1 0 1 1 0 1 1 0 0 0 0 1 0 1 1 1 1 0 1 0 0 0]"
22,0.9998361637266769,"[1 1 1 1 1 1 1 1 1 1 1 1 1 1 1 0 1 1 1 0 1 1 0 1 0 0 0 1 1 0 1 1 1 0 1 0 1 0 1 0]"
22,0.9949365729304125,"[1 1 1 1 1 1 1 1 1 1 0 1 1 1 1 0 1 0 1 1 1 1 0 1 1 0 0 0 1 1 1 1 0 1 1 1 1 0 1 0]"
22,0.9999124212492402,"[1 1 1 1 1 1 1 1 1 1 1 1 1 1 1 1 0 1 1 0 1 1 0 1 0 0 0 0 1 1 1 1 1 0 1 1 1 0 1 0]"
22,0.987737801532112,"[1 1 1 1 1 1 1 1 1 0 1 0 1 1 1 1 0 0 1 1 0 0 0 1 0 0 0 0 1 0 0 1 0 0 1 1 1 1 1 0]"
22,0.9951119775724127,"[1 1 1 1 1 1 1 1 1 1 0 1 1 1 1 1 1 1 1 0 0 1 0 1 0 0 1 0 1 0 1 0 0 0 1 0 1 0 1 0]"
22,0.9998540084347878,"[1 1 1 1 1 1 1 1 1 1 1 1 1 1 1 1 0 0 0 0 1 0 1 1 0 0 0 0 1 1 0 0 1 1 1 1 1 0 1 0]"
22,0.9950742216362979,"[1 1 1 1 1 1 1 1 1 1 0 1 1 1 1 1 1 0 1 0 0 1 0 1 1 0 0 0 1 0 1 0 0 0 1 0 1 0 1 0]"
22,0.5215354195085443,"[1 1 1 0 1 1 1 1 1 1 0 1 1 1 0 1 1 0 1 0 0 1 0 1 1 0 0 1 1 1 1 1 1 1 1 0 1 1 0 0]"
22,0.9999651521564925,"[1 1 1 1 1 1 1 1 1 1 1 1 1 1 1 1 1 1 0 0 0 1 0 1 1 0 0 0 1 0 0 0 1 0 1 1 1 0 1 0]"
22,0.9996220542587312,"[1 1 1 1 1 1 1 1 1 1 1 1 1 1 0 1 1 0 0 0 0 1 0 1 1 1 0 0 1 1 0 1 1 1 1 0 1 1 0 0]"
22,0.9198728597573369,"[1 1 1 1 1 1 0 1 1 1 0 1 1 1 1 0 1 1 1 0 1 1 0 0 1 0 0 0 0 1 1 1 1 0 1 0 1 1 1 0]"
22,0.9948454813175908,"[1 1 1 1 1 1 1 1 1 1 0 1 1 1 1 0 0 0 1 0 0 1 0 0 0 0 0 0 0 1 1 1 0 0 1 0 1 0 0 0]"
22,0.9948843436475644,"[1 1 1 1 1 1 1 1 1 1 0 1 1 1 1 0 0 1 1 0 0 1 0 1 1 0 0 0 0 1 1 1 1 1 1 0 1 0 1 1]"
22,0.9950644907905135,"[1 1 1 1 1 1 1 1 1 1 0 1 1 1 1 1 1 0 0 1 0 1 0 1 0 0 1 0 0 1 0 0 0 0 1 0 1 0 1 0]"
22,0.9975408087469407,"[1 1 1 1 1 1 1 1 1 1 1 0 1 1 1 1 1 1 0 1 1 1 0 1 1 0 0 1 0 1 1 0 1 0 1 1 1 0 1 0]"
22,0.9731954848540129,"[1 1 1 1 1 1 1 1 0 1 0 0 1 1 1 0 0 0 1 0 1 1 0 1 1 0 1 0 1 0 0 0 1 0 1 0 1 1 1 0]"
22,0.9998730795786771,"[1 1 1 1 1 1 1 1 1 1 1 1 1 1 1 1 0 0 1 0 1 0 1 1 0 0 0 0 1 1 0 0 1 1 1 1 1 0 1 0]"
22,0.997438189283171,"[1 1 1 1 1 1 1 1 1 1 1 0 1 1 1 1 0 0 1 1 0 0 0 1 0 0 0 0 1 0 0 0 0 0 1 0 1 1 1 0]"
22,0.6021825668892171,"[1 1 1 1 0 0 1 1 0 1 0 1 0 1 1 0 1 1 1 0 1 1 1 1 1 1 0 0 0 1 1 1 1 1 1 1 1 0 1 0]"
22,0.9949271079454228,"[1 1 1 1 1 1 1 1 1 1 0 1 1 1 1 0 1 0 1 0 1 1 0 1 1 0 0 1 1 0 1 1 1 0 1 0 1 0 1 0]"
22,0.9949644416442653,"[1 1 1 1 1 1 1 1 1 1 0 1 1 1 1 0 1 1 1 0 1 1 0 0 1 0 0 0 0 1 1 1 1 0 1 0 1 0 0 0]"
23,0.992684207557747,"[1 1 1 1 1 1 1 1 1 1 0 0 1 1 1 1 1 1 1 0 0 1 0 1 1 0 0 0 1 0 1 0 1 0 1 1 1 0 1 0]"
23,0.9948924088782042,"[1 1 1 1 1 1 1 1 1 1 0 1 1 1 1 0 0 1 1 1 0 0 1 1 0 0 0 1 1 1 1 1 1 1 1 0 1 1 0 0]"
23,0.994150024926093,"[1 1 1 1 1 1 1 1 1 1 0 1 1 0 0 1 1 0 0 0 1 1 1 1 0 1 1 0 1 1 1 1 1 1 1 1 1 0 1 0]"
23,0.9999434007032283,"[1 1 1 1 1 1 1 1 1 1 1 1 1 1 1 1 1 0 1 0 0 0 0 1 0 0 0 0 1 0 1 0 0 0 1 0 1 0 1 0]"
23,0.9949365729304125,"[1 1 1 1 1 1 1 1 1 1 0 1 1 1 1 0 1 0 1 1 1 1 0 1 1 0 0 0 1 1 1 1 0 1 1 1 1 0 1 0]"
23,0.987737949473881,"[1 1 1 1 1 1 1 1 1 0 1 0 1 1 1 1 0 0 1 1 0 0 0 1 0 1 0 0 1 0 0 1 0 1 1 1 1 1 1 0]"
23,0.9986925218376662,"[1 1 1 1 1 1 1 1 1 1 1 1 0 1 1 1 0 1 1 0 1 1 0 1 0 0 0 1 1 1 1 1 1 0 1 1 1 0 1 0]"
23,0.9948829154464275,"[1 1 1 1 1 1 1 1 1 1 0 1 1 1 1 0 0 1 1 0 0 0 1 1 0 0 0 1 1 1 1 1 1 0 1 0 1 1 0 0]"
23,0.9948843436475644,"[1 1 1 1 1 1 1 1 1 1 0 1 1 1 1 0 0 1 1 0 0 1 0 1 1 0 0 0 0 1 1 1 1 1 1 0 1 0 1 1]"
23,0.9974383379511832,"[1 1 1 1 1 1 1 1 1 1 1 0 1 1 1 1 0 0 1 1 0 0 0 1 0 1 0 0 1 0 0 0 0 0 1 0 1 1 1 0]"
23,0.9997980230336825,"[1 1 1 1 1 1 1 1 1 1 1 1 1 1 1 0 1 0 1 0 1 1 0 1 0 0 0 1 1 0 1 1 1 0 1 0 1 0 1 0]"
23,0.975687774768178,"[1 1 1 1 1 1 1 1 0 1 0 1 1 1 1 0 1 1 1 0 0 1 0 1 1 0 0 1 1 0 1 1 0 0 1 0 1 0 1 0]"
23,0.9950740049049983,"[1 1 1 1 1 1 1 1 1 1 0 1 1 1 1 1 1 0 1 0 0 1 0 1 0 0 1 0 1 1 0 0 1 0 1 0 1 0 1 0]"
23,0.9998921452297501,"[1 1 1 1 1 1 1 1 1 1 1 1 1 1 1 1 0 1 0 0 1 0 1 1 0 0 0 0 1 0 1 0 0 1 1 1 1 0 1 0]"
23,0.9980425565590931,"[1 1 1 1 1 1 1 1 1 1 1 1 0 0 1 1 0 0 1 0 1 0 0 1 0 0 0 0 1 1 1 0 1 1 1 1 1 0 1 0]"
23,0.9998361643086677,"[1 1 1 1 1 1 1 1 1 1 1 1 1 1 1 0 1 1 1 0 1 1 0 1 0 0 0 1 1 0 1 1 1 1 1 0 1 0 1 0]"
23,0.9973885691090342,"[1 1 1 1 1 1 1 1 1 1 1 0 1 1 1 0 1 1 0 1 1 1 0 1 1 0 0 1 0 1 1 0 1 0 1 1 1 1 1 0]"
23,0.9996443847840817,"[1 1 1 1 1 1 1 1 1 1 1 1 1 1 0 1 1 0 1 0 1 0 1 1 0 1 0 0 0 1 1 1 1 1 1 1 1 0 1 0]"
23,0.9998539898107839,"[1 1 1 1 1 1 1 1 1 1 1 1 1 1 1 1 0 0 0 0 1 0 1 1 0 0 0 0 0 1 0 0 1 1 1 1 1 0 1 0]"
23,0.9975598401766455,"[1 1 1 1 1 1 1 1 1 1 1 0 1 1 1 1 1 1 1 1 1 1 0 1 1 0 0 1 0 1 1 0 1 0 1 1 1 0 1 0]"
23,0.975777658172697,"[1 1 1 1 1 1 1 1 0 1 0 1 1 1 1 1 0 1 1 1 1 1 1 1 1 1 0 0 0 1 1 0 1 1 0 1 1 0 0 0]"
23,0.9986925218376662,"[1 1 1 1 1 1 1 1 1 1 1 1 0 1 1 1 0 1 1 0 1 1 0 1 0 0 0 1 1 1 1 1 1 0 1 1 1 0 1 0]"
23,0.9018982514512391,"[1 1 1 1 1 1 0 1 0 1 0 1 1 1 1 0 1 1 0 0 1 1 0 0 1 0 0 0 0 1 0 1 1 0 1 0 1 1 1 0]"
23,5.497542700859941e-05,"[0 1 0 1 1 1 1 1 1 1 1 1 1 1 1 1 0 0 1 0 1 1 1 1 0 1 0 0 1 1 0 0 1 1 1 1 1 0 1 0]"
23,0.9975262147982201,"[1 1 1 1 1 1 1 1 1 1 1 0 1 1 1 1 1 1 0 0 0 1 0 1 0 0 0 0 1 1 0 0 1 0 1 1 1 0 1 0]"
23,0.9950648166090444,"[1 1 1 1 1 1 1 1 1 1 0 1 1 1 1 1 1 0 0 1 0 1 0 1 1 0 1 1 0 0 0 0 1 0 1 1 1 0 1 0]"
23,0.8541807015938503,"[1 1 1 1 1 0 1 1 1 1 1 1 1 1 1 1 0 0 1 0 1 0 1 1 0 0 0 0 1 1 0 0 1 1 0 1 1 0 1 0]"
23,0.9998754634946824,"[1 1 1 1 1 1 1 1 1 1 1 1 1 1 1 1 0 0 1 0 1 1 1 1 0 0 0 0 1 1 0 0 1 1 1 1 1 0 1 0]"
23,0.9996232459467665,"[1 1 1 1 1 1 1 1 1 1 1 1 1 1 0 1 1 0 0 0 0 1 1 1 1 1 0 0 1 1 0 1 1 1 1 0 1 1 0 0]"
23,0.999625336186234,"[1 1 1 1 1 1 1 1 1 1 1 1 1 1 0 1 1 0 0 0 1 0 1 1 0 1 0 0 1 1 1 1 1 1 1 1 1 0 1 0]"
23,0.9999651521564925,"[1 1 1 1 1 1 1 1 1 1 1 1 1 1 1 1 1 1 0 0 0 1 0 1 1 0 0 0 1 0 0 0 1 0 1 1 1 0 1 0]"
23,0.9853036677072108,"[1 1 1 1 1 1 1 1 1 0 0 1 1 1 1 1 0 0 0 0 1 0 1 1 0 0 0 0 1 1 0 0 1 1 1 1 1 0 1 0]"
23,0.262876668480337,"[1 1 0 1 1 1 1 1 1 1 1 1 1 0 1 1 1 0 1 0 1 0 0 1 1 0 1 0 1 1 1 0 1 1 1 1 1 0 1 0]"
23,0.8810614494970744,"[1 1 1 1 1 1 0 0 1 1 0 0 0 1 1 1 0 1 0 1 1 1 0 1 0 0 0 0 1 1 0 0 1 0 1 1 1 0 1 0]"
23,0.9926934582146248,"[1 1 1 1 1 1 1 1 1 1 0 0 1 1 1 1 1 1 1 1 0 1 0 1 0 0 1 0 1 0 1 0 0 0 1 0 1 1 1 0]"
23,0.9948829159896105,"[1 1 1 1 1 1 1 1 1 1 0 1 1 1 1 0 0 1 1 0 0 0 1 1 0 0 0 1 1 1 1 1 1 1 1 0 1 0 0 0]"
23,0.9950742309444446,"[1 1 1 1 1 1 1 1 1 1 0 1 1 1 1 1 1 0 1 0 0 1 0 1 1 0 0 0 1 1 1 0 0 0 1 0 1 1 1 0]"
23,0.99507904290458,"[1 1 1 1 1 1 1 1 1 1 0 1 1 1 1 1 1 0 1 0 1 1 0 1 1 0 1 0 1 0 1 0 0 0 0 1 1 0 1 0]"
23,0.9734142065901134,"[1 1 1 1 1 1 1 1 0 1 0 0 1 1 1 1 1 0 1 0 0 1 0 1 1 0 1 0 1 0 0 0 1 0 1 0 1 1 1 0]"
23,0.5215805136212236,"[1 1 1 0 1 1 1 1 1 1 0 1 1 1 1 0 0 0 1 0 1 1 0 1 1 0 0 0 1 0 1 0 0 0 1 0 1 0 1 0]"
23,0.9949644370630839,"[1 1 1 1 1 1 1 1 1 1 0 1 1 1 1 0 1 1 1 0 1 1 0 0 1 0 0 0 0 1 0 1 1 0 1 0 1 1 1 0]"
23,0.9948179023863443,"[1 1 1 1 1 1 1 1 1 1 0 1 1 1 0 1 1 1 1 1 0 1 0 1 1 0 0 0 1 0 1 0 1 0 1 1 1 0 1 0]"
23,0.9949362774245363,"[1 1 1 1 1 1 1 1 1 1 0 1 1 1 1 0 1 0 1 1 1 1 0 1 0 0 0 0 1 1 1 1 1 1 1 1 1 0 1 0]"
23,0.9242872120611466,"[1 1 1 1 1 1 0 1 1 1 1 1 1 1 1 0 0 0 0 0 1 0 1 1 1 0 0 0 1 1 0 0 0 1 1 1 1 0 1 0]"
23,0.9974845922022215,"[1 1 1 1 1 1 1 1 1 1 1 0 1 1 1 1 0 1 1 1 1 1 1 1 0 0 0 0 1 1 1 1 1 0 1 1 1 0 1 0]"
23,0.9975408087469407,"[1 1 1 1 1 1 1 1 1 1 1 0 1 1 1 1 1 1 0 1 1 1 0 1 1 0 0 1 0 1 1 0 1 0 1 1 1 0 1 0]"
23,0.9998754448703188,"[1 1 1 1 1 1 1 1 1 1 1 1 1 1 1 1 0 0 1 0 1 1 1 1 0 0 0 0 0 1 0 0 1 1 1 1 1 0 1 0]"
23,0.9852668917544202,"[1 1 1 1 1 1 1 1 1 0 0 1 1 1 1 0 1 1 0 0 1 1 0 0 1 0 0 0 0 1 0 1 1 0 1 0 1 1 1 0]"
23,0.9950790427597055,"[1 1 1 1 1 1 1 1 1 1 0 1 1 1 1 1 1 0 1 0 1 1 0 1 1 0 1 0 1 0 1 0 0 0 0 0 1 0 1 0]"
23,0.521643886606033,"[1 1 1 0 1 1 1 1 1 1 0 1 1 1 1 0 1 1 1 0 1 1 0 0 1 0 0 0 0 1 1 1 1 0 1 0 1 0 0 0]"
24,0.52027073861676,"[1 1 1 0 1 1 1 1 1 1 0 0 1 1 1 0 1 0 1 1 1 1 0 1 1 0 0 0 0 1 1 0 0 0 1 1 0 0 1 0]"
24,0.5229997031839029,"[1 1 1 0 1 1 1 1 1 1 1 0 1 1 1 0 1 1 0 1 1 1 0 1 1 0 0 1 1 1 1 1 1 1 1 1 1 1 1 0]"
24,0.9999651521564925,"[1 1 1 1 1 1 1 1 1 1 1 1 1 1 1 1 1 1 0 0 0 1 0 1 1 0 0 0 1 0 0 0 1 0 1 1 1 0 1 0]"
24,0.9998754634946824,"[1 1 1 1 1 1 1 1 1 1 1 1 1 1 1 1 0 0 1 0 1 1 1 1 0 0 0 0 1 1 0 0 1 1 1 1 1 0 1 0]"
24,0.9998539898107839,"[1 1 1 1 1 1 1 1 1 1 1 1 1 1 1 1 0 0 0 0 1 0 1 1 0 0 0 0 0 1 0 0 1 1 1 1 1 0 1 0]"
24,0.9998922069238833,"[1 1 1 1 1 1 1 1 1 1 1 1 1 1 1 1 0 1 0 0 1 0 1 1 0 0 1 0 0 1 0 0 1 1 1 1 1 0 1 0]"
24,0.9592613505411621,"[1 1 1 1 1 1 1 0 1 1 1 0 1 1 1 1 1 1 1 1 1 1 0 1 1 0 0 1 0 1 1 0 1 0 1 1 1 0 1 0]"
24,0.9950742956668518,"[1 1 1 1 1 1 1 1 1 1 0 1 1 1 1 1 1 0 1 0 0 1 0 1 1 0 1 0 1 0 1 0 0 0 0 1 1 0 1 0]"
24,0.9562747904089982,"[1 1 1 1 1 1 1 0 1 1 0 1 1 0 1 1 1 0 1 0 0 1 0 0 1 0 0 0 1 1 1 0 0 0 1 0 1 1 1 0]"
24,0.9998921452297501,"[1 1 1 1 1 1 1 1 1 1 1 1 1 1 1 1 0 1 0 0 1 0 1 1 0 0 0 0 1 0 1 0 0 1 1 1 1 0 1 0]"
24,0.9973886431493555,"[1 1 1 1 1 1 1 1 1 1 1 0 1 1 1 0 1 1 0 1 1 1 0 1 1 0 1 1 0 1 1 0 1 0 0 1 1 1 1 0]"
24,0.9998754634946824,"[1 1 1 1 1 1 1 1 1 1 1 1 1 1 1 1 0 0 1 0 1 1 1 1 0 0 0 0 1 1 0 0 1 1 1 1 1 0 1 0]"
24,0.999625336186234,"[1 1 1 1 1 1 1 1 1 1 1 1 1 1 0 1 1 0 0 0 1 0 1 1 0 1 0 0 1 1 1 1 1 1 1 1 1 0 1 0]"
24,0.9941879716486977,"[1 1 1 1 1 1 1 1 1 1 0 1 1 0 0 1 1 1 0 0 1 1 1 1 0 1 1 0 1 1 1 1 1 1 1 1 1 0 1 0]"
24,0.9853993095560639,"[1 1 1 1 1 1 1 1 1 0 0 1 1 1 1 1 1 0 1 0 1 1 0 1 1 0 1 0 1 0 0 0 0 0 0 0 1 0 1 0]"
24,0.9996253362226015,"[1 1 1 1 1 1 1 1 1 1 1 1 1 1 0 1 1 0 0 0 1 0 1 1 0 1 0 0 1 1 1 1 1 1 1 1 1 1 1 0]"
24,0.9998755007434106,"[1 1 1 1 1 1 1 1 1 1 1 1 1 1 1 1 0 0 1 0 1 1 1 1 0 0 0 1 1 1 0 0 1 1 1 1 1 0 1 0]"
24,0.9999815463875096,"[1 1 1 1 1 1 1 1 1 1 1 1 1 1 1 1 1 1 1 0 0 0 0 1 0 0 0 0 1 0 1 0 0 0 1 0 1 0 1 0]"
24,0.9950443056034348,"[1 1 1 1 1 1 1 1 1 1 0 1 1 1 1 1 0 1 1 1 0 0 1 1 0 0 0 1 1 1 1 1 1 1 1 0 1 1 0 0]"
24,0.9559696037869698,"[1 1 1 1 1 1 1 0 1 1 0 1 1 0 0 1 1 0 0 0 1 1 1 1 0 1 1 0 1 1 1 1 1 1 1 1 1 0 1 0]"
24,0.9950742332624266,"[1 1 1 1 1 1 1 1 1 1 0 1 1 1 1 1 1 0 1 0 0 1 0 1 1 0 0 0 1 1 1 1 0 0 1 0 1 1 1 0]"
24,0.9998539898107839,"[1 1 1 1 1 1 1 1 1 1 1 1 1 1 1 1 0 0 0 0 1 0 1 1 0 0 0 0 0 1 0 0 1 1 1 1 1 0 1 0]"
24,0.9949362658360722,"[1 1 1 1 1 1 1 1 1 1 0 1 1 1 1 0 1 0 1 1 1 1 0 1 0 0 0 0 1 0 1 0 1 1 1 1 1 0 1 0]"
24,0.9998361736205202,"[1 1 1 1 1 1 1 1 1 1 1 1 1 1 1 0 1 1 1 0 1 1 0 1 0 0 0 1 1 1 1 1 1 1 1 0 1 0 1 0]"
24,0.9998539898107839,"[1 1 1 1 1 1 1 1 1 1 1 1 1 1 1 1 0 0 0 0 1 0 1 1 0 0 0 0 0 1 0 0 1 1 1 1 1 0 1 0]"
24,0.0009764525438696646,"[0 1 1 1 1 1 1 1 1 1 1 1 1 1 1 1 1 0 1 0 0 0 0 1 1 0 0 0 1 0 1 1 0 0 1 0 1 0 1 0]"
24,0.26159652078120527,"[1 1 0 1 1 1 1 1 1 1 0 1 1 1 1 1 1 0 1 0 1 1 0 1 1 0 1 0 1 0 1 0 0 0 0 0 1 0 1 0]"
24,0.9998754634946824,"[1 1 1 1 1 1 1 1 1 1 1 1 1 1 1 1 0 0 1 0 1 1 1 1 0 0 0 0 1 1 0 0 1 1 1 1 1 0 1 0]"
24,0.901898794604026,"[1 1 1 1 1 1 0 1 0 1 0 1 1 1 1 0 1 1 0 0 1 1 0 1 1 0 0 0 0 1 0 1 1 0 1 0 1 1 1 0]"
24,0.5242508812446692,"[1 1 1 0 1 1 1 1 1 1 1 1 1 1 0 1 1 0 0 0 1 0 1 1 0 1 0 0 1 1 1 1 1 1 1 1 0 0 1 0]"
24,0.9975598401766455,"[1 1 1 1 1 1 1 1 1 1 1 0 1 1 1 1 1 1 1 1 1 1 0 1 1 0 0 1 0 1 1 0 1 0 1 1 1 0 1 0]"
24,0.9942105650896035,"[1 1 1 1 1 1 1 1 1 1 0 1 1 0 0 1 1 1 1 1 0 1 0 1 1 0 0 0 1 0 1 0 1 0 1 1 1 0 1 0]"
24,0.959727354444358,"[1 1 1 1 1 1 1 0 1 1 1 1 0 0 1 1 0 0 1 0 1 0 0 1 0 0 0 0 1 1 1 0 0 1 1 1 1 0 1 0]"
24,0.9999651521564925,"[1 1 1 1 1 1 1 1 1 1 1 1 1 1 1 1 1 1 0 0 0 1 0 1 1 0 0 0 1 0 0 0 1 0 1 1 1 0 1 0]"
24,0.99507904290458,"[1 1 1 1 1 1 1 1 1 1 0 1 1 1 1 1 1 0 1 0 1 1 0 1 1 0 1 0 1 0 1 0 0 0 0 1 1 0 1 0]"
24,0.8540814006464896,"[1 1 1 1 1 0 1 1 1 1 1 1 1 1 1 0 0 1 1 0 1 0 1 1 0 0 0 0 1 1 0 0 1 1 0 1 1 0 1 0]"
24,0.9999651568129594,"[1 1 1 1 1 1 1 1 1 1 1 1 1 1 1 1 1 1 0 0 0 1 0 1 1 0 0 0 1 0 1 0 1 0 1 1 1 0 1 0]"
24,0.9242160083922114,"[1 1 1 1 1 1 0 1 1 1 1 1 1 1 0 1 1 0 0 0 1 0 1 1 0 1 0 0 1 1 1 1 1 1 1 1 1 0 1 0]"
24,0.9950740049049983,"[1 1 1 1 1 1 1 1 1 1 0 1 1 1 1 1 1 0 1 0 0 1 0 1 0 0 1 0 1 1 0 0 1 0 1 0 1 0 1 0]"
24,0.9986925218376662,"[1 1 1 1 1 1 1 1 1 1 1 1 0 1 1 1 0 1 1 0 1 1 0 1 0 0 0 1 1 1 1 1 1 0 1 1 1 0 1 0]"
24,0.998672305291126,"[1 1 1 1 1 1 1 1 1 1 1 1 0 1 1 1 0 1 0 0 1 0 1 1 0 0 1 0 1 0 1 0 0 1 1 1 1 0 1 0]"
24,0.26304279063819586,"[1 1 0 1 1 1 1 1 1 1 1 1 1 1 1 1 0 1 0 0 1 0 0 1 0 0 0 0 1 0 1 0 0 1 1 1 1 0 1 0]"
24,0.0008939417212126422,"[0 1 1 1 1 1 1 0 1 1 0 1 1 1 1 1 1 0 0 1 1 1 0 1 0 0 0 0 0 1 1 1 1 1 1 1 1 0 1 0]"
24,0.9999434007032283,"[1 1 1 1 1 1 1 1 1 1 1 1 1 1 1 1 1 0 1 0 0 0 0 1 0 0 0 0 1 0 1 0 0 0 1 0 1 0 1 0]"
24,0.9997216950753516,"[1 1 1 1 1 1 1 1 1 1 1 1 1 1 1 0 0 0 1 0 1 1 0 1 0 0 0 0 0 1 0 1 1 1 1 1 1 0 0 0]"
24,0.9951163413674451,"[1 1 1 1 1 1 1 1 1 1 0 1 1 1 1 1 1 1 1 0 1 1 0 0 1 0 0 0 0 1 0 0 1 0 1 0 1 1 1 0]"
24,0.7224861720735413,"[1 1 1 1 0 1 1 1 1 1 0 0 1 1 1 1 1 1 1 1 0 1 0 1 0 0 1 0 1 0 1 0 0 0 1 0 1 1 1 0]"
24,0.9986925218740033,"[1 1 1 1 1 1 1 1 1 1 1 1 0 1 1 1 0 1 1 0 1 1 0 1 0 0 0 1 1 1 1 1 1 0 1 1 1 1 1 0]"
24,0.5176033176005903,"[1 1 1 0 1 1 1 1 1 0 1 0 1 1 1 1 0 0 1 1 0 0 0 1 0 1 0 0 1 0 0 1 0 1 0 1 1 1 1 0]"
24,0.9995703452012996,"[1 1 1 1 1 1 1 1 1 1 1 1 1 1 0 1 0 0 1 0 1 1 1 1 0 0 0 0 0 1 0 0 1 1 1 1 1 0 1 0]"
25,0.9999302763493912,"[1 1 1 1 1 1 1 1 1 1 1 1 1 1 1 1 1 0 0 0 1 0 1 1 0 0 0 0 0 1 0 0 1 1 1 1 1 0 1 0]"
25,0.9998922069238833,"[1 1 1 1 1 1 1 1 1 1 1 1 1 1 1 1 0 1 0 0 1 0 1 1 0 0 1 0 0 1 0 0 1 1 1 1 1 0 1 0]"
25,0.9973886431493555,"[1 1 1 1 1 1 1 1 1 1 1 0 1 1 1 0 1 1 0 1 1 1 0 1 1 0 1 1 0 1 1 0 1 0 0 1 1 1 1 0]"
25,0.9998539898107839,"[1 1 1 1 1 1 1 1 1 1 1 1 1 1 1 1 0 0 0 0 1 0 1 1 0 0 0 0 0 1 0 0 1 1 1 1 1 0 1 0]"
25,0.26159482877403195,"[1 1 0 1 1 1 1 1 1 1 0 1 1 1 1 1 1 0 1 0 0 1 0 0 0 0 1 0 1 1 0 0 1 0 1 0 1 0 1 0]"
25,0.9967798934960187,"[1 1 1 1 1 1 1 1 1 1 1 0 1 0 1 0 1 1 0 1 1 1 0 1 1 0 1 1 0 1 1 0 1 0 0 1 1 1 1 0]"
25,0.9995703452012996,"[1 1 1 1 1 1 1 1 1 1 1 1 1 1 0 1 0 0 1 0 1 1 1 1 0 0 0 0 0 1 0 0 1 1 1 1 1 0 1 0]"
25,0.9980628502437452,"[1 1 1 1 1 1 1 1 1 1 1 1 0 0 1 1 0 1 0 0 1 0 1 1 0 0 1 0 1 0 1 0 0 1 0 1 1 0 1 0]"
25,0.9986925218740033,"[1 1 1 1 1 1 1 1 1 1 1 1 0 1 1 1 0 1 1 0 1 1 0 1 0 0 0 1 1 1 1 1 1 0 1 1 1 1 1 0]"
25,0.5244001282128105,"[1 1 1 0 1 1 1 1 1 1 1 1 1 1 1 1 0 1 0 0 1 0 1 1 0 0 0 0 0 0 1 0 0 1 1 1 1 0 0 0]"
25,0.9950766692831681,"[1 1 1 1 1 1 1 1 1 1 0 1 1 1 1 1 1 0 1 0 1 0 0 1 1 0 1 0 1 0 1 0 0 0 0 1 1 0 1 0]"
25,0.992698446333717,"[1 1 1 1 1 1 1 1 1 1 0 0 1 1 1 1 1 1 1 1 1 1 0 1 1 0 0 1 0 1 1 0 1 0 1 1 1 1 1 0]"
25,0.9999651521564925,"[1 1 1 1 1 1 1 1 1 1 1 1 1 1 1 1 1 1 0 0 0 1 0 1 1 0 0 0 1 0 0 0 1 0 1 1 1 0 1 0]"
25,0.961512970494444,"[1 1 1 1 1 1 1 0 1 1 1 1 1 1 1 1 0 1 0 0 1 0 1 1 0 0 1 0 0 0 0 0 1 1 1 1 1 0 1 0]"
25,0.9951160434230063,"[1 1 1 1 1 1 1 1 1 1 0 1 1 1 1 1 1 1 1 0 1 1 0 0 0 0 0 0 0 1 0 0 0 0 1 0 0 1 1 0]"
25,0.9853648812623201,"[1 1 1 1 1 1 1 1 1 0 0 1 1 1 1 1 0 1 1 1 0 0 1 1 0 0 0 1 1 1 1 1 1 1 1 0 1 1 0 0]"
25,0.9998748488908479,"[1 1 1 1 1 1 1 1 1 1 1 1 1 1 1 1 0 0 1 0 1 1 1 0 0 0 0 0 0 1 0 0 1 1 1 1 1 0 1 0]"
25,0.9999645561107092,"[1 1 1 1 1 1 1 1 1 1 1 1 1 1 1 1 1 1 0 0 0 1 0 0 1 0 0 0 1 0 0 0 1 0 1 1 1 0 0 0]"
25,0.9942105650896035,"[1 1 1 1 1 1 1 1 1 1 0 1 1 0 0 1 1 1 1 1 0 1 0 1 1 0 0 0 1 0 1 0 1 0 1 1 1 0 1 0]"
25,0.9998748675152015,"[1 1 1 1 1 1 1 1 1 1 1 1 1 1 1 1 0 0 1 0 1 1 1 0 0 0 0 0 1 1 0 0 1 1 1 1 1 0 1 0]"
25,0.9615485804837035,"[1 1 1 1 1 1 1 0 1 1 1 1 1 1 1 1 1 0 0 0 1 0 0 1 0 0 0 0 0 1 0 0 1 1 1 1 1 0 1 0]"
25,0.9949995293612209,"[1 1 1 1 1 1 1 1 1 1 0 1 1 1 1 1 0 0 1 0 0 1 1 1 1 0 1 0 1 0 1 0 0 0 0 1 1 0 1 0]"
25,0.9986925031967977,"[1 1 1 1 1 1 1 1 1 1 1 1 0 1 1 1 0 1 1 0 1 1 0 1 0 0 0 1 0 1 1 1 1 0 1 1 0 1 1 0]"
25,0.9999439967194736,"[1 1 1 1 1 1 1 1 1 1 1 1 1 1 1 1 1 0 1 0 0 0 1 0 0 0 0 0 1 0 1 0 0 0 1 0 1 0 1 0]"
25,0.2630026704051641,"[1 1 0 1 1 1 1 1 1 1 1 1 1 1 1 0 0 1 1 0 1 0 0 1 0 0 0 1 1 1 1 1 0 1 1 0 1 0 1 1]"
25,0.9999708196731344,"[1 1 1 1 1 1 1 1 1 1 1 1 1 1 1 1 1 1 0 0 1 1 1 1 0 0 0 0 1 0 1 0 1 1 1 1 1 0 1 0]"
25,0.9951142770915102,"[1 1 1 1 1 1 1 1 1 1 0 1 1 1 1 1 1 1 1 0 1 0 0 1 0 0 0 0 1 0 1 0 0 0 1 0 1 0 1 0]"
25,0.9999651521564925,"[1 1 1 1 1 1 1 1 1 1 1 1 1 1 1 1 1 1 0 0 0 1 0 1 1 0 0 0 1 0 0 0 1 0 1 1 1 0 1 0]"
25,0.9998350166234423,"[1 1 1 1 1 1 1 1 1 1 1 1 1 1 1 0 1 1 1 0 1 0 1 1 0 0 1 0 1 1 1 0 1 1 1 0 1 0 1 0]"
25,0.9998743111127716,"[1 1 1 1 1 1 1 1 1 1 1 1 1 1 1 1 0 0 1 0 1 1 0 1 0 0 0 1 1 1 0 1 1 1 1 1 1 0 1 0]"
25,0.9926463850720089,"[1 1 1 1 1 1 1 1 1 1 0 0 1 1 1 1 1 0 1 0 0 1 0 1 1 0 1 0 1 0 1 0 0 0 0 1 1 0 1 1]"
25,0.9949362470048182,"[1 1 1 1 1 1 1 1 1 1 0 1 1 1 1 0 1 0 1 1 1 1 0 1 0 0 0 0 0 0 1 0 1 1 0 1 1 0 1 0]"
25,0.9999660508549536,"[1 1 1 1 1 1 1 1 1 1 1 1 1 1 1 1 1 1 0 0 0 1 1 1 0 0 0 0 1 0 1 0 1 0 1 1 1 0 1 0]"
25,0.9998909404487818,"[1 1 1 1 1 1 1 1 1 1 1 1 1 1 1 1 0 1 0 0 1 0 0 1 0 0 0 0 0 1 0 0 1 1 1 1 1 0 1 0]"
25,0.2586899049335872,"[1 1 0 1 1 1 1 1 1 0 0 1 1 1 1 1 1 0 1 0 1 1 0 1 1 0 1 0 1 0 0 0 0 0 0 0 1 0 1 0]"
25,0.2630610811227299,"[1 1 0 1 1 1 1 1 1 1 1 1 1 1 1 1 1 0 1 0 1 1 1 1 0 0 0 1 1 1 0 0 1 1 1 1 1 0 1 0]"
25,0.9998361736205202,"[1 1 1 1 1 1 1 1 1 1 1 1 1 1 1 0 1 1 1 0 1 1 0 1 0 0 0 1 1 1 1 1 1 1 1 0 1 0 1 0]"
25,0.9949362658722861,"[1 1 1 1 1 1 1 1 1 1 0 1 1 1 1 0 1 0 1 1 1 1 0 1 0 0 0 0 1 0 1 0 1 1 1 1 1 1 1 0]"
25,0.7224861720735413,"[1 1 1 1 0 1 1 1 1 1 0 0 1 1 1 1 1 1 1 1 0 1 0 1 0 0 1 0 1 0 1 0 0 0 1 0 1 1 1 0]"
25,0.8540917440103922,"[1 1 1 1 1 0 1 1 1 1 1 1 1 1 1 0 0 1 1 1 1 1 1 1 0 0 0 0 1 1 0 0 1 1 0 1 1 0 1 0]"
25,0.9999815463875096,"[1 1 1 1 1 1 1 1 1 1 1 1 1 1 1 1 1 1 1 0 0 0 0 1 0 0 0 0 1 0 1 0 0 0 1 0 1 0 1 0]"
25,0.9950742956668518,"[1 1 1 1 1 1 1 1 1 1 0 1 1 1 1 1 1 0 1 0 0 1 0 1 1 0 1 0 1 0 1 0 0 0 0 1 1 0 1 0]"
25,0.9926602090125921,"[1 1 1 1 1 1 1 1 1 1 0 0 1 1 1 1 1 0 1 1 1 1 0 1 0 0 0 0 0 0 1 0 1 1 1 1 1 0 1 0]"
25,0.9949644903351634,"[1 1 1 1 1 1 1 1 1 1 0 1 1 1 1 0 1 1 1 0 1 1 0 0 1 0 0 1 1 1 0 0 1 0 1 0 1 0 1 0]"
25,0.998672305291126,"[1 1 1 1 1 1 1 1 1 1 1 1 0 1 1 1 0 1 0 0 1 0 1 1 0 0 1 0 1 0 1 0 0 1 1 1 1 0 1 0]"
25,0.9983507840775899,"[1 1 1 1 1 1 1 1 1 1 1 1 0 1 0 1 0 0 1 0 1 1 1 1 0 0 0 0 0 1 0 0 1 1 1 0 1 0 1 0]"
25,0.9568618667329989,"[1 1 1 1 1 1 1 0 1 1 0 1 1 1 1 1 1 0 1 0 0 1 0 1 1 0 1 0 1 0 1 0 0 0 0 1 1 0 1 0]"
25,0.9986722180839757,"[1 1 1 1 1 1 1 1 1 1 1 1 0 1 1 1 0 1 0 0 1 0 1 1 0 0 0 0 0 1 0 0 1 1 1 1 1 0 1 0]"
25,0.9951163413674451,"[1 1 1 1 1 1 1 1 1 1 0 1 1 1 1 1 1 1 1 0 1 1 0 0 1 0 0 0 0 1 0 0 1 0 1 0 1 1 1 0]"
25,0.9950740049049983,"[1 1 1 1 1 1 1 1 1 1 0 1 1 1 1 1 1 0 1 0 0 1 0 1 0 0 1 0 1 1 0 0 1 0 1 0 1 0 1 0]"
26,0.9975214344041559,"[1 1 1 1 1 1 1 1 1 1 1 0 1 1 1 1 1 0 1 1 1 1 0 1 0 0 0 0 0 0 1 0 1 1 1 1 1 0 1 0]"
26,0.9999815463875096,"[1 1 1 1 1 1 1 1 1 1 1 1 1 1 1 1 1 1 1 0 0 0 0 1 0 0 0 0 1 0 1 0 0 0 1 0 1 0 1 0]"
26,0.9982746245976517,"[1 1 1 1 1 1 1 1 1 1 1 1 0 1 0 0 1 0 1 0 1 1 1 1 0 0 0 0 1 1 0 0 1 1 1 0 1 0 1 0]"
26,0.9986913478632644,"[1 1 1 1 1 1 1 1 1 1 1 1 0 1 1 1 0 1 1 0 1 0 1 1 0 0 1 0 0 1 1 0 1 1 1 0 1 0 1 0]"
26,0.9999696276121854,"[1 1 1 1 1 1 1 1 1 1 1 1 1 1 1 1 1 1 0 0 1 1 0 1 0 0 0 0 1 0 1 0 1 1 1 1 1 0 1 0]"
26,0.9902588867217894,"[1 1 1 1 1 1 1 1 1 0 1 1 1 1 1 1 1 1 1 0 0 0 0 1 0 0 0 0 1 0 1 0 0 0 1 0 1 0 1 0]"
26,0.9983305673639629,"[1 1 1 1 1 1 1 1 1 1 1 1 0 1 0 1 0 0 0 0 1 1 0 1 0 0 0 0 1 1 0 0 1 1 1 0 1 0 1 0]"
26,0.5244523067038472,"[1 1 1 0 1 1 1 1 1 1 1 1 1 1 1 1 1 1 1 0 0 1 1 1 1 0 0 0 0 0 0 0 1 0 1 1 1 0 1 0]"
26,0.9998912012299138,"[1 1 1 1 1 1 1 1 1 1 1 1 1 1 1 1 0 1 0 0 1 0 0 1 0 1 1 1 0 1 0 0 1 1 1 1 1 1 1 0]"
26,0.9973882714960279,"[1 1 1 1 1 1 1 1 1 1 1 0 1 1 1 0 1 1 0 1 1 1 0 1 0 0 0 1 0 1 1 0 1 0 0 1 1 1 1 0]"
26,0.9998898084214779,"[1 1 1 1 1 1 1 1 1 1 1 1 1 1 1 1 0 1 0 0 0 1 1 1 0 0 0 1 1 1 1 0 1 0 1 1 1 0 1 0]"
26,0.9990366130832767,"[1 1 1 1 1 1 1 1 1 1 1 1 1 0 0 1 1 0 1 0 1 1 1 1 0 0 0 0 0 0 0 0 1 1 1 1 1 0 1 0]"
26,0.998748460025139,"[1 1 1 1 1 1 1 1 1 1 1 1 0 1 1 1 1 1 0 0 1 0 1 1 0 0 0 1 0 1 0 0 1 0 1 1 0 0 1 0]"
26,0.9967037867440344,"[1 1 1 1 1 1 1 1 1 1 1 0 1 0 1 0 0 1 0 1 1 1 0 1 1 0 1 0 0 1 1 0 1 1 0 1 1 1 1 0]"
26,0.9999648355167934,"[1 1 1 1 1 1 1 1 1 1 1 1 1 1 1 1 1 1 0 0 0 1 0 1 0 0 0 0 0 0 0 0 1 0 1 1 1 0 1 0]"
26,0.9998525184972714,"[1 1 1 1 1 1 1 1 1 1 1 1 1 1 1 1 0 0 0 0 1 0 0 0 1 0 0 0 1 1 0 0 1 1 1 1 1 0 0 0]"
26,0.9974061674348318,"[1 1 1 1 1 1 1 1 1 1 1 0 1 1 1 0 1 1 1 1 1 0 1 1 0 0 1 0 1 1 1 0 1 1 1 0 1 0 1 0]"
26,0.9998743111127716,"[1 1 1 1 1 1 1 1 1 1 1 1 1 1 1 1 0 0 1 0 1 1 0 1 0 0 0 1 1 1 0 1 1 1 1 1 1 0 1 0]"
26,0.9950032990210086,"[1 1 1 1 1 1 1 1 1 1 0 1 1 1 1 1 0 0 1 0 1 1 1 0 0 0 0 0 0 1 0 0 0 1 1 1 1 0 1 0]"
26,0.9615647756330382,"[1 1 1 1 1 1 1 0 1 1 1 1 1 1 1 1 1 0 1 0 0 1 0 1 0 0 1 0 1 0 1 0 1 0 0 0 1 0 0 0]"
26,0.9949362658722861,"[1 1 1 1 1 1 1 1 1 1 0 1 1 1 1 0 1 0 1 1 1 1 0 1 0 0 0 0 1 0 1 0 1 1 1 1 1 1 1 0]"
26,0.9999439967194736,"[1 1 1 1 1 1 1 1 1 1 1 1 1 1 1 1 1 0 1 0 0 0 1 0 0 0 0 0 1 0 1 0 0 0 1 0 1 0 1 0]"
26,0.9998361340451476,"[1 1 1 1 1 1 1 1 1 1 1 1 1 1 1 0 1 1 1 0 1 1 0 1 0 0 0 0 1 1 1 0 1 1 1 0 1 0 1 0]"
26,0.9926596747281039,"[1 1 1 1 1 1 1 1 1 1 0 0 1 1 1 1 1 0 1 1 1 1 0 0 0 0 0 1 1 0 1 1 1 1 1 1 1 0 1 0]"
26,0.9799902388197311,"[1 1 1 1 1 1 1 1 0 1 1 1 1 0 1 1 1 0 1 0 1 0 1 1 0 0 0 0 0 1 0 0 1 1 1 1 1 0 1 0]"
26,0.7238040526157202,"[1 1 1 1 0 1 1 1 1 1 0 1 1 0 1 1 1 0 0 0 0 1 0 1 0 0 1 0 1 1 0 0 1 0 1 0 1 0 1 0]"
26,0.9950988494556456,"[1 1 1 1 1 1 1 1 1 1 0 1 1 1 1 1 1 1 0 0 1 1 1 1 0 0 0 0 1 0 1 0 1 0 1 1 1 0 1 0]"
26,0.9999651521564925,"[1 1 1 1 1 1 1 1 1 1 1 1 1 1 1 1 1 1 0 0 0 1 0 1 1 0 0 0 1 0 0 0 1 0 1 1 1 0 1 0]"
26,0.99435707242129,"[1 1 1 1 1 1 1 1 1 1 0 1 1 0 1 0 1 1 1 0 1 1 0 0 1 0 0 1 1 1 0 0 1 0 1 0 0 0 1 0]"
26,0.9901324653485454,"[1 1 1 1 1 1 1 1 1 0 1 1 1 1 1 1 0 0 0 0 1 0 1 1 0 0 0 0 1 1 0 0 1 1 1 1 1 0 1 0]"
26,0.9877908447195899,"[1 1 1 1 1 1 1 1 1 0 1 0 1 1 1 1 1 0 0 0 1 0 1 1 0 0 0 0 0 1 0 0 1 1 1 1 0 0 1 0]"
26,0.9992832359740764,"[1 1 1 1 1 1 1 1 1 1 1 1 1 0 1 1 0 1 0 0 1 1 0 1 0 0 0 1 0 1 0 0 1 1 0 1 1 0 1 0]"
26,0.9979104643557289,"[1 1 1 1 1 1 1 1 1 1 1 1 0 0 1 0 0 1 0 0 1 0 1 1 0 0 0 0 1 0 1 0 0 1 0 0 1 0 1 0]"
26,0.9999882279540249,"[1 1 1 1 1 1 1 1 1 1 1 1 1 1 1 1 1 1 1 0 1 1 0 0 0 0 1 1 1 1 1 1 1 1 1 0 1 0 1 0]"
26,0.9853675281195398,"[1 1 1 1 1 1 1 1 1 0 0 1 1 1 1 1 0 1 1 1 0 1 1 1 1 0 0 1 1 1 1 1 1 1 1 0 1 1 0 0]"
26,0.8541435313377717,"[1 1 1 1 1 0 1 1 1 1 1 1 1 1 1 0 1 1 1 0 0 0 1 1 0 0 1 0 1 1 1 0 1 1 1 0 1 0 1 0]"
26,0.0009762773425779621,"[0 1 1 1 1 1 1 1 1 1 1 1 1 1 1 1 0 0 0 0 1 0 1 1 0 0 0 0 0 1 0 0 1 1 1 1 1 0 1 0]"
26,0.9245326638056397,"[1 1 1 1 1 1 0 1 1 1 1 1 1 1 1 1 1 1 0 0 0 1 0 1 1 0 0 0 1 0 0 0 1 0 1 1 1 0 1 0]"
26,0.9986925031967977,"[1 1 1 1 1 1 1 1 1 1 1 1 0 1 1 1 0 1 1 0 1 1 0 1 0 0 0 1 0 1 1 1 1 0 1 1 0 1 1 0]"
26,0.9998737151339089,"[1 1 1 1 1 1 1 1 1 1 1 1 1 1 1 1 0 0 1 0 1 1 0 0 0 0 0 1 1 1 0 1 1 1 1 1 1 0 1 0]"
26,0.9950783627551868,"[1 1 1 1 1 1 1 1 1 1 0 1 1 1 1 1 1 0 1 0 1 1 0 0 1 0 0 0 0 1 0 0 1 0 1 0 1 1 1 0]"
26,0.9951136697312158,"[1 1 1 1 1 1 1 1 1 1 0 1 1 1 1 1 1 1 1 0 1 0 0 0 0 0 0 0 0 1 0 0 0 0 1 0 0 1 1 1]"
26,0.9996594319693486,"[1 1 1 1 1 1 1 1 1 1 1 1 1 1 0 1 1 1 0 0 0 1 0 0 1 0 0 0 1 0 0 0 1 0 1 1 1 0 0 0]"
26,0.5243655126509753,"[1 1 1 0 1 1 1 1 1 1 1 1 1 1 1 0 1 1 1 0 0 0 1 1 0 0 1 0 1 1 1 0 1 1 1 0 1 0 1 1]"
26,0.727934072303778,"[1 1 1 1 0 1 1 1 1 1 1 1 1 1 1 1 1 0 1 0 0 0 1 0 0 0 0 0 1 0 1 0 0 0 0 0 1 0 1 0]"
26,0.9999660508549536,"[1 1 1 1 1 1 1 1 1 1 1 1 1 1 1 1 1 1 0 0 0 1 1 1 0 0 0 0 1 0 1 0 1 0 1 1 1 0 1 0]"
26,0.9926578405846224,"[1 1 1 1 1 1 1 1 1 1 0 0 1 1 1 1 1 0 1 1 1 0 0 1 0 0 0 0 0 0 1 0 1 1 1 1 1 0 1 0]"
26,0.9999663628385272,"[1 1 1 1 1 1 1 1 1 1 1 1 1 1 1 1 1 1 0 0 0 1 1 1 1 0 0 1 0 0 0 0 1 0 1 1 1 0 1 0]"
26,0.9949374316361717,"[1 1 1 1 1 1 1 1 1 1 0 1 1 1 1 0 1 0 1 1 1 1 1 1 0 0 0 0 0 0 0 1 1 1 1 1 1 0 1 0]"
26,0.9998738102198705,"[1 1 1 1 1 1 1 1 1 1 1 1 1 1 1 1 0 0 1 0 1 1 0 0 0 1 0 0 0 1 1 0 1 1 0 1 0 0 1 0]"
27,0.724278011490093,"[1 1 1 1 0 1 1 1 1 1 0 1 1 1 1 1 1 0 1 0 1 1 0 0 1 0 0 0 0 1 0 0 1 0 1 0 1 1 1 0]"
27,0.9996594319693486,"[1 1 1 1 1 1 1 1 1 1 1 1 1 1 0 1 1 1 0 0 0 1 0 0 1 0 0 0 1 0 0 0 1 0 1 1 1 0 0 0]"
27,0.9992796850217139,"[1 1 1 1 1 1 1 1 1 1 1 1 1 0 1 1 0 1 0 0 0 1 1 1 0 0 0 1 1 1 1 0 1 0 1 1 1 1 1 0]"
27,0.9999124544249922,"[1 1 1 1 1 1 1 1 1 1 1 1 1 1 1 1 0 1 1 0 1 1 0 1 0 0 0 1 1 1 0 1 1 1 1 1 1 0 1 0]"
27,0.724304539415891,"[1 1 1 1 0 1 1 1 1 1 0 1 1 1 1 1 1 1 1 0 1 0 0 0 0 0 0 0 0 1 0 0 0 0 1 0 0 0 0 1]"
27,0.9998738102198705,"[1 1 1 1 1 1 1 1 1 1 1 1 1 1 1 1 0 0 1 0 1 1 0 0 0 1 0 0 0 1 1 0 1 1 0 1 0 0 1 0]"
27,0.9979057049626133,"[1 1 1 1 1 1 1 1 1 1 1 1 0 0 1 0 0 1 0 0 0 0 1 1 0 0 0 0 1 0 1 0 0 1 0 0 1 0 1 0]"
27,0.9556558259205514,"[1 1 1 1 1 1 1 0 1 1 0 1 0 1 1 1 0 1 1 0 1 0 1 1 0 0 1 0 0 1 1 0 1 1 1 0 1 0 1 0]"
27,0.9799902388197311,"[1 1 1 1 1 1 1 1 0 1 1 1 1 0 1 1 1 0 1 0 1 0 1 1 0 0 0 0 0 1 0 0 1 1 1 1 1 0 1 0]"
27,0.9998743111127716,"[1 1 1 1 1 1 1 1 1 1 1 1 1 1 1 1 0 0 1 0 1 1 0 1 0 0 0 1 1 1 0 1 1 1 1 1 1 0 1 0]"
27,0.7279340729598542,"[1 1 1 1 0 1 1 1 1 1 1 1 1 1 1 1 1 0 1 0 0 0 1 0 0 0 0 0 1 0 1 0 0 1 1 0 1 0 1 0]"
27,0.9962566477116607,"[1 1 1 1 1 1 1 1 1 1 1 0 0 1 1 1 0 1 1 0 1 1 0 1 0 0 0 1 0 1 1 1 1 0 1 1 0 1 1 0]"
27,0.9615320270795374,"[1 1 1 1 1 1 1 0 1 1 1 1 1 1 1 1 0 1 1 0 1 1 0 0 0 0 1 1 1 1 1 1 1 1 1 0 1 0 1 0]"
27,0.9982746245250051,"[1 1 1 1 1 1 1 1 1 1 1 1 0 1 0 0 1 0 1 0 1 1 1 1 0 0 0 0 1 1 0 0 1 1 1 0 0 0 1 0]"
27,0.9995310474993305,"[1 1 1 1 1 1 1 1 1 1 1 1 1 1 0 0 1 1 1 0 1 1 0 1 0 0 0 0 1 1 1 1 1 1 1 0 1 0 1 0]"
27,0.9985793683045511,"[1 1 1 1 1 1 1 1 1 1 1 1 0 1 1 0 1 0 1 0 1 1 1 1 0 0 0 0 1 1 0 0 1 1 1 0 1 0 1 0]"
27,0.9975214343860066,"[1 1 1 1 1 1 1 1 1 1 1 0 1 1 1 1 1 0 1 1 1 1 0 1 0 0 0 0 0 0 1 0 1 1 1 1 1 0 0 0]"
27,0.9973882714960279,"[1 1 1 1 1 1 1 1 1 1 1 0 1 1 1 0 1 1 0 1 1 1 0 1 0 0 0 1 0 1 1 0 1 0 0 1 1 1 1 0]"
27,0.05594424830555569,"[1 0 1 1 1 1 1 1 1 1 0 1 1 1 1 1 1 0 1 0 1 1 0 0 1 0 0 0 0 1 0 0 1 0 1 0 1 1 1 0]"
27,0.9998737151339089,"[1 1 1 1 1 1 1 1 1 1 1 1 1 1 1 1 0 0 1 0 1 1 0 0 0 0 0 1 1 1 0 1 1 1 1 1 1 0 1 0]"
27,0.9986913478632644,"[1 1 1 1 1 1 1 1 1 1 1 1 0 1 1 1 0 1 1 0 1 0 1 1 0 0 1 0 0 1 1 0 1 1 1 0 1 0 1 0]"
27,0.9998911633986396,"[1 1 1 1 1 1 1 1 1 1 1 1 1 1 1 1 0 1 0 0 1 0 0 1 0 1 1 0 0 1 0 0 1 0 1 1 1 1 1 0]"
27,0.9967037867440344,"[1 1 1 1 1 1 1 1 1 1 1 0 1 0 1 0 0 1 0 1 1 1 0 1 1 0 1 0 0 1 1 0 1 1 0 1 1 1 1 0]"
27,0.9999882279540249,"[1 1 1 1 1 1 1 1 1 1 1 1 1 1 1 1 1 1 1 0 1 1 0 0 0 0 1 1 1 1 1 1 1 1 1 0 1 0 1 0]"
27,0.9975119189781758,"[1 1 1 1 1 1 1 1 1 1 1 0 1 1 1 1 1 0 1 0 1 1 0 1 0 0 0 0 0 0 1 0 1 1 1 1 1 0 1 0]"
27,0.9999910830132117,"[1 1 1 1 1 1 1 1 1 1 1 1 1 1 1 1 1 1 1 1 0 0 0 1 0 0 0 0 1 0 1 0 0 0 1 0 1 0 1 0]"
27,0.9980651696992044,"[1 1 1 1 1 1 1 1 1 1 1 1 0 0 1 1 0 1 0 0 1 1 1 1 0 0 0 1 0 0 0 0 0 1 0 0 1 0 1 0]"
27,0.9803848627179201,"[1 1 1 1 1 1 1 1 0 1 1 1 1 1 1 0 0 1 0 0 1 1 0 1 0 0 0 1 1 1 1 0 1 1 0 1 1 0 1 0]"
27,0.9999696276121854,"[1 1 1 1 1 1 1 1 1 1 1 1 1 1 1 1 1 1 0 0 1 1 0 1 0 0 0 0 1 0 1 0 1 1 1 1 1 0 1 0]"
27,0.9937219338687138,"[1 1 1 1 1 1 1 1 1 1 0 1 0 1 1 0 1 0 1 1 1 1 0 1 0 1 0 0 0 1 1 0 1 1 1 1 1 1 1 0]"
27,0.9999696276121854,"[1 1 1 1 1 1 1 1 1 1 1 1 1 1 1 1 1 1 0 0 1 1 0 1 0 0 0 0 1 0 1 0 1 1 1 1 1 0 1 0]"
27,0.9999663255867526,"[1 1 1 1 1 1 1 1 1 1 1 1 1 1 1 1 1 1 0 0 0 1 1 1 1 0 0 0 0 0 0 0 1 0 1 1 1 0 1 0]"
27,0.7170174713004884,"[1 1 1 1 0 1 1 1 1 0 0 1 1 1 1 1 1 1 0 0 0 1 1 0 0 0 0 1 1 0 1 0 0 0 1 1 1 0 1 0]"
27,0.9999494365465823,"[1 1 1 1 1 1 1 1 1 1 1 1 1 1 1 1 1 0 1 0 1 0 1 1 0 0 1 0 1 0 1 0 1 0 1 0 1 0 1 0]"
27,0.9999663628385272,"[1 1 1 1 1 1 1 1 1 1 1 1 1 1 1 1 1 1 0 0 0 1 1 1 1 0 0 1 0 0 0 0 1 0 1 1 1 0 1 0]"
27,0.9902588867217894,"[1 1 1 1 1 1 1 1 1 0 1 1 1 1 1 1 1 1 1 0 0 0 0 1 0 0 0 0 1 0 1 0 0 0 1 0 1 0 1 0]"
27,0.9950033001799253,"[1 1 1 1 1 1 1 1 1 1 0 1 1 1 1 1 0 0 1 0 1 1 1 0 0 0 0 0 0 1 0 0 1 1 1 1 1 0 1 0]"
27,0.9973882714960279,"[1 1 1 1 1 1 1 1 1 1 1 0 1 1 1 0 1 1 0 1 1 1 0 1 0 0 0 1 0 1 1 0 1 0 0 1 1 1 1 0]"
27,0.0009666949420855564,"[0 1 1 1 1 1 1 1 1 1 0 1 1 1 1 0 1 0 1 1 1 1 0 1 0 0 0 0 1 0 1 0 1 1 1 1 1 1 1 0]"
27,0.9998743111127716,"[1 1 1 1 1 1 1 1 1 1 1 1 1 1 1 1 0 0 1 0 1 1 0 1 0 0 0 1 1 1 0 1 1 1 1 1 1 0 1 0]"
27,0.9918650902668096,"[1 1 1 1 1 1 1 1 1 1 0 0 1 0 1 0 0 1 1 1 1 1 0 1 1 0 1 0 1 0 1 0 0 1 0 1 1 1 1 0]"
27,0.9999624826945761,"[1 1 1 1 1 1 1 1 1 1 1 1 1 1 1 1 1 1 0 0 0 0 0 1 0 0 0 0 1 1 1 0 0 0 1 0 1 0 1 0]"
27,0.9986877404469713,"[1 1 1 1 1 1 1 1 1 1 1 1 0 1 1 1 0 1 1 0 0 1 0 1 0 0 0 1 0 1 1 1 1 0 1 1 0 1 1 0]"
27,0.9992831987815627,"[1 1 1 1 1 1 1 1 1 1 1 1 1 0 1 1 0 1 0 0 1 1 0 1 0 0 0 0 0 1 0 0 1 1 0 1 1 1 1 0]"
27,0.9930475323057052,"[1 1 1 1 1 1 1 1 1 1 0 1 0 0 1 0 0 1 0 0 1 0 1 1 0 0 0 0 1 0 1 0 0 1 0 0 1 0 1 0]"
27,0.9999648354531308,"[1 1 1 1 1 1 1 1 1 1 1 1 1 1 1 1 1 1 0 0 0 1 0 1 0 0 0 0 0 0 0 0 1 0 1 1 0 0 1 1]"
27,0.9998373259628719,"[1 1 1 1 1 1 1 1 1 1 1 1 1 1 1 0 1 1 1 0 1 1 1 1 0 0 0 0 1 1 1 0 1 1 1 0 1 0 1 0]"
27,0.9998738288442067,"[1 1 1 1 1 1 1 1 1 1 1 1 1 1 1 1 0 0 1 0 1 1 0 0 0 1 0 0 1 1 1 0 1 1 0 1 0 0 1 0]"
27,0.9998361340451476,"[1 1 1 1 1 1 1 1 1 1 1 1 1 1 1 0 1 1 1 0 1 1 0 1 0 0 0 0 1 1 1 0 1 1 1 0 1 0 1 0]"
27,0.7205435281565097,"[1 1 1 1 0 1 1 1 1 0 1 1 1 1 1 0 1 1 1 0 0 0 0 1 0 0 0 0 1 0 1 0 0 0 1 0 1 0 1 0]"
28,0.9998739033415548,"[1 1 1 1 1 1 1 1 1 1 1 1 1 1 1 1 0 0 1 0 1 1 0 0 0 1 1 0 1 1 1 0 1 1 0 1 0 0 1 0]"
28,0.2616076799174928,"[1 1 0 1 1 1 1 1 1 1 0 1 1 1 1 1 1 1 1 0 1 1 0 0 0 0 1 1 1 1 1 1 1 1 1 0 1 0 1 0]"
28,0.9805155315186097,"[1 1 1 1 1 1 1 1 0 1 1 1 1 1 1 1 0 0 1 0 1 1 0 0 0 1 0 0 0 1 1 0 1 1 0 1 0 0 1 0]"
28,0.9999910830132117,"[1 1 1 1 1 1 1 1 1 1 1 1 1 1 1 1 1 1 1 1 0 0 0 1 0 0 0 0 1 0 1 0 0 0 1 0 1 0 1 0]"
28,0.9999494362646518,"[1 1 1 1 1 1 1 1 1 1 1 1 1 1 1 1 1 0 1 0 1 0 1 1 0 0 1 0 1 0 1 0 1 0 0 0 1 0 1 1]"
28,0.9999663626930124,"[1 1 1 1 1 1 1 1 1 1 1 1 1 1 1 1 1 1 0 0 0 1 1 1 1 0 0 1 0 0 0 0 1 0 1 0 1 0 1 0]"
28,0.9999663628385272,"[1 1 1 1 1 1 1 1 1 1 1 1 1 1 1 1 1 1 0 0 0 1 1 1 1 0 0 1 0 0 0 0 1 0 1 1 1 0 1 0]"
28,0.9999696273211551,"[1 1 1 1 1 1 1 1 1 1 1 1 1 1 1 1 1 1 0 0 1 1 0 1 0 0 0 0 1 0 1 0 1 1 0 1 1 0 1 0]"
28,0.26306537296045135,"[1 1 0 1 1 1 1 1 1 1 1 1 1 1 1 1 1 1 0 0 0 1 1 1 0 0 0 1 0 0 0 0 0 0 1 1 1 0 1 0]"
28,0.3735960127212371,"[1 1 1 0 0 1 1 1 1 1 1 1 1 1 1 0 1 1 1 0 1 1 1 1 0 0 0 0 1 1 1 0 1 1 1 0 1 0 1 0]"
28,0.9996594319693486,"[1 1 1 1 1 1 1 1 1 1 1 1 1 1 0 1 1 1 0 0 0 1 0 0 1 0 0 0 1 0 0 0 1 0 1 1 1 0 0 0]"
28,0.9905862490668395,"[1 1 1 1 1 1 1 1 1 1 0 0 0 0 1 0 0 0 0 0 1 0 1 1 0 0 0 0 1 0 1 0 0 1 0 0 1 0 1 0]"
28,0.9997386006395992,"[1 1 1 1 1 1 1 1 1 1 1 1 1 1 1 0 0 1 0 0 1 0 0 1 0 1 1 0 0 1 0 0 1 0 0 1 1 1 1 0]"
28,0.9998373259628719,"[1 1 1 1 1 1 1 1 1 1 1 1 1 1 1 0 1 1 1 0 1 1 1 1 0 0 0 0 1 1 1 0 1 1 1 0 1 0 1 0]"
28,0.9936542301648006,"[1 1 1 1 1 1 1 1 1 1 0 1 0 1 1 0 0 1 0 0 1 0 1 1 0 0 0 0 1 0 1 0 0 1 0 0 1 0 1 0]"
28,0.9993392803634873,"[1 1 1 1 1 1 1 1 1 1 1 1 1 0 1 1 1 0 1 0 1 0 1 1 0 0 1 0 1 0 1 0 1 0 1 0 1 0 1 0]"
28,0.9998361340451476,"[1 1 1 1 1 1 1 1 1 1 1 1 1 1 1 0 1 1 1 0 1 1 0 1 0 0 0 0 1 1 1 0 1 1 1 0 1 0 1 0]"
28,0.9999696276121854,"[1 1 1 1 1 1 1 1 1 1 1 1 1 1 1 1 1 1 0 0 1 1 0 1 0 0 0 0 1 0 1 0 1 1 1 1 1 0 1 0]"
28,0.9999699070013556,"[1 1 1 1 1 1 1 1 1 1 1 1 1 1 1 1 1 1 0 0 1 1 0 1 1 0 0 0 0 0 1 0 1 1 1 1 1 0 1 0]"
28,0.9999663255867526,"[1 1 1 1 1 1 1 1 1 1 1 1 1 1 1 1 1 1 0 0 0 1 1 1 1 0 0 0 0 0 0 0 1 0 1 1 1 0 1 0]"
28,0.9998912006478942,"[1 1 1 1 1 1 1 1 1 1 1 1 1 1 1 1 0 1 0 0 1 0 0 1 0 1 1 1 0 1 0 0 1 0 1 1 1 1 1 0]"
28,0.5134990230088514,"[1 1 1 0 1 1 1 1 0 1 1 1 1 1 1 0 0 1 0 1 1 1 0 1 0 0 0 1 1 1 1 0 1 1 0 1 1 0 1 0]"
28,0.9993023185519646,"[1 1 1 1 1 1 1 1 1 1 1 1 1 0 1 1 0 1 1 0 1 1 0 1 0 0 0 1 1 1 0 1 1 1 1 1 1 0 1 0]"
28,0.9975214344041559,"[1 1 1 1 1 1 1 1 1 1 1 0 1 1 1 1 1 0 1 1 1 1 0 1 0 0 0 0 0 0 1 0 1 1 1 1 1 0 1 0]"
28,0.9997968666583076,"[1 1 1 1 1 1 1 1 1 1 1 1 1 1 1 0 1 0 1 0 1 0 1 1 0 0 1 0 1 0 1 0 1 1 1 0 1 0 1 0]"
28,0.9999887093263848,"[1 1 1 1 1 1 1 1 1 1 1 1 1 1 1 1 1 1 1 0 1 1 0 1 0 0 0 0 1 1 1 0 1 0 1 0 1 0 1 0]"
28,0.9890495558394649,"[1 1 1 1 1 1 1 1 1 0 1 1 0 1 1 1 1 1 1 0 0 0 0 1 0 0 0 0 1 0 1 0 0 0 1 0 1 0 1 0]"
28,0.2601486688373955,"[1 1 0 1 1 1 1 1 1 0 1 1 1 1 1 1 1 1 1 0 0 0 0 1 0 0 0 0 0 0 1 0 0 0 1 0 1 0 1 0]"
28,0.98053257287988,"[1 1 1 1 1 1 1 1 0 1 1 1 1 1 1 1 0 1 0 0 1 0 0 1 0 1 1 0 0 0 0 0 1 0 1 1 1 1 1 0]"
28,0.9982740201056028,"[1 1 1 1 1 1 1 1 1 1 1 1 0 1 0 0 1 0 1 0 1 1 1 0 0 0 0 0 1 0 0 0 1 1 1 0 0 0 1 0]"
28,0.8536657268910183,"[1 1 1 1 1 0 1 1 1 1 1 1 1 0 1 1 0 1 0 0 0 1 1 1 0 0 0 1 1 1 1 0 1 0 1 1 1 1 1 0]"
28,0.9986877404469713,"[1 1 1 1 1 1 1 1 1 1 1 1 0 1 1 1 0 1 1 0 0 1 0 1 0 0 0 1 0 1 1 1 1 0 1 1 0 1 1 0]"
28,0.262648491187319,"[1 1 0 1 1 1 1 1 1 1 1 1 0 1 1 0 1 0 1 0 1 1 1 1 0 0 0 0 1 1 0 0 1 1 1 0 1 0 1 0]"
28,0.9411068836103191,"[1 1 1 1 1 1 1 0 0 1 1 1 0 0 1 1 0 1 1 0 1 0 0 1 0 0 1 0 0 1 1 0 1 1 1 0 1 0 0 0]"
28,0.6061444519087981,"[1 1 1 1 0 0 1 1 0 1 1 1 1 1 1 1 1 1 0 0 1 1 0 1 0 0 0 0 1 0 1 0 1 1 1 0 0 0 1 0]"
28,0.9232235839924063,"[1 1 1 1 1 1 0 1 1 1 1 1 0 1 1 0 1 0 0 0 1 1 1 1 0 0 0 0 1 1 0 0 1 1 1 0 1 0 1 0]"
28,0.9967801070430727,"[1 1 1 1 1 1 1 1 1 1 1 0 1 0 1 0 1 1 0 1 1 1 1 0 0 0 0 1 0 0 1 0 1 0 0 1 1 0 1 0]"
28,0.9983686658438125,"[1 1 1 1 1 1 1 1 1 1 1 1 0 1 0 1 0 1 0 0 1 1 0 1 0 0 0 1 0 0 0 0 0 1 1 0 1 1 1 0]"
28,0.726908631857687,"[1 1 1 1 0 1 1 1 1 1 1 1 0 1 1 0 1 0 1 0 1 1 1 1 0 0 0 0 1 1 0 0 1 1 1 0 1 0 1 0]"
28,0.9999882278812661,"[1 1 1 1 1 1 1 1 1 1 1 1 1 1 1 1 1 1 1 0 1 1 0 0 0 0 1 1 1 1 1 1 1 1 1 0 0 0 1 0]"
28,0.9804404511976327,"[1 1 1 1 1 1 1 1 0 1 1 1 1 1 1 0 1 0 1 0 1 1 0 0 0 0 0 0 1 1 1 0 1 1 0 0 1 0 1 0]"
28,0.9999107571518779,"[1 1 1 1 1 1 1 1 1 1 1 1 1 1 1 1 0 1 1 0 1 0 1 0 0 1 0 0 0 1 0 0 1 1 1 1 0 0 1 0]"
28,0.9986515347036654,"[1 1 1 1 1 1 1 1 1 1 1 1 0 1 1 1 0 0 1 0 1 0 0 0 0 1 0 0 0 1 1 0 1 1 0 1 0 0 1 0]"
28,0.9999624826945761,"[1 1 1 1 1 1 1 1 1 1 1 1 1 1 1 1 1 1 0 0 0 0 0 1 0 0 0 0 1 1 1 0 0 0 1 0 1 0 1 0]"
28,0.9998737523825785,"[1 1 1 1 1 1 1 1 1 1 1 1 1 1 1 1 0 0 1 0 1 1 0 0 0 0 1 0 1 1 0 1 1 1 1 1 1 0 1 0]"
28,0.999948207257408,"[1 1 1 1 1 1 1 1 1 1 1 1 1 1 1 1 1 0 1 0 1 0 0 1 0 0 0 1 1 0 1 0 1 0 1 0 1 0 1 0]"
28,0.9999494365465823,"[1 1 1 1 1 1 1 1 1 1 1 1 1 1 1 1 1 0 1 0 1 0 1 1 0 0 1 0 1 0 1 0 1 0 1 0 1 0 1 0]"
28,0.9999696276212802,"[1 1 1 1 1 1 1 1 1 1 1 1 1 1 1 1 1 1 0 0 1 1 0 1 0 0 0 0 1 0 1 0 1 1 1 1 1 0 1 1]"
28,0.9961437611255621,"[1 1 1 1 1 1 1 1 1 1 1 0 0 1 1 0 1 0 1 0 1 1 1 1 0 0 0 0 1 1 0 0 1 1 1 0 0 0 1 0]"
28,0.9946995388652751,"[1 1 1 1 1 1 1 1 1 1 0 1 1 1 0 1 0 0 1 0 1 1 1 0 0 0 0 0 0 1 0 0 1 1 1 1 1 0 1 0]"
29,0.9568847115147497,"[1 1 1 1 1 1 1 0 1 1 0 1 1 1 1 1 1 1 0 0 1 1 0 1 1 0 0 0 1 0 1 0 1 1 1 1 1 0 1 0]"
29,0.9998361340451476,"[1 1 1 1 1 1 1 1 1 1 1 1 1 1 1 0 1 1 1 0 1 1 0 1 0 0 0 0 1 1 1 0 1 1 1 0 1 0 1 0]"
29,0.9936542301648006,"[1 1 1 1 1 1 1 1 1 1 0 1 0 1 1 0 0 1 0 0 1 0 1 1 0 0 0 0 1 0 1 0 0 1 0 0 1 0 1 0]"
29,0.9993392152096768,"[1 1 1 1 1 1 1 1 1 1 1 1 1 0 1 1 1 0 1 0 1 0 1 1 0 0 0 0 1 1 1 0 1 0 1 0 1 0 1 0]"
29,0.9999887494892634,"[1 1 1 1 1 1 1 1 1 1 1 1 1 1 1 1 1 1 1 0 1 1 0 1 0 0 0 1 1 1 1 1 1 1 1 0 1 0 1 0]"
29,0.9999904868989483,"[1 1 1 1 1 1 1 1 1 1 1 1 1 1 1 1 1 1 1 1 0 0 0 0 0 0 0 0 1 0 1 0 0 0 1 0 0 0 1 0]"
29,0.0009388739207860676,"[0 1 1 1 1 1 1 1 0 1 1 1 1 1 1 1 0 1 0 0 1 0 0 1 0 1 1 0 0 0 0 0 1 0 1 1 1 1 1 0]"
29,0.5134990230088514,"[1 1 1 0 1 1 1 1 0 1 1 1 1 1 1 0 0 1 0 1 1 1 0 1 0 0 0 1 1 1 1 0 1 1 0 1 1 0 1 0]"
29,0.9999910783566361,"[1 1 1 1 1 1 1 1 1 1 1 1 1 1 1 1 1 1 1 1 0 0 0 1 0 0 0 0 1 0 0 0 0 0 1 0 1 0 1 0]"
29,0.9209518431570002,"[1 1 1 1 1 1 0 1 1 1 1 0 0 1 1 0 1 0 0 0 1 0 1 1 0 0 0 0 1 1 0 0 1 1 1 0 1 0 1 0]"
29,0.9982743176658828,"[1 1 1 1 1 1 1 1 1 1 1 1 0 1 0 0 1 0 1 0 1 1 1 0 1 0 0 0 1 0 0 0 1 1 1 0 0 0 1 0]"
29,0.9999887093263848,"[1 1 1 1 1 1 1 1 1 1 1 1 1 1 1 1 1 1 1 0 1 1 0 1 0 0 0 0 1 1 1 0 1 0 1 0 1 0 1 0]"
29,0.9804808450165882,"[1 1 1 1 1 1 1 1 0 1 1 1 1 1 1 0 1 1 1 1 0 0 0 1 0 0 0 0 1 0 1 0 1 0 1 0 1 0 1 0]"
29,0.2630714645469881,"[1 1 0 1 1 1 1 1 1 1 1 1 1 1 1 1 1 1 1 0 1 0 0 1 0 0 0 0 1 1 1 0 0 1 1 0 1 0 1 0]"
29,0.9999696276212802,"[1 1 1 1 1 1 1 1 1 1 1 1 1 1 1 1 1 1 0 0 1 1 0 1 0 0 0 0 1 0 1 0 1 1 1 1 1 0 1 1]"
29,0.26233049491527344,"[1 1 0 1 1 1 1 1 1 1 1 0 1 1 1 1 1 0 1 1 1 1 0 1 0 0 0 0 0 0 1 0 1 1 1 1 1 0 1 0]"
29,0.9946995574028472,"[1 1 1 1 1 1 1 1 1 1 0 1 1 1 0 1 0 0 1 0 1 1 1 0 0 0 0 0 1 1 0 0 1 1 1 1 1 0 1 0]"
29,0.9999494365465823,"[1 1 1 1 1 1 1 1 1 1 1 1 1 1 1 1 1 0 1 0 1 0 1 1 0 0 1 0 1 0 1 0 1 0 1 0 1 0 1 0]"
29,0.9999887093263848,"[1 1 1 1 1 1 1 1 1 1 1 1 1 1 1 1 1 1 1 0 1 1 0 1 0 0 0 0 1 1 1 0 1 0 1 0 1 0 1 0]"
29,0.5226593622136257,"[1 1 1 0 1 1 1 1 1 1 1 0 1 0 1 0 1 1 0 1 1 1 1 0 0 0 0 1 0 0 1 0 1 0 0 1 1 0 1 0]"
29,0.9999696273211551,"[1 1 1 1 1 1 1 1 1 1 1 1 1 1 1 1 1 1 0 0 1 1 0 1 0 0 0 0 1 0 1 0 1 1 0 1 1 0 1 0]"
29,0.9997968666583076,"[1 1 1 1 1 1 1 1 1 1 1 1 1 1 1 0 1 0 1 0 1 0 1 1 0 0 1 0 1 0 1 0 1 1 1 0 1 0 1 0]"
29,0.9999882174039982,"[1 1 1 1 1 1 1 1 1 1 1 1 1 1 1 1 1 1 1 0 1 1 0 0 0 0 1 1 1 0 1 1 0 1 1 0 0 0 1 0]"
29,0.9999882232247026,"[1 1 1 1 1 1 1 1 1 1 1 1 1 1 1 1 1 1 1 0 1 1 0 0 0 0 1 1 1 1 0 1 1 1 1 0 0 0 1 0]"
29,0.9999696276212802,"[1 1 1 1 1 1 1 1 1 1 1 1 1 1 1 1 1 1 0 0 1 1 0 1 0 0 0 0 1 0 1 0 1 1 1 1 1 0 1 1]"
29,0.9609435090861227,"[1 1 1 1 1 1 1 0 1 1 1 1 1 0 1 1 0 1 1 0 1 1 0 1 0 0 0 1 1 1 0 1 1 1 1 1 1 0 1 0]"
29,0.726908631857687,"[1 1 1 1 0 1 1 1 1 1 1 1 0 1 1 0 1 0 1 0 1 1 1 1 0 0 0 0 1 1 0 0 1 1 1 0 1 0 1 0]"
29,0.9999282176755251,"[1 1 1 1 1 1 1 1 1 1 1 1 1 1 1 1 1 0 0 0 0 1 1 1 1 0 0 1 0 0 0 0 1 0 1 1 1 0 1 0]"
29,0.9975119190144741,"[1 1 1 1 1 1 1 1 1 1 1 0 1 1 1 1 1 0 1 0 1 1 0 1 0 0 0 0 0 0 1 0 1 1 1 1 1 1 1 0]"
29,0.9215558683764418,"[1 1 1 1 1 1 0 1 1 1 1 0 1 0 1 0 1 1 0 0 1 1 1 0 0 0 0 1 0 0 1 0 1 0 0 1 1 0 1 0]"
29,0.9899395924040549,"[1 1 1 1 1 1 1 1 1 0 1 1 1 1 0 1 1 1 0 0 0 1 0 0 1 0 0 0 1 0 0 0 1 0 1 1 1 0 0 0]"
29,0.9805325734517483,"[1 1 1 1 1 1 1 1 0 1 1 1 1 1 1 1 0 1 0 0 1 0 0 1 0 1 1 0 0 0 0 0 1 1 1 1 1 1 1 0]"
29,0.9245301762810654,"[1 1 1 1 1 1 0 1 1 1 1 1 1 1 1 1 1 1 0 0 0 0 0 1 0 0 0 0 1 1 1 0 0 0 1 0 1 0 1 0]"
29,0.726908631857687,"[1 1 1 1 0 1 1 1 1 1 1 1 0 1 1 0 1 0 1 0 1 1 1 1 0 0 0 0 1 1 0 0 1 1 1 0 1 0 1 0]"
29,0.9997386006395992,"[1 1 1 1 1 1 1 1 1 1 1 1 1 1 1 0 0 1 0 0 1 0 0 1 0 1 1 0 0 1 0 0 1 0 0 1 1 1 1 0]"
29,0.9998373259628719,"[1 1 1 1 1 1 1 1 1 1 1 1 1 1 1 0 1 1 1 0 1 1 1 1 0 0 0 0 1 1 1 0 1 1 1 0 1 0 1 0]"
29,0.37359601082028954,"[1 1 1 0 0 1 1 1 1 1 1 1 1 1 1 0 1 1 1 0 1 1 1 1 0 0 0 0 1 1 0 0 1 1 1 0 1 1 1 1]"
29,0.9411068747922158,"[1 1 1 1 1 1 1 0 0 1 1 1 0 0 1 1 0 1 1 0 1 0 0 1 0 0 1 0 0 0 1 0 1 1 1 0 1 0 0 0]"
29,0.9987294589976746,"[1 1 1 1 1 1 1 1 1 1 1 1 0 1 1 1 1 0 1 0 1 0 1 1 0 0 1 0 1 0 1 0 1 0 0 0 1 0 1 1]"
29,0.9999494365465823,"[1 1 1 1 1 1 1 1 1 1 1 1 1 1 1 1 1 0 1 0 1 0 1 1 0 0 1 0 1 0 1 0 1 0 1 0 1 0 1 0]"
29,0.9936543042449567,"[1 1 1 1 1 1 1 1 1 1 0 1 0 1 1 0 0 1 0 0 1 0 1 1 0 0 1 0 1 0 1 0 0 1 0 0 1 0 1 0]"
29,0.9986877404469713,"[1 1 1 1 1 1 1 1 1 1 1 1 0 1 1 1 0 1 1 0 0 1 0 1 0 0 0 1 0 1 1 1 1 0 1 1 0 1 1 0]"
29,0.9999124541339769,"[1 1 1 1 1 1 1 1 1 1 1 1 1 1 1 1 0 1 1 0 1 1 0 1 0 0 0 1 1 1 0 1 1 1 0 1 1 0 1 0]"
29,0.9998373259628719,"[1 1 1 1 1 1 1 1 1 1 1 1 1 1 1 0 1 1 1 0 1 1 1 1 0 0 0 0 1 1 1 0 1 1 1 0 1 0 1 0]"
29,0.999986325167379,"[1 1 1 1 1 1 1 1 1 1 1 1 1 1 1 1 1 1 1 0 1 0 0 1 0 0 0 0 1 1 1 0 1 0 1 0 1 0 1 0]"
29,0.0009575837848767916,"[0 1 1 1 1 1 1 1 1 0 1 1 1 1 1 1 1 1 0 0 0 0 0 1 0 0 0 0 1 1 1 0 0 0 1 0 1 0 1 1]"
29,0.9999663626930124,"[1 1 1 1 1 1 1 1 1 1 1 1 1 1 1 1 1 1 0 0 0 1 1 1 1 0 0 1 0 0 0 0 1 0 1 0 1 0 1 0]"
29,0.9999708149984544,"[1 1 1 1 1 1 1 1 1 1 1 1 1 1 1 1 1 1 0 0 1 1 1 1 0 0 0 0 1 0 0 0 1 1 1 1 1 0 0 0]"
29,0.9999663255867526,"[1 1 1 1 1 1 1 1 1 1 1 1 1 1 1 1 1 1 0 0 0 1 1 1 1 0 0 0 0 0 0 0 1 0 1 1 1 0 1 0]"
29,0.9901520364395133,"[1 1 1 1 1 1 1 1 1 0 1 1 1 1 1 1 0 0 1 0 1 1 0 0 0 0 1 0 1 1 0 1 1 1 1 1 1 0 1 0]"
